1341846313.592026 0.000000000 0.000000000 0.000000000 0.000000000 0.000000000 0.000000000 1.000000000
1341846313.654184 0.007754475 -0.002762970 -0.001375375 -0.001320530 -0.003408143 0.005805379 0.999976456
1341846313.686156 0.014231893 -0.000269613 0.002817627 0.000179107 -0.005553552 0.004727013 0.999973357
1341846313.721918 0.020601412 0.004088356 -0.000862917 0.000602462 -0.006666680 0.005577825 0.999962032
1341846313.753994 0.030300289 0.000122312 0.002718141 -0.000436552 -0.007702569 0.007060634 0.999945283
1341846313.789969 0.037944626 0.000472259 0.000550431 0.000742759 -0.008468185 0.005574100 0.999948323
1341846313.822075 0.048443142 0.007342000 -0.000959596 0.001549590 -0.008007567 0.004624041 0.999956071
1341846313.853928 0.057132874 0.003805113 0.002175797 0.000414531 -0.006344015 0.003921760 0.999972105
1341846313.890011 0.059674837 0.008784416 0.000708278 0.000831495 -0.004075745 0.004580778 0.999980867
1341846313.922055 0.068173677 0.012299070 -0.000839069 -0.000881535 -0.004294152 0.005414532 0.999975741
1341846313.957927 0.099695131 0.012168772 0.006406204 -0.003036395 -0.003447716 0.006411417 0.999968886
1341846313.990058 0.080937557 0.009052587 0.012185300 -0.004704499 0.006097908 0.007993269 0.999938369
1341846314.022042 0.091680400 0.021224665 -0.002729183 -0.005468325 0.007104841 0.009685714 0.999912918
1341846314.057816 0.109712690 0.020233082 0.003607247 -0.008618041 0.008144739 0.010836980 0.999870956
1341846314.089801 0.110602714 0.019268624 0.012077371 -0.007686578 0.014410797 0.009929839 0.999817312
1341846314.122037 0.109688893 0.025340447 0.003261005 -0.008815002 0.018777316 0.013969298 0.999687254
1341846314.157989 0.120812111 0.021077236 0.009035659 -0.011302625 0.021166256 0.014185149 0.999611437
1341846314.190094 0.124753781 0.023327166 0.004607479 -0.010593740 0.025352176 0.015683839 0.999499381
1341846314.225969 0.132816568 0.030328743 0.006680692 -0.012662707 0.026631307 0.019521581 0.999374449
1341846314.257923 0.136456773 0.018572580 0.012912315 -0.016013032 0.028877279 0.018648118 0.999280691
1341846314.290052 0.143405467 0.019163888 0.009994402 -0.014771699 0.029789481 0.017540960 0.999293089
1341846314.325981 0.144405186 0.020854739 0.004128247 -0.015687719 0.031132756 0.015774038 0.999267638
1341846314.357905 0.153000072 0.021788966 0.014603458 -0.015936995 0.033753775 0.014261245 0.999201357
1341846314.389899 0.153818920 0.013830003 0.006451435 -0.015656928 0.037072044 0.013450075 0.999099433
1341846314.427905 0.163789988 0.022831611 0.003066575 -0.014722356 0.038294297 0.012139495 0.999084294
1341846314.493987 0.176091731 0.015153009 0.009197522 -0.014266885 0.047428399 0.004751843 0.998761415
1341846314.526085 0.181941777 0.015329921 0.001142146 -0.014416913 0.049161505 0.003535035 0.998680532
1341846314.558292 0.182658002 0.019972237 0.002380542 -0.014798397 0.052947294 0.002759748 0.998483837
1341846314.594085 0.196449101 0.012405517 0.001360087 -0.014214032 0.056238741 0.002799087 0.998312235
1341846314.626096 0.194083989 0.020047426 -0.002708033 -0.013175801 0.061272878 0.004627544 0.998023331
1341846314.658455 0.204592049 0.018134736 -0.002816882 -0.015400985 0.062601462 0.003368804 0.997914076
1341846314.694004 0.224563286 0.010030987 0.009491360 -0.015829977 0.064427122 0.002939138 0.997792542
1341846314.725910 0.216387495 -0.001619288 0.007409576 -0.013266458 0.069062874 0.006480986 0.997503042
1341846314.761942 0.215793371 0.002528681 0.003799295 -0.009198779 0.070006646 0.010527425 0.997448564
1341846314.794030 0.229832515 0.003377342 0.003283095 -0.006006096 0.071083114 0.011525632 0.997385740
1341846314.826092 0.245174915 0.009627989 -0.002834104 -0.003273159 0.074003518 0.013282938 0.997164130
1341846314.862145 0.253672004 0.012699712 -0.009303352 -0.003033235 0.077214308 0.014090771 0.996910334
1341846314.894072 0.257867366 0.010460128 -0.003601555 -0.003656067 0.081268266 0.015752017 0.996561050
1341846314.925969 0.258827657 0.015344277 -0.004806306 -0.002921256 0.084501438 0.018791802 0.996241808
1341846314.961937 0.269142002 0.026463045 0.000997555 -0.005072072 0.083882056 0.025159147 0.996145129
1341846314.994564 0.272231787 0.025676297 0.002457373 -0.008314072 0.084871516 0.023019427 0.996091247
1341846315.029900 0.281960696 0.024259463 0.006478649 -0.008541605 0.087947443 0.019271387 0.995902061
1341846315.061965 0.286994040 0.021010038 0.000922028 -0.009596272 0.090091012 0.025440965 0.995562255
1341846315.094388 0.289312214 0.018478055 0.001322929 -0.009580803 0.089211188 0.025900051 0.995629847
1341846315.129851 0.300432682 0.021903660 0.000172380 -0.007284781 0.088732891 0.024897030 0.995717585
1341846315.161941 0.313845068 0.040574268 -0.008747917 -0.008068969 0.087334327 0.029830633 0.995699584
1341846315.197984 0.305125803 0.033002164 -0.006905936 -0.015626442 0.086908139 0.024151653 0.995800912
1341846315.230076 0.319679379 0.029835481 -0.003219154 -0.019487897 0.084481709 0.021248732 0.996007800
1341846315.262069 0.320794642 0.031826660 0.006008532 -0.022468690 0.082080826 0.025614055 0.996043086
1341846315.298000 0.328828841 0.022882141 0.010271434 -0.025250962 0.077785678 0.027126519 0.996281028
1341846315.329931 0.339085609 0.012797818 0.023866996 -0.022584660 0.075799875 0.027246837 0.996494830
1341846315.361981 0.341313779 0.018146139 0.021436155 -0.016871670 0.075397059 0.029535450 0.996573269
1341846315.397962 0.352545470 0.019234106 0.015491489 -0.013772458 0.074550785 0.033743083 0.996550977
1341846315.429923 0.356948972 0.023162059 0.011700183 -0.010435650 0.076440126 0.035022713 0.996404290
1341846315.466047 0.371623576 0.033202548 0.012523144 -0.008571334 0.078927405 0.038960893 0.996081829
1341846315.497883 0.361702770 0.032164045 0.011402633 -0.009529714 0.083569109 0.043155298 0.995521486
1341846315.530008 0.366057009 0.032790404 0.016777836 -0.009562807 0.084681511 0.043586191 0.995408356
1341846315.566108 0.366111308 0.034543443 0.014924075 -0.010240792 0.086460002 0.044786070 0.995195448
1341846315.597986 0.369390517 0.032570757 0.018068746 -0.010576742 0.087454006 0.043843020 0.995147049
1341846315.630109 0.370226473 0.032483801 0.021018073 -0.010446562 0.088743582 0.043113079 0.995066226
1341846315.666042 0.378377050 0.035355013 0.006418049 -0.011289968 0.089216053 0.042278092 0.995050550
1341846315.698114 0.386530340 0.046536900 0.003202543 -0.014806762 0.091445446 0.040858489 0.994861305
1341846315.733985 0.373175800 0.027682191 0.016768061 -0.019951761 0.096157596 0.042235285 0.994269490
1341846315.766041 0.371877849 0.033599474 0.022215143 -0.018829491 0.093526438 0.042886447 0.994514465
1341846315.798188 0.369650871 0.030245345 0.019076377 -0.020112241 0.093434617 0.041430611 0.994559705
1341846315.834140 0.362329543 0.025720503 0.025355585 -0.019490724 0.096523710 0.039983638 0.994336247
1341846315.866751 0.365115464 0.021851417 0.016251810 -0.017657228 0.097245678 0.039687190 0.994312048
1341846315.898492 0.356531739 0.022046912 0.025197551 -0.016287645 0.098853499 0.038810026 0.994211495
1341846315.936901 0.356935859 0.015412848 0.017796874 -0.014378503 0.099979781 0.038186267 0.994152427
1341846315.966572 0.353942662 0.020212222 0.017803490 -0.010177465 0.101267211 0.037889093 0.994085371
1341846316.034204 0.337342799 0.015463493 0.011275314 -0.007030144 0.102428980 0.035844777 0.994069397
1341846316.066113 0.331823796 0.016866777 0.018774606 -0.004350540 0.102571845 0.035893302 0.994068265
1341846316.101867 0.323636413 0.019275829 0.012344226 -0.002911441 0.101428986 0.038342353 0.994099379
1341846316.134066 0.312318444 0.021114048 0.014708910 -0.003368525 0.098663688 0.033458374 0.994552493
1341846316.202049 0.297548980 0.014962455 0.014787529 -0.003293040 0.094431981 0.029951988 0.995075166
1341846316.233979 0.284932286 0.015280138 0.005668972 -0.002806746 0.094435103 0.027058825 0.995159268
1341846316.270052 0.291490406 0.015054800 0.007274296 -0.004192356 0.093475655 0.024731655 0.995305538
1341846316.301915 0.288385689 0.005130051 0.015302900 -0.005099289 0.094254300 0.024233626 0.995240092
1341846316.334208 0.277565777 0.003989836 0.013916641 -0.003355548 0.094172791 0.024918696 0.995238304
1341846316.370006 0.275908917 0.004875799 0.014347475 -0.001139661 0.092357829 0.025736276 0.995392561
1341846316.401994 0.265046000 0.003753827 0.012225147 0.000250205 0.092488021 0.027893351 0.995323002
1341846316.438069 0.260578901 0.001597045 0.013710227 0.002539157 0.091849320 0.029681142 0.995327234
1341846316.470076 0.244756073 -0.003562648 0.015484907 0.006452605 0.092593431 0.031569898 0.995182514
1341846316.502034 0.233665809 0.012847500 0.000256777 0.010250114 0.090398416 0.032757837 0.995314002
1341846316.537975 0.230519384 0.014222670 0.000855267 0.007845274 0.087227941 0.030362781 0.995694637
1341846316.570121 0.225095376 0.004420898 0.007869419 0.006916819 0.086987682 0.026946064 0.995820880
1341846316.601885 0.218977466 0.000258120 0.006850924 0.008563605 0.086370759 0.025895650 0.995889664
1341846316.638009 0.209140062 -0.000111347 0.013051171 0.010868405 0.085712768 0.027584016 0.995878637
1341846316.669925 0.208904773 -0.003928272 0.012404419 0.012884445 0.084272712 0.027439633 0.995981514
1341846316.705941 0.194837928 -0.011910518 0.008633222 0.016386820 0.085442103 0.027347224 0.995832920
1341846316.738062 0.182242259 -0.006095007 -0.003774527 0.018934267 0.085313186 0.029846711 0.995727003
1341846316.770433 0.172298163 -0.002168836 -0.004629560 0.018395007 0.084759645 0.030282469 0.995771229
1341846316.805932 0.162698895 -0.009147778 0.003139742 0.018514337 0.085452020 0.028299481 0.995768189
1341846316.838029 0.163024843 -0.008015937 0.007906673 0.019744676 0.082751296 0.031200988 0.995885968
1341846316.870034 0.146340385 -0.011222980 0.002438128 0.020190326 0.080647916 0.031877641 0.996028185
1341846316.906344 0.140318140 -0.011670784 0.000791332 0.021235181 0.077595048 0.031020755 0.996276021
1341846316.937940 0.140470058 -0.009931860 -0.004128130 0.021258706 0.075557582 0.028626431 0.996503711
1341846316.973994 0.129269242 -0.006869695 -0.000644036 0.020839648 0.074181892 0.028969282 0.996606052
1341846317.005913 0.124062911 -0.012387106 -0.003724622 0.019287052 0.071092471 0.029820509 0.996837258
1341846317.037936 0.115102679 -0.014657075 0.006002082 0.019517699 0.069061443 0.028631909 0.997010410
1341846317.073972 0.114658959 -0.016668720 0.003321851 0.020587828 0.066768877 0.029930923 0.997106910
1341846317.106113 0.099404775 -0.018965458 0.000480742 0.022414561 0.066270113 0.033071924 0.997001529
1341846317.137887 0.084040090 -0.014841935 0.009742812 0.026327655 0.061298747 0.036251642 0.997113407
1341846317.173970 0.076404743 -0.016173817 0.005780651 0.027014012 0.054288249 0.038265426 0.997426093
1341846317.205887 0.071105741 -0.018771077 0.003755938 0.026865521 0.051231056 0.040240671 0.997514069
1341846317.248131 0.061763685 -0.018786918 0.003914781 0.028448535 0.048816886 0.041914348 0.997522354
1341846317.306289 0.051165115 -0.018000131 0.004688353 0.029900748 0.042579554 0.045903005 0.997590005
1341846317.348137 0.055668041 -0.022519242 0.009223244 0.030449746 0.042709339 0.047621626 0.997487307
1341846317.410120 0.034591950 -0.012608079 0.014419465 0.033271041 0.043019440 0.052395787 0.997144461
1341846317.442569 0.030484293 -0.022672568 0.015774000 0.035014588 0.043368477 0.055127099 0.996922374
1341846317.474010 0.026709054 -0.020448875 0.018023539 0.041031796 0.043329138 0.058657929 0.996492982
1341846317.509927 0.009436373 -0.012241236 0.014532574 0.044516090 0.042099275 0.061659407 0.996214867
1341846317.542282 0.010151736 -0.011008711 0.014234528 0.043810196 0.038463455 0.063183360 0.996297657
1341846317.573943 0.003385620 -0.016884468 0.014162226 0.043142658 0.039877795 0.061252385 0.996391773
1341846317.610159 -0.004467948 -0.019226667 0.015786979 0.045783520 0.041965943 0.061972607 0.996143639
1341846317.643553 -0.023122281 -0.017746855 0.013263674 0.048103858 0.042374406 0.063147090 0.995943189
1341846317.677993 -0.028885309 -0.018909052 0.020514455 0.048857797 0.038772725 0.065734029 0.995885849
1341846317.709996 -0.035307880 -0.020844132 0.017841592 0.051150002 0.036469638 0.066006102 0.995839775
1341846317.741834 -0.042020604 -0.012732581 0.020680917 0.051901586 0.035524815 0.065740325 0.995852590
1341846317.777923 -0.042828485 -0.010568062 0.024399303 0.050617218 0.033370372 0.065914728 0.995981693
1341846317.810021 -0.057158217 -0.017188204 0.030770812 0.049464606 0.032784335 0.063241556 0.996232390
1341846317.841886 -0.074238800 -0.010828161 0.019203827 0.049213495 0.032807190 0.059661452 0.996464849
1341846317.878017 -0.084896304 -0.013287390 0.027189795 0.046090692 0.033133499 0.054847427 0.996879876
1341846317.909910 -0.085193433 -0.018505039 0.024703739 0.044942286 0.033630162 0.051864959 0.997075319
1341846317.946031 -0.093789339 -0.020328673 0.027602583 0.046520792 0.034672078 0.054336071 0.996835649
1341846317.978041 -0.103288360 -0.024159275 0.026631530 0.048139025 0.033468299 0.053988211 0.996818781
1341846318.009897 -0.104500107 -0.019925937 0.027129538 0.051011600 0.033546187 0.052107263 0.996773422
1341846318.045949 -0.118430346 -0.016008805 0.021496706 0.051370256 0.034772236 0.051125266 0.996763885
1341846318.078074 -0.134108394 -0.019928465 0.020721495 0.050204977 0.034105662 0.049404800 0.996933043
1341846318.109894 -0.144350275 -0.017933957 0.017536821 0.050142147 0.029966718 0.046669729 0.997200906
1341846318.145957 -0.143483326 -0.018313965 0.019213816 0.049364366 0.027331997 0.044816460 0.997400403
1341846318.178001 -0.147671580 -0.020058081 0.025295462 0.048652466 0.027322238 0.042686444 0.997529089
1341846318.214074 -0.172134846 -0.029187135 0.014246822 0.048637904 0.026719155 0.040015202 0.997656882
1341846318.245970 -0.171880394 -0.030549094 0.024138320 0.051701587 0.020193821 0.041637719 0.997589827
1341846318.278018 -0.183204055 -0.027356308 0.026071612 0.056053020 0.016223500 0.042278767 0.997400284
1341846318.313937 -0.186267599 -0.019578263 0.029293377 0.059264414 0.009427216 0.043064564 0.997268438
1341846318.345989 -0.188674122 -0.024119478 0.031584863 0.060081754 -0.000081686 0.042641882 0.997282207
1341846318.382046 -0.194488466 -0.026825791 0.039904669 0.061923429 -0.006930493 0.042017341 0.997171998
1341846318.414072 -0.199204788 -0.027664382 0.037257217 0.063515335 -0.014642776 0.042622637 0.996962726
1341846318.446035 -0.231152609 -0.033475474 0.029764734 0.064631872 -0.017270217 0.040508647 0.996937096
1341846318.482196 -0.235607013 -0.029460095 0.027382594 0.066310123 -0.019589197 0.040172506 0.996797562
1341846318.514144 -0.243113637 -0.028381269 0.032016307 0.066538714 -0.020853544 0.040987134 0.996723533
1341846318.546259 -0.246814430 -0.034236714 0.032419670 0.067499608 -0.022429638 0.040606581 0.996640265
1341846318.582042 -0.257078201 -0.029859286 0.028127894 0.069325909 -0.022010319 0.040438525 0.996531069
1341846318.614115 -0.268995792 -0.026798477 0.026365535 0.069327600 -0.021887682 0.039686017 0.996563911
1341846318.650038 -0.277566403 -0.027976133 0.023463938 0.068842411 -0.022534333 0.036597122 0.996701360
1341846318.682350 -0.289591044 -0.025341939 0.029206723 0.068871118 -0.022410737 0.034509573 0.996776640
1341846318.714063 -0.300267369 -0.028838428 0.016375478 0.067857228 -0.023522664 0.033696651 0.996848345
1341846318.749905 -0.306327075 -0.033583187 0.017617522 0.068446800 -0.023539945 0.035853308 0.996732354
1341846318.782036 -0.319068074 -0.033158205 0.013942935 0.070033461 -0.024313889 0.037728515 0.996534348
1341846318.814121 -0.333421528 -0.032883741 0.010249123 0.070177168 -0.029035399 0.035805553 0.996468782
1341846318.850072 -0.336865336 -0.036720410 0.011551330 0.070193522 -0.035434935 0.034062538 0.996321738
1341846318.883516 -0.360135734 -0.042591970 -0.001165595 0.072684139 -0.041002087 0.030848455 0.996034265
1341846318.918047 -0.356672823 -0.034648068 -0.009350561 0.076468341 -0.055046495 0.030114595 0.995095789
1341846318.950044 -0.370425761 -0.040907450 0.007372782 0.078049965 -0.063706957 0.028233109 0.994511187
1341846318.982028 -0.373779565 -0.041193917 0.005423348 0.079371542 -0.067938730 0.026240803 0.994181037
1341846319.018123 -0.388358414 -0.043599945 0.012689158 0.079030909 -0.072832808 0.025889661 0.993870795
1341846319.050745 -0.383680254 -0.042197671 0.017235227 0.080650859 -0.080167301 0.024641667 0.993207633
1341846319.081905 -0.390893310 -0.039062642 0.003528684 0.086311243 -0.079678245 0.022309320 0.992826283
1341846319.117976 -0.412608773 -0.035147462 -0.003883004 0.088809714 -0.077936731 0.027472500 0.992614686
1341846319.150093 -0.419218540 -0.036945071 0.001203008 0.090724401 -0.082656100 0.034317695 0.991846442
1341846319.186069 -0.414935023 -0.023661237 0.002462633 0.092999227 -0.084372409 0.034884989 0.991471350
1341846319.218149 -0.415219277 -0.016759600 -0.010849703 0.090061396 -0.079601027 0.032682557 0.992211878
1341846319.250034 -0.433626652 -0.009276763 0.002756398 0.084779017 -0.072542310 0.031458467 0.993257523
1341846319.286594 -0.434688687 -0.024780869 -0.000580981 0.081531383 -0.070408024 0.036100596 0.993525088
1341846319.318034 -0.440249741 -0.025794536 -0.001294974 0.082233168 -0.069916494 0.039871935 0.993357718
1341846319.350268 -0.455111593 -0.026797224 0.000102725 0.082909912 -0.068867914 0.046100486 0.993105173
1341846319.386163 -0.466812372 -0.035644211 -0.000524633 0.083927765 -0.073052958 0.053433754 0.992352843
1341846319.418386 -0.468359858 -0.030339632 -0.008768551 0.085513100 -0.078805164 0.054655924 0.991710603
1341846319.453961 -0.471608311 -0.028591421 -0.006712772 0.086051181 -0.080759756 0.051023763 0.991700351
1341846319.486271 -0.488041222 -0.028156495 -0.012575321 0.085354283 -0.080299646 0.049143456 0.991892934
1341846319.554083 -0.503092229 -0.027715599 -0.003373370 0.080383301 -0.086566962 0.048181560 0.991828263
1341846319.586296 -0.515431643 -0.028549679 -0.003647678 0.080792964 -0.085940510 0.044209052 0.992034435
1341846319.622031 -0.535343945 -0.029126216 -0.013091743 0.079101056 -0.088547438 0.041071814 0.992076337
1341846319.653962 -0.540035129 -0.036216632 0.004606195 0.078081183 -0.093865559 0.040756915 0.991681159
1341846319.686352 -0.545497298 -0.036397360 -0.000253715 0.079831906 -0.097919449 0.042346217 0.991082966
1341846319.721992 -0.551374197 -0.031395309 -0.004483357 0.080707453 -0.102004260 0.042806588 0.990580142
1341846319.754063 -0.556757927 -0.020885596 -0.012419134 0.078020751 -0.104138657 0.042521402 0.990585625
1341846319.786397 -0.559610486 -0.020845963 0.003333107 0.073833913 -0.104454547 0.046476550 0.990695596
1341846319.822008 -0.568389297 -0.024087481 -0.003729202 0.070160456 -0.104730532 0.050334107 0.990744948
1341846319.853917 -0.570208132 -0.021365808 -0.003968529 0.065249354 -0.105970196 0.054773487 0.990713239
1341846319.889942 -0.573363125 -0.030111279 0.007465176 0.061730660 -0.107219666 0.060097836 0.990495563
1341846319.922039 -0.588952839 -0.035928421 0.001769595 0.061418779 -0.110333070 0.060287986 0.990161479
1341846319.953946 -0.585133672 -0.035697162 0.013016000 0.062366769 -0.117041603 0.055949282 0.989586473
1341846319.990054 -0.585791528 -0.033968680 0.015593991 0.065316506 -0.119978555 0.048890553 0.989418328
1341846320.028122 -0.586114109 -0.036497131 0.007462427 0.066856645 -0.123848632 0.048936754 0.988836169
1341846320.090047 -0.568768203 -0.025378715 0.016342908 0.072907329 -0.132178545 0.049692057 0.987291276
1341846320.122011 -0.560198307 -0.024828173 0.013977706 0.073445879 -0.130197078 0.050663467 0.987465322
1341846320.157952 -0.552840054 -0.027990654 0.018464729 0.073490329 -0.127748579 0.051350933 0.987746239
1341846320.190003 -0.541348875 -0.033329390 0.015239418 0.076077245 -0.124355353 0.049698193 0.988067865
1341846320.221941 -0.532362998 -0.037776943 0.027854480 0.079375416 -0.121658660 0.051829662 0.988034606
1341846320.258015 -0.525776863 -0.037427776 0.023633115 0.084131546 -0.120371379 0.053228442 0.987724364
1341846320.289887 -0.517884672 -0.041145846 0.032823816 0.089752220 -0.121226378 0.052624241 0.987157226
1341846320.321954 -0.503565252 -0.043442756 0.024074838 0.098434336 -0.122521088 0.053177129 0.986139715
1341846320.357890 -0.488127977 -0.035643410 0.018129252 0.103684440 -0.122475460 0.054282401 0.985546947
1341846320.390064 -0.463233650 -0.035646901 0.013148695 0.104893640 -0.119587131 0.055247452 0.985720038
1341846320.426544 -0.445167780 -0.032420054 0.027402639 0.108223915 -0.112401307 0.050789174 0.986445189
1341846320.458122 -0.439979374 -0.040172413 0.025859304 0.107927643 -0.105174571 0.050171822 0.987305820
1341846320.490186 -0.425889075 -0.042383306 0.026180163 0.111757360 -0.097850770 0.049817082 0.987650633
1341846320.525911 -0.417723835 -0.037854396 0.024918430 0.115766123 -0.090058997 0.046801560 0.988077521
1341846320.558091 -0.409723431 -0.033708189 0.015953757 0.116748378 -0.086210556 0.043403350 0.988460243
1341846320.594093 -0.402658731 -0.035463676 0.037192546 0.118278623 -0.081260443 0.039214734 0.988872647
1341846320.631955 -0.379327059 -0.035740711 0.024630148 0.120645754 -0.074233651 0.038280826 0.989175677
1341846320.664916 -0.370452642 -0.034943108 0.015254073 0.120320760 -0.071820833 0.036729954 0.989452183
1341846320.699927 -0.356026351 -0.037679210 0.016699132 0.120302320 -0.068240665 0.036068145 0.989732087
1341846320.731822 -0.336316437 -0.030417658 0.022916500 0.122853495 -0.062255844 0.035446525 0.989835739
1341846320.763877 -0.342343330 -0.003020786 0.022659395 0.121712886 -0.060503233 0.035134777 0.990096390
1341846320.799999 -0.318696529 -0.032344975 0.014323290 0.112934269 -0.062978022 0.030569065 0.991133273
1341846320.831871 -0.277558029 -0.037949398 -0.001606278 0.114917003 -0.052162275 0.027199879 0.991631627
1341846320.863887 -0.317742050 -0.020365812 0.016844431 0.114222459 -0.042083241 0.026015351 0.992222488
1341846320.900014 -0.304273665 -0.031579517 0.022302434 0.106131263 -0.047720984 0.032533310 0.992673397
1341846320.931889 -0.274624646 -0.038121335 0.017784661 0.107390784 -0.048352201 0.031142082 0.992551982
1341846320.967866 -0.276343852 -0.014270207 0.017448930 0.107954040 -0.042470701 0.027799372 0.992859185
1341846321.000017 -0.273072869 -0.023183502 0.019073781 0.101005889 -0.042150039 0.026048282 0.993651211
1341846321.031860 -0.255238801 -0.033813089 0.019017261 0.098492399 -0.041991338 0.024470549 0.993950248
1341846321.068047 -0.244062096 -0.024133544 0.023500267 0.099581957 -0.038759846 0.021800758 0.994035125
1341846321.099840 -0.241928652 -0.024919813 0.020198230 0.097098410 -0.037166446 0.022521945 0.994325578
1341846321.131821 -0.216530070 -0.037271462 0.019043630 0.096935488 -0.036456488 0.024501503 0.994320929
1341846321.167887 -0.212788373 -0.029292969 0.020511061 0.100027107 -0.032198139 0.024974188 0.994149923
1341846321.200042 -0.207323715 -0.024227250 0.023611786 0.100645773 -0.029712364 0.024569159 0.994175017
1341846321.231950 -0.197142854 -0.031422440 0.025534626 0.099630773 -0.028906226 0.023115611 0.994335830
1341846321.267939 -0.185110047 -0.025889011 0.016055902 0.100499652 -0.026786558 0.017679196 0.994419277
1341846321.299948 -0.175577551 -0.028962597 0.013929356 0.099004611 -0.022568448 0.012361392 0.994754195
1341846321.331858 -0.173994720 -0.033484075 0.019175289 0.098963119 -0.019429328 0.008286551 0.994866908
1341846321.367913 -0.153267026 -0.043407582 0.009289617 0.099769875 -0.017708497 0.004554423 0.994842529
1341846321.399897 -0.147390306 -0.035944279 0.015647208 0.102178700 -0.012398242 0.003252392 0.994683504
1341846321.435994 -0.145026743 -0.043023154 0.015144057 0.103208080 -0.008711154 0.002469323 0.994618595
1341846321.467946 -0.134320199 -0.040934712 0.017355746 0.105212167 -0.006375603 0.003496259 0.994423211
1341846321.499882 -0.119103663 -0.037183005 0.025570473 0.106977180 -0.003991018 0.004125239 0.994244874
1341846321.536109 -0.093658552 -0.030748630 0.003675594 0.106684685 0.000318363 0.001339617 0.994291961
1341846321.568960 -0.104312591 -0.023586646 0.020536397 0.103952363 0.008148094 -0.001422589 0.994547904
1341846321.603938 -0.101536565 -0.027413335 0.022743560 0.100622050 0.010666920 -0.001708124 0.994866073
1341846321.637163 -0.064928234 -0.025843764 -0.003219724 0.097578369 0.013906613 -0.001224106 0.995129943
1341846321.668306 -0.079278305 -0.021557398 0.020465244 0.093447909 0.024535919 0.000612507 0.995321631
1341846321.704411 -0.095882252 -0.025106484 0.033079945 0.090144478 0.027379224 0.007887946 0.995521009
1341846321.736861 -0.086599164 -0.022360740 0.039979234 0.089444108 0.024298286 0.016347328 0.995561242
1341846321.771881 -0.071633577 -0.008384256 0.037689172 0.087451190 0.023734061 0.020999847 0.995664597
1341846321.804114 -0.061397113 -0.012941806 0.040992647 0.082975492 0.025478205 0.024217874 0.995931447
1341846321.836152 -0.063103877 -0.004066191 0.044563636 0.080599487 0.028380742 0.024235975 0.996047616
1341846321.871882 -0.057389125 0.003153156 0.047210511 0.075519532 0.029514147 0.022741117 0.996447980
1341846321.904074 -0.046453785 -0.000926627 0.047574177 0.068934850 0.030387059 0.020273926 0.996952176
1341846321.939847 -0.043340299 -0.003501995 0.055149548 0.065112412 0.033362105 0.017472299 0.997166991
1341846322.004094 -0.048869323 -0.007090386 0.056368932 0.058211632 0.031678151 0.017230283 0.997652709
1341846322.066178 -0.029047893 -0.016723271 0.051482309 0.052996136 0.035484072 0.014283946 0.997861862
1341846322.107979 -0.039572977 -0.034334585 0.055043906 0.049860992 0.038688030 0.012517264 0.997928083
1341846322.166164 -0.037402745 -0.054658972 0.053077534 0.052755803 0.038035698 0.012808061 0.997800589
1341846322.202932 -0.038606223 -0.060473047 0.049134109 0.053960077 0.035885472 0.011515806 0.997831643
1341846322.234093 -0.039321303 -0.062881418 0.046826273 0.053018518 0.034610964 0.009125619 0.997951806
1341846322.265941 -0.037921149 -0.072885811 0.047441863 0.050365873 0.031514555 0.010345536 0.998179913
1341846322.301996 -0.029542772 -0.086059414 0.047098167 0.048388619 0.029219316 0.011004756 0.998340487
1341846322.333949 -0.039075889 -0.101483755 0.040902063 0.047340527 0.028040443 0.010974584 0.998424828
1341846322.369871 -0.027998080 -0.115695611 0.047477208 0.048043583 0.022007737 0.007876843 0.998571694
1341846322.402292 -0.012565189 -0.126507312 0.047314264 0.049883328 0.022441188 0.002703815 0.998499215
1341846322.433955 -0.022821655 -0.155829892 0.056185611 0.053658813 0.024809076 -0.001043187 0.998250544
1341846322.470030 -0.020332407 -0.161771029 0.058800429 0.062607259 0.019942002 0.002110495 0.997836769
1341846322.502433 -0.009067373 -0.178173095 0.052559681 0.068044238 0.016270885 0.005325476 0.997535408
1341846322.534002 -0.006134951 -0.193638116 0.060933474 0.076408334 0.016254397 0.007320537 0.996917248
1341846322.570196 -0.012742937 -0.201874018 0.059945315 0.086271808 0.016741028 0.007922744 0.996099472
1341846322.601920 -0.017371545 -0.199169666 0.057291783 0.093158513 0.013918551 0.011486118 0.995487750
1341846322.638119 -0.001776374 -0.218714714 0.059036791 0.097111650 0.009761437 0.011767426 0.995156050
1341846322.669947 0.011030617 -0.222820625 0.051567812 0.102094039 0.012198157 0.010660976 0.994642854
1341846322.702026 -0.006219028 -0.235203460 0.055034451 0.104858100 0.015275645 0.011947847 0.994298100
1341846322.738006 0.001432064 -0.231924579 0.060378566 0.106863678 0.011489324 0.013620974 0.994113982
1341846322.770087 0.013060668 -0.255143911 0.062785685 0.105985224 0.011479033 0.014086222 0.994201660
1341846322.806047 0.000325098 -0.269909263 0.059195332 0.109274723 0.012273820 0.015342988 0.993817389
1341846322.838063 -0.003472500 -0.272867501 0.062394094 0.111433163 0.007951002 0.017985370 0.993577361
1341846322.870081 0.001408612 -0.283365756 0.070943743 0.113655366 0.002882864 0.018719982 0.993339717
1341846322.906018 0.013249987 -0.289359331 0.074300721 0.118456714 0.000701777 0.018735267 0.992782176
1341846322.938349 0.013960181 -0.273427337 0.076725729 0.119959503 0.001578960 0.020209497 0.992571771
1341846322.970069 0.012416277 -0.281559318 0.079685688 0.114513241 0.001362526 0.022407336 0.993168056
1341846323.011820 0.015862091 -0.294222414 0.082977712 0.112297513 0.001689813 0.021964721 0.993430376
1341846323.073951 0.015780356 -0.294436574 0.080735378 0.109635897 0.001452686 0.026866872 0.993607581
1341846323.105962 0.018628338 -0.314868391 0.082141347 0.106080227 0.001158696 0.026613276 0.994000673
1341846323.138158 0.017033134 -0.313715816 0.083391368 0.107111543 0.001425815 0.022593690 0.993989229
1341846323.174092 0.012994356 -0.314297467 0.075924270 0.105116643 0.001300241 0.021347526 0.994229913
1341846323.206059 0.024175569 -0.323370993 0.079369470 0.102107294 0.000098134 0.019122798 0.994589567
1341846323.238053 0.027480705 -0.321983337 0.081626154 0.100110844 0.003011307 0.016554737 0.994834006
1341846323.273997 0.008819463 -0.325038850 0.074869752 0.095754080 0.004207805 0.018195916 0.995229781
1341846323.305946 0.016212298 -0.336728424 0.078368410 0.090117499 -0.000081626 0.019239170 0.995745301
1341846323.342027 0.045651142 -0.353519529 0.081466928 0.087683223 -0.000189939 0.018603096 0.995974660
1341846323.374048 0.019428756 -0.359384954 0.085740253 0.088173270 0.004828985 0.018891042 0.995914280
1341846323.405987 0.008238275 -0.370025486 0.074379563 0.088271216 0.001087882 0.023942312 0.995808125
1341846323.441956 0.020691440 -0.380148441 0.087058812 0.089330696 -0.003420322 0.025923241 0.995658755
1341846323.473878 0.024734305 -0.390498251 0.086442225 0.093391456 -0.002278218 0.024186153 0.995333076
1341846323.506129 0.019190734 -0.386110723 0.083542623 0.096102670 -0.002133476 0.021904198 0.995128095
1341846323.541972 0.025045268 -0.386904985 0.086130679 0.094649181 -0.002346813 0.019599868 0.995314956
1341846323.573913 0.052463017 -0.403621703 0.074823283 0.093473241 0.000150744 0.014570307 0.995515168
1341846323.609927 0.034649175 -0.407389283 0.078985810 0.093870774 0.007591520 0.011140157 0.995493114
1341846323.642014 0.018244535 -0.414604425 0.080635145 0.092981987 0.010198570 0.010928151 0.995555580
1341846323.674081 0.022622317 -0.426349759 0.081174836 0.092839554 0.007876093 0.013716075 0.995555460
1341846323.710069 0.028320787 -0.446176231 0.076143116 0.093648322 0.006237936 0.018330637 0.995416999
1341846323.742111 0.024474796 -0.454362303 0.077536233 0.098455459 0.004601325 0.018183352 0.994964659
1341846323.774928 0.025030850 -0.449859619 0.074296750 0.102064885 0.002380168 0.016380653 0.994640052
1341846323.810012 0.028051034 -0.452287078 0.073992841 0.103480503 0.001065993 0.012498380 0.994552374
1341846323.842207 0.030076889 -0.457750022 0.073768616 0.104945526 0.000967841 0.007807172 0.994446874
1341846323.878019 0.019187624 -0.472189307 0.066921756 0.105369166 0.000863877 0.002968680 0.994428396
1341846323.909826 0.025767012 -0.485961705 0.064045094 0.108078852 -0.001116985 -0.000598398 0.994141519
1341846323.942459 0.022781083 -0.482358068 0.063249752 0.112314329 -0.001169613 -0.000864238 0.993671656
1341846323.978055 0.013433744 -0.489105403 0.061579958 0.114458002 -0.003392643 0.000856790 0.993421972
1341846324.015934 0.026167938 -0.490815401 0.064153679 0.118060738 -0.006336410 0.000671932 0.992985964
1341846324.047722 0.026813094 -0.477848142 0.065714069 0.122348391 -0.004825279 -0.000410790 0.992475390
1341846324.083904 0.028354922 -0.464932591 0.060473457 0.122759834 -0.003450503 -0.001108577 0.992429793
1341846324.115968 0.032709401 -0.467607111 0.056182660 0.120089047 -0.001930760 -0.002512429 0.992758036
1341846324.151967 0.041254908 -0.461646497 0.054031976 0.119638436 0.000295774 -0.006659023 0.992795169
1341846324.183941 0.027431753 -0.443584412 0.062357269 0.117698625 0.005555166 -0.010976807 0.992973149
1341846324.219984 0.025179526 -0.444238842 0.065701567 0.113101177 0.007154928 -0.009732615 0.993510067
1341846324.251968 0.023431839 -0.445731133 0.065068744 0.112256095 0.007235383 -0.010155566 0.993601084
1341846324.284052 0.018398557 -0.429700017 0.065813310 0.113328204 0.006885559 -0.010980573 0.993473113
1341846324.319880 0.012476357 -0.414175808 0.062188983 0.112268522 0.003771309 -0.011189762 0.993607759
1341846324.351917 0.015728801 -0.401719362 0.069504015 0.108866096 0.000314392 -0.013431961 0.993965626
1341846324.388001 0.021001969 -0.391939610 0.069271602 0.104728937 0.000321028 -0.017353091 0.994349360
1341846324.419908 0.015999898 -0.375192493 0.076163471 0.100408420 0.002815913 -0.019768367 0.994745910
1341846324.452027 0.016496068 -0.380641162 0.076698832 0.095178254 0.002575330 -0.019350655 0.995268822
1341846324.487928 0.015220773 -0.372720361 0.074718326 0.093884259 0.002121529 -0.016720522 0.995440423
1341846324.519985 0.003919489 -0.360788345 0.073112197 0.092713617 0.000578582 -0.012276810 0.995616972
1341846324.556001 0.000487366 -0.343346834 0.086939923 0.091427051 -0.004355005 -0.008951115 0.995761991
1341846324.587888 0.004242823 -0.333576858 0.083870396 0.087772436 -0.007509102 -0.006364071 0.996091902
1341846324.620086 0.009083331 -0.328590095 0.085139498 0.085358053 -0.010330057 -0.008949881 0.996256590
1341846324.655955 0.013402121 -0.316571921 0.084291354 0.084121786 -0.011611770 -0.009826171 0.996339381
1341846324.688082 0.010180260 -0.313316971 0.095419914 0.083475500 -0.011341272 -0.009247025 0.996402383
1341846324.755922 -0.003798320 -0.277330786 0.086396262 0.085112408 -0.013993703 -0.005161956 0.996259689
1341846324.814016 0.014344860 -0.239963293 0.087308139 0.080653153 -0.020513222 -0.008155084 0.996497750
1341846324.849979 -0.000559582 -0.236626461 0.097234815 0.074479856 -0.016364237 -0.011200310 0.997025311
1341846324.881924 -0.007032441 -0.231117487 0.102351271 0.071697861 -0.017517587 -0.011170430 0.997209966
1341846324.913902 -0.001185862 -0.222228050 0.101383239 0.070619054 -0.019418588 -0.007659155 0.997284889
1341846324.949999 -0.004845282 -0.225829929 0.105350517 0.070723154 -0.019318074 -0.004642978 0.997298062
1341846324.981922 -0.014524026 -0.221247047 0.109508201 0.074955754 -0.021493057 -0.000688648 0.996954978
1341846325.018013 -0.016135383 -0.208331019 0.104624949 0.079434820 -0.026558438 0.001382092 0.996485233
1341846325.050079 -0.015326684 -0.191982210 0.093209922 0.081472598 -0.031710189 0.000482328 0.996170878
1341846325.081901 -0.014408777 -0.171558365 0.093217582 0.081228554 -0.036851540 -0.002286244 0.996011376
1341846325.118531 -0.002384035 -0.154622495 0.094890952 0.077280581 -0.038983602 -0.004020231 0.996238828
1341846325.149933 -0.010505701 -0.156162336 0.099528156 0.071255587 -0.035907440 -0.006323549 0.996791482
1341846325.181925 -0.012027541 -0.148927346 0.103918284 0.068170421 -0.035082407 -0.003339721 0.997051060
1341846325.218055 -0.014348945 -0.143289745 0.108332507 0.065439478 -0.034702182 0.000624948 0.997252762
1341846325.249811 -0.015544359 -0.134622127 0.108198434 0.063393809 -0.034938507 0.004697647 0.997365773
1341846325.285925 -0.010405701 -0.126693696 0.106702738 0.060589280 -0.035826992 0.007932870 0.997488081
1341846325.317988 0.001356487 -0.128230989 0.112034969 0.058187161 -0.034235355 0.010210475 0.997666240
1341846325.349844 -0.005107563 -0.134439752 0.116761498 0.060614649 -0.028809777 0.012261123 0.997670054
1341846325.387302 -0.006072986 -0.120640159 0.119872898 0.065734334 -0.025922980 0.014295965 0.997397959
1341846325.417931 0.011545087 -0.115220562 0.118037522 0.068080351 -0.022344453 0.018833967 0.997251749
1341846325.450747 0.014371693 -0.123924211 0.111507021 0.072472289 -0.013785302 0.020322667 0.997068048
1341846325.485954 -0.006967230 -0.096680537 0.127958179 0.082569629 -0.005834077 0.022022486 0.996324837
1341846325.517875 -0.004786198 -0.089597553 0.122854434 0.085748792 -0.003623488 0.024653377 0.996005118
1341846325.553859 -0.003324134 -0.084815204 0.129168630 0.088680848 -0.000046072 0.024132296 0.995767713
1341846325.585855 -0.010787630 -0.065830961 0.122354075 0.091503963 0.003425934 0.021785248 0.995560527
1341846325.617990 -0.011765269 -0.047872394 0.123992801 0.088799223 0.005047843 0.020588031 0.995823979
1341846325.653982 -0.017562961 -0.064212948 0.130819693 0.084979169 0.007513611 0.017353280 0.996203303
1341846325.685819 -0.018611008 -0.063347571 0.131412402 0.090367615 0.008850982 0.019059697 0.995686710
1341846325.717857 -0.025210001 -0.043844536 0.129540667 0.095314659 0.010244437 0.026520839 0.995041132
1341846325.754083 -0.030253461 -0.047156483 0.123376712 0.097794749 0.010655819 0.029760273 0.994704485
1341846325.786087 -0.026279185 -0.041239128 0.124940172 0.104207091 0.010803113 0.031431712 0.994000137
1341846325.821856 -0.028220942 -0.020573983 0.129521906 0.108936630 0.012778074 0.032699123 0.993428528
1341846325.853827 -0.036637038 -0.014861985 0.127502874 0.109442279 0.013795379 0.035796959 0.993252575
1341846325.885958 -0.041347034 -0.003019510 0.136618942 0.110054389 0.010850829 0.042089373 0.992974699
1341846325.921984 -0.037216447 0.002631266 0.151103735 0.109202020 0.006657982 0.046806537 0.992894650
1341846325.953899 -0.025182692 0.007005166 0.148665309 0.112099960 0.006222304 0.048680719 0.992484272
1341846325.985823 -0.030835047 0.019755401 0.154472902 0.115155444 0.009600750 0.052475411 0.991914034
1341846326.021991 -0.037233148 0.020378243 0.156732246 0.117702954 0.010098678 0.058092445 0.991296768
1341846326.054055 -0.028889487 0.034020904 0.151709035 0.123158842 0.008949178 0.061343521 0.990448833
1341846326.089984 -0.023536706 0.053145889 0.150019377 0.126149416 0.010563150 0.060272530 0.990122199
1341846326.121822 -0.026360875 0.062001474 0.153834671 0.125603154 0.014809697 0.058261998 0.990257561
1341846326.154079 -0.027789168 0.063456729 0.160303831 0.125856265 0.017003879 0.057202391 0.990251958
1341846326.190178 -0.033744983 0.076126613 0.162798762 0.128485501 0.016956121 0.059393723 0.989786029
1341846326.222162 -0.038766805 0.090521932 0.157034844 0.127863497 0.015288285 0.065138981 0.989532232
1341846326.259181 -0.037933052 0.102569476 0.162660748 0.124683619 0.012578537 0.069225833 0.989698708
1341846326.322766 -0.035297927 0.125547141 0.173157454 0.117532216 0.012177932 0.068140693 0.990653634
1341846326.359773 -0.032701295 0.131134450 0.175771505 0.113684900 0.013406877 0.066153996 0.991221249
1341846326.392109 -0.026158849 0.122244529 0.178522214 0.111238904 0.014634023 0.067854062 0.991366506
1341846326.423985 -0.035490278 0.131167009 0.185720295 0.115790874 0.016328825 0.073000968 0.990452766
1341846326.459869 -0.041039102 0.149788767 0.183853805 0.118744075 0.014263455 0.075550094 0.989943683
1341846326.526163 -0.033066101 0.180019438 0.188683823 0.118824571 0.015489965 0.074277274 0.990011930
1341846326.560211 -0.036337838 0.187533349 0.198917687 0.113676749 0.019624325 0.074324280 0.990539432
1341846326.591828 -0.037393548 0.193490118 0.200383842 0.110653751 0.021446301 0.076082028 0.990710497
1341846326.627027 -0.036743939 0.205411121 0.203292161 0.110537842 0.023006596 0.075471461 0.990735114
1341846326.658442 -0.036588062 0.224493563 0.206955835 0.109058149 0.027028913 0.073080465 0.990976751
1341846326.694856 -0.039052062 0.232635438 0.200399384 0.104760416 0.030427139 0.074116223 0.991264939
1341846326.726206 -0.040300962 0.247898340 0.203729376 0.099473476 0.031647243 0.071820073 0.991940200
1341846326.762753 -0.033165742 0.260691345 0.202416271 0.093512200 0.033513490 0.069477409 0.992625415
1341846326.826821 -0.031944618 0.302057564 0.202212155 0.079953618 0.039025459 0.066602550 0.993805051
1341846326.858887 -0.033606287 0.303781420 0.212307066 0.071069963 0.040414754 0.064503960 0.994562685
1341846326.895360 -0.043557428 0.303042978 0.216053218 0.068883792 0.040978551 0.066398546 0.994568765
1341846326.926897 -0.044639386 0.303619742 0.219610900 0.070233427 0.037010405 0.068789743 0.994467437
1341846326.958888 -0.037630558 0.318573773 0.218557894 0.073194951 0.034392279 0.071506627 0.994156182
1341846326.994594 -0.032288190 0.335219622 0.213669419 0.074396618 0.034159943 0.074004769 0.993892133
1341846327.026301 -0.034396086 0.348633707 0.216368228 0.072531879 0.035824973 0.072540767 0.994079232
1341846327.063945 -0.034803882 0.344598353 0.222431034 0.068321414 0.038448144 0.069056995 0.994527519
1341846327.094662 -0.035314687 0.353263468 0.225279436 0.067790210 0.040474344 0.067793772 0.994570434
1341846327.128901 -0.036952205 0.364693671 0.232675701 0.067109019 0.040669311 0.066416241 0.994701624
1341846327.161940 -0.037092194 0.378034770 0.230596080 0.066422626 0.039453868 0.065358490 0.994866669
1341846327.193867 -0.029846784 0.379847288 0.239078224 0.064853437 0.040668167 0.063613489 0.995034397
1341846327.229885 -0.029956330 0.396566331 0.237482578 0.066301368 0.044412099 0.060364019 0.994981349
1341846327.262014 -0.018497365 0.406891972 0.248834506 0.065724395 0.047718432 0.057744529 0.995021999
1341846327.294023 -0.031886816 0.409281015 0.241021335 0.068694510 0.062704623 0.052461319 0.994282126
1341846327.330015 -0.032577336 0.430299073 0.221500605 0.070825085 0.071516991 0.047769189 0.993774235
1341846327.361939 -0.025171088 0.449323624 0.246339858 0.069175139 0.076123878 0.043535862 0.993742704
1341846327.393887 -0.027312338 0.457851827 0.246703923 0.067604318 0.078389861 0.037516162 0.993920147
1341846327.429966 -0.042345881 0.484781176 0.251843691 0.066734366 0.079677358 0.035300132 0.993957698
1341846327.461965 -0.046869509 0.497676492 0.263675451 0.058133479 0.075793751 0.034252238 0.994837940
1341846327.497931 -0.054262806 0.482966483 0.263282061 0.048430141 0.075600438 0.029324055 0.995529592
1341846327.530068 -0.039647397 0.509464204 0.265901327 0.052041184 0.073731363 0.036784351 0.995239854
1341846327.561895 -0.045607746 0.513831198 0.273905575 0.049905855 0.072192177 0.041394543 0.995280981
1341846327.598010 -0.048514403 0.526289642 0.273626328 0.052005239 0.068782434 0.047384482 0.995147824
1341846327.629945 -0.050821856 0.539882779 0.271276057 0.052468553 0.063623592 0.047609288 0.995455921
1341846327.662003 -0.048235662 0.542095900 0.278184384 0.051595461 0.060125392 0.043148581 0.995922208
1341846327.697919 -0.048878185 0.565197468 0.280069768 0.055426810 0.059642591 0.044345889 0.995692730
1341846327.730075 -0.051412724 0.596969843 0.283274919 0.053774349 0.058753528 0.045574751 0.995780766
1341846327.766017 -0.047576677 0.603434265 0.286280751 0.048744284 0.057604451 0.046772867 0.996051192
1341846327.797917 -0.050274603 0.617425442 0.290835470 0.044021726 0.057404604 0.047203235 0.996262372
1341846327.830054 -0.053069972 0.611750066 0.294103265 0.034780834 0.057781436 0.046369895 0.996645093
1341846327.865944 -0.045860529 0.624063492 0.294239312 0.031738035 0.058108926 0.046366036 0.996727765
1341846327.898010 -0.050712727 0.637551308 0.300357163 0.029542169 0.059481006 0.047999315 0.996636987
1341846327.929991 -0.052222461 0.646283567 0.300241172 0.025201639 0.058190987 0.045556728 0.996946990
1341846327.966065 -0.050165139 0.662198246 0.299332708 0.022101084 0.057958405 0.043910641 0.997107923
1341846327.998073 -0.053418145 0.669193566 0.299521357 0.015225607 0.059377529 0.040783949 0.997285903
1341846328.034045 -0.051571034 0.668606043 0.299875319 0.008437534 0.060144957 0.039048519 0.997389913
1341846328.065993 -0.050200343 0.669463754 0.297467351 0.002804920 0.060397591 0.040158533 0.997362316
1341846328.098045 -0.054214586 0.655734360 0.303789377 0.000294622 0.061591726 0.040142734 0.997293770
1341846328.133967 -0.052426454 0.653044820 0.293879837 0.003229341 0.059855316 0.045074254 0.997183621
1341846328.166023 -0.056727923 0.650010228 0.290361792 0.002526691 0.057279237 0.045951523 0.997296929
1341846328.198018 -0.053768359 0.637247801 0.289034873 0.001825272 0.054100085 0.043460060 0.997587621
1341846328.234044 -0.054534301 0.623630524 0.286388427 0.003858627 0.052747149 0.042794969 0.997683048
1341846328.265899 -0.050930791 0.615151286 0.281926572 0.005998488 0.050269119 0.043641243 0.997763753
1341846328.302051 -0.049610816 0.591345370 0.280224115 0.007421111 0.050263666 0.043372769 0.997766137
1341846328.333917 -0.054518618 0.578209043 0.283845872 0.011121081 0.050718192 0.045112971 0.997631609
1341846328.366008 -0.064470544 0.559835434 0.293430954 0.016675701 0.052045003 0.041543931 0.997640908
1341846328.402010 -0.053121615 0.535497487 0.279497057 0.028422853 0.052485023 0.045366805 0.997185707
1341846328.433920 -0.053686861 0.516083300 0.268004119 0.030862078 0.050826930 0.044107705 0.997255564
1341846328.470003 -0.046515241 0.494180739 0.267093062 0.030437123 0.048614781 0.037480939 0.997649908
1341846328.502194 -0.039782405 0.460585147 0.255129129 0.029535538 0.050316323 0.029210232 0.997869074
1341846328.534033 -0.036407042 0.450564265 0.254804969 0.032149341 0.052874580 0.028179612 0.997685611
1341846328.570125 -0.037114251 0.429542810 0.258598506 0.033722308 0.053435903 0.028868426 0.997584105
1341846328.602804 -0.036469169 0.409965783 0.237066165 0.039638381 0.047773037 0.034492586 0.997475207
1341846328.672663 -0.038688079 0.368447065 0.244935155 0.048793878 0.036021579 0.031539686 0.997660697
1341846328.702975 -0.030002136 0.357891530 0.245498016 0.052187655 0.031896707 0.030633094 0.997657597
1341846328.770129 -0.019497603 0.327156574 0.235024422 0.060479596 0.027865257 0.027692430 0.997396052
1341846328.802331 -0.019387644 0.304873407 0.234800652 0.060758084 0.024926061 0.027186198 0.997470856
1341846328.838051 -0.014934921 0.291240484 0.227188230 0.064358942 0.022824189 0.024459420 0.997365892
1341846328.869939 -0.017748225 0.282645077 0.225917339 0.064066492 0.021882264 0.022167392 0.997459412
1341846328.904486 -0.016557019 0.263967901 0.223362774 0.059139829 0.018695345 0.022290135 0.997825682
1341846328.939814 -0.010895209 0.224802762 0.224815160 0.059611000 0.015595783 0.022005567 0.997857213
1341846328.970217 -0.008736990 0.230213761 0.213115677 0.064969786 0.013592668 0.025552381 0.997467399
1341846329.006232 -0.003261254 0.218293056 0.213566780 0.065662660 0.010751411 0.029959679 0.997334063
1341846329.038243 -0.000847138 0.196414605 0.210701972 0.068832189 0.009817406 0.029911237 0.997131407
1341846329.106125 -0.002535965 0.197550759 0.200730130 0.072984710 0.010232125 0.027700393 0.996895790
1341846329.138340 0.004863272 0.179245695 0.203958482 0.074060798 0.008664574 0.026826194 0.996855199
1341846329.169991 0.004761477 0.179714501 0.199006930 0.076277599 0.007733933 0.025733415 0.996724486
1341846329.208656 0.008661911 0.169444278 0.199435130 0.076447293 0.006427433 0.024967786 0.996740222
1341846329.238169 0.012786947 0.169967160 0.192920730 0.076360188 0.005025162 0.024964670 0.996755064
1341846329.273827 0.014521241 0.151782393 0.189774901 0.073881999 0.003759506 0.025960734 0.996921957
1341846329.306052 0.011478137 0.154702634 0.182985574 0.075054981 0.001748416 0.024853293 0.996868134
1341846329.338104 0.017831195 0.155043080 0.178524882 0.071892843 -0.000339747 0.022838973 0.997150779
1341846329.373907 0.020745087 0.130253181 0.175698146 0.067299642 -0.001415180 0.021631598 0.997497320
1341846329.405985 0.020462133 0.119119525 0.176546723 0.068470180 -0.002895209 0.018903969 0.997469842
1341846329.442057 0.018202318 0.118429020 0.174676776 0.068071917 -0.002885943 0.015109199 0.997561812
1341846329.473950 0.017765397 0.104166955 0.168757647 0.066865250 -0.004114752 0.009150147 0.997711599
1341846329.506147 0.018176634 0.100246951 0.167114764 0.067380957 -0.006135689 0.006650034 0.997686267
1341846329.542121 0.015948076 0.084975705 0.158783615 0.064997114 -0.008955808 0.006560935 0.997823715
1341846329.574086 0.020643001 0.063416526 0.157504529 0.066402614 -0.011494559 0.005465063 0.997711718
1341846329.606387 0.019956892 0.064936645 0.153504372 0.069610611 -0.011697880 0.003416281 0.997499824
1341846329.641955 0.015953820 0.061952502 0.149200454 0.069630578 -0.012740964 0.004072215 0.997483194
1341846329.681570 0.013245152 0.048468247 0.151333183 0.068432525 -0.015466316 0.004071981 0.997527540
1341846329.748113 0.020729680 0.043593831 0.147849232 0.070644714 -0.015958661 0.001426251 0.997372866
1341846329.810175 0.017967012 0.017537726 0.148185417 0.068066709 -0.012569129 0.006499073 0.997580409
1341846329.842255 0.016064163 0.008133242 0.147219390 0.069591291 -0.012176637 0.009271991 0.997458160
1341846329.874044 0.015627405 0.002133323 0.146804497 0.071433052 -0.012307677 0.012912646 0.997285903
1341846329.910073 0.015087379 0.007558327 0.142319366 0.071963005 -0.012809002 0.015258036 0.997208357
1341846329.942009 0.012885358 0.004992388 0.146248952 0.067532443 -0.012981094 0.020302638 0.997425973
1341846329.978087 0.016462058 -0.019694300 0.142968163 0.064615980 -0.013832193 0.022168953 0.997568071
1341846330.016305 0.018637309 -0.011648513 0.140906751 0.067146651 -0.012853688 0.019995537 0.997459948
1341846330.048192 0.009163357 -0.006706892 0.137792736 0.063576289 -0.010511261 0.020502688 0.997711003
1341846330.080418 0.015573239 -0.027875535 0.140747935 0.058458567 -0.011444459 0.023359224 0.997950912
1341846330.115886 0.013363292 -0.042367395 0.139827073 0.061129190 -0.009452710 0.023772476 0.997801960
1341846330.147839 0.009593034 -0.027359627 0.133284613 0.064273000 -0.009123832 0.025367472 0.997568130
1341846330.181257 0.010289999 -0.015662355 0.131318018 0.059690639 -0.009961884 0.028609794 0.997757137
1341846330.215852 0.010031281 -0.031064115 0.136546463 0.052881006 -0.008916602 0.028132442 0.998164654
1341846330.247833 0.006481936 -0.037211031 0.133151829 0.050933115 -0.008282314 0.027283555 0.998294950
1341846330.283913 0.005852561 -0.024176769 0.128954217 0.048106898 -0.009065276 0.028451012 0.998395741
1341846330.316011 0.002551790 -0.039243814 0.132733762 0.041036900 -0.009509955 0.026790701 0.998753130
1341846330.347868 0.002085489 -0.046280202 0.132793635 0.038722765 -0.011408054 0.026314855 0.998838305
1341846330.383835 0.005479341 -0.049525540 0.132840768 0.036871705 -0.011969149 0.026683085 0.998892009
1341846330.415934 0.003804542 -0.064908698 0.134795114 0.035747323 -0.010811009 0.024466991 0.999002814
1341846330.452561 -0.000117522 -0.066934027 0.129080206 0.038551163 -0.011191419 0.023946891 0.998906970
1341846330.483903 -0.004237500 -0.062420495 0.122611664 0.038918961 -0.012920911 0.026480259 0.998807847
1341846330.515970 -0.003502154 -0.070830196 0.127613440 0.037137553 -0.015313898 0.029800080 0.998748362
1341846330.552099 -0.002448413 -0.073008165 0.123590887 0.038566198 -0.016527379 0.032173231 0.998601198
1341846330.583876 -0.007593978 -0.064665169 0.121784188 0.038527928 -0.016325459 0.031736810 0.998619974
1341846330.619992 -0.014055448 -0.053975098 0.114872858 0.034505028 -0.017040618 0.031224906 0.998771250
1341846330.652136 -0.008638850 -0.061150830 0.115952499 0.027492026 -0.019236235 0.029860981 0.998990715
1341846330.683796 -0.013523978 -0.065160148 0.115963593 0.022898622 -0.018718045 0.028787320 0.999147952
1341846330.719991 -0.017350012 -0.080722548 0.104353696 0.019648120 -0.021008460 0.030036252 0.999134839
1341846330.752103 -0.018469730 -0.084082142 0.103736728 0.021424042 -0.025235849 0.034669340 0.998850465
1341846330.787952 -0.025204223 -0.077499032 0.097499825 0.022708097 -0.029536087 0.038205810 0.998575091
1341846330.819823 -0.023254979 -0.075349048 0.095954545 0.022791743 -0.033809341 0.038358785 0.998431802
1341846330.852208 -0.022535902 -0.070242181 0.093768246 0.022516072 -0.035544965 0.039974570 0.998314381
1341846330.914111 -0.030089399 -0.058855195 0.088455938 0.013859675 -0.038140740 0.038915791 0.998418152
1341846330.949903 -0.029641362 -0.071913257 0.090497956 0.010136325 -0.039676886 0.039521053 0.998379230
1341846330.981986 -0.035523891 -0.071287744 0.084699012 0.011043627 -0.044022918 0.040015984 0.998167694
1341846331.014111 -0.036174603 -0.063178182 0.084489480 0.011204081 -0.047896430 0.039943185 0.997990429
1341846331.082139 -0.035426460 -0.069594733 0.078972109 0.012516311 -0.051101286 0.037462868 0.997912109
1341846331.114334 -0.039936967 -0.067826077 0.074957356 0.012278569 -0.052821063 0.036719088 0.997853160
1341846331.149989 -0.037429325 -0.074469209 0.076882362 0.012411044 -0.053870369 0.036047906 0.997819901
1341846331.181954 -0.040257823 -0.074398354 0.070878446 0.015600768 -0.053985231 0.034996811 0.997806311
1341846331.218151 -0.047618005 -0.059919864 0.064808346 0.016058439 -0.056843322 0.035228740 0.997632146
1341846331.249914 -0.034534782 -0.070327334 0.069956154 0.013277085 -0.059589177 0.034621138 0.997534096
1341846331.318141 -0.029852537 -0.068387069 0.071287915 0.023837285 -0.049835782 0.030530483 0.998006046
1341846331.349926 -0.025787011 -0.066254124 0.066969894 0.023073573 -0.047611922 0.029250968 0.998170912
1341846331.382003 0.005497177 -0.095280543 0.059952732 0.023475489 -0.042782404 0.029412085 0.998375416
1341846331.418008 -0.012860673 -0.078098841 0.081501625 0.032009754 -0.031350654 0.028986961 0.998575151
1341846331.450327 -0.020090118 -0.067626491 0.080159977 0.034484815 -0.026224401 0.027691500 0.998677313
1341846331.486219 -0.028262747 -0.060395919 0.092622139 0.034910884 -0.023456410 0.028207919 0.998716831
1341846331.518344 -0.018086078 -0.061311208 0.093587093 0.033727456 -0.023374835 0.027287539 0.998785019
1341846331.550202 -0.010642297 -0.069108158 0.101422466 0.035435710 -0.019219549 0.026180575 0.998844087
1341846331.586139 -0.021979827 -0.057505235 0.112446278 0.038220439 -0.016935315 0.026499704 0.998774350
1341846331.617931 -0.014081425 -0.053805817 0.114224710 0.037278604 -0.017629225 0.027316118 0.998775899
1341846331.654027 -0.005798080 -0.058747258 0.128764704 0.037812050 -0.015540340 0.027748987 0.998778582
1341846331.686123 -0.013665621 -0.049421377 0.133908123 0.040468428 -0.012221343 0.029168375 0.998680174
1341846331.717954 -0.019724268 -0.034983322 0.145566836 0.038511459 -0.012852663 0.029422680 0.998742223
1341846331.754076 -0.004633368 -0.051979162 0.155460909 0.034912385 -0.013481323 0.028722188 0.998886585
1341846331.785920 -0.008606749 -0.052445985 0.162307560 0.037753314 -0.009900089 0.026501162 0.998886585
1341846331.818053 -0.011897132 -0.039530672 0.178565204 0.038962185 -0.008071662 0.026797269 0.998848677
1341846331.853849 -0.009131369 -0.047520928 0.187980235 0.037256707 -0.007979188 0.026142810 0.998931885
1341846331.885987 -0.000809941 -0.048033923 0.198325753 0.040140279 -0.006049442 0.024064135 0.998885930
1341846331.922014 -0.004952820 -0.042591974 0.204621539 0.042220559 -0.002434881 0.023336317 0.998832822
1341846331.954037 0.002812373 -0.043182246 0.212654233 0.041975517 -0.000311559 0.024106504 0.998827755
1341846331.986135 0.006269261 -0.055514786 0.218796805 0.043304659 0.005336667 0.025664698 0.998717964
1341846332.022364 -0.006990076 -0.053510651 0.234298781 0.051046036 0.011269443 0.025004888 0.998319626
1341846332.054175 -0.005623317 -0.050585613 0.254112065 0.057002179 0.010831639 0.027806658 0.997927964
1341846332.086502 -0.000440686 -0.048927687 0.262190670 0.059634488 0.010368123 0.029409682 0.997733116
1341846332.122051 -0.003372436 -0.043317497 0.273096740 0.061729595 0.011734752 0.028045878 0.997629821
1341846332.153983 -0.010005553 -0.028905939 0.286563724 0.060632747 0.011647224 0.025737941 0.997760296
1341846332.190165 -0.013424259 -0.030687146 0.305528969 0.053832848 0.010300063 0.023292119 0.998225152
1341846332.254145 -0.012736894 -0.047035255 0.333570331 0.053462900 0.010737918 0.021273732 0.998285472
1341846332.289948 -0.017266275 -0.041701574 0.348207533 0.055860948 0.010745627 0.023292355 0.998109043
1341846332.322172 -0.014737709 -0.042864501 0.356412292 0.056421094 0.010130975 0.025082197 0.998040557
1341846332.354003 -0.002097787 -0.049022824 0.363574088 0.058548979 0.010900241 0.022698509 0.997966945
1341846332.390180 -0.003674478 -0.034651402 0.371640593 0.061001398 0.015460052 0.020034216 0.997816861
1341846332.422055 -0.012493524 -0.031818356 0.383497059 0.059078492 0.018958867 0.015490123 0.997953117
1341846332.458114 -0.005150335 -0.036595397 0.393983603 0.058176119 0.020373983 0.012276625 0.998022914
1341846332.489993 -0.012556428 -0.030849613 0.408162653 0.059494358 0.022520142 0.014735396 0.997865796
1341846332.522130 -0.020375581 -0.028528202 0.419804692 0.058853343 0.019118499 0.020425702 0.997874558
1341846332.558114 -0.015862538 -0.030622788 0.429444432 0.058774464 0.013497371 0.026863767 0.997818470
1341846332.589874 -0.005368873 -0.017881304 0.431591272 0.059504889 0.009858747 0.031954493 0.997667730
1341846332.621889 -0.011523543 -0.014844265 0.431427717 0.055011112 0.011044039 0.032329407 0.997901082
1341846332.658202 -0.002278395 -0.020209005 0.441659480 0.050840087 0.010508910 0.031134274 0.998166084
1341846332.690001 0.000761850 -0.016749300 0.454976290 0.049041640 0.011021762 0.032730110 0.998199463
1341846332.726000 -0.006024796 -0.021708535 0.469485074 0.047532942 0.011003667 0.036284175 0.998149812
1341846332.758386 0.001072451 -0.019818017 0.476205140 0.048298981 0.007812174 0.037953265 0.998081028
1341846332.789937 0.007608990 -0.013135485 0.478361577 0.047941372 0.008547254 0.036280353 0.998154461
1341846332.825925 0.007232468 -0.011987403 0.494531691 0.045840170 0.011262925 0.034101322 0.998303056
1341846332.857898 0.007616362 -0.016496750 0.499390692 0.046211712 0.012607584 0.034288153 0.998263419
1341846332.894069 0.011610533 -0.000819582 0.512606800 0.047124561 0.012160216 0.034127556 0.998231828
1341846332.926029 0.021334337 0.002534129 0.515669405 0.043730106 0.011515615 0.032837413 0.998437166
1341846332.958015 0.021857055 0.003314395 0.528222144 0.040801622 0.014336533 0.029631102 0.998624921
1341846332.994073 0.024480611 0.006953761 0.535468102 0.038027626 0.015309087 0.028021351 0.998766422
1341846333.026545 0.033069395 0.007209621 0.541588843 0.035456389 0.015314735 0.026815277 0.998893976
1341846333.057998 0.036007639 0.008913048 0.550187290 0.034541659 0.017886756 0.026360162 0.998895407
1341846333.094024 0.035661831 0.007605143 0.565052748 0.034502309 0.019869803 0.029165609 0.998781323
1341846333.126095 0.044381812 0.012339395 0.565633953 0.035563555 0.020753158 0.032304734 0.998629510
1341846333.161973 0.046735995 0.021137156 0.573353231 0.035126165 0.023469269 0.033362992 0.998550057
1341846333.195660 0.047152273 0.020814300 0.579527617 0.032336019 0.025540583 0.035350706 0.998525083
1341846333.226331 0.046195921 0.021457668 0.584489882 0.030955004 0.026644586 0.034736656 0.998561561
1341846333.262056 0.049178731 0.030505884 0.592868209 0.028721984 0.026912866 0.033270076 0.998671055
1341846333.294147 0.049153663 0.024363466 0.598554730 0.024356291 0.026940528 0.032522622 0.998810887
1341846333.326100 0.050649803 0.025747124 0.600452125 0.022914207 0.025675040 0.030718707 0.998935461
1341846333.362100 0.057599731 0.034752525 0.603204787 0.020538079 0.024041455 0.030105397 0.999046445
1341846333.394119 0.057562597 0.028824430 0.607635140 0.016863767 0.022908183 0.030422341 0.999132276
1341846333.429974 0.059799783 0.030777154 0.608791053 0.016254557 0.020928890 0.030253431 0.999190927
1341846333.462115 0.065564722 0.028776085 0.611892045 0.015784541 0.020523252 0.028954096 0.999245346
1341846333.494040 0.064063095 0.029178241 0.613076508 0.016836884 0.021700798 0.027760029 0.999237180
1341846333.529953 0.073264986 0.029888326 0.613599062 0.017638611 0.021563031 0.027786508 0.999225616
1341846333.562063 0.065473437 0.030510228 0.616125047 0.018670866 0.025329882 0.028832797 0.999088824
1341846333.594090 0.059279043 0.040993907 0.616195440 0.018558322 0.025415462 0.029219516 0.999077499
1341846333.629994 0.031355791 0.042789891 0.616495311 0.015641185 0.028019987 0.027615696 0.999103427
1341846333.662127 0.044001512 0.046236120 0.613294780 0.013187702 0.024643032 0.027519660 0.999230444
1341846333.697964 0.062199920 0.031122714 0.615327537 0.009120685 0.021514177 0.028295523 0.999326408
1341846333.730092 0.059780963 0.027965747 0.608062208 0.011172949 0.022222353 0.029232347 0.999263108
1341846333.762089 0.061544079 0.030785602 0.605273724 0.013003520 0.022636386 0.030677306 0.999188423
1341846333.798006 0.058475565 0.027948543 0.602764726 0.014327393 0.023494305 0.030425085 0.999158144
1341846333.830055 0.060502581 0.027049033 0.597700179 0.016679445 0.024413792 0.028282531 0.999162555
1341846333.866045 0.055930831 0.029492162 0.593491018 0.018205866 0.026086381 0.027126573 0.999125719
1341846333.897987 0.054044649 0.024300372 0.590036988 0.019312782 0.026210688 0.026002159 0.999131560
1341846333.930099 0.057309620 0.021771772 0.582674980 0.021855623 0.026397586 0.025305996 0.999092162
1341846333.965889 0.051615961 0.023080854 0.576482236 0.024367400 0.028065437 0.024805233 0.999001145
1341846333.997985 0.052495122 0.018305749 0.572068453 0.026490163 0.028739413 0.024683403 0.998930931
1341846334.030076 0.049403347 0.020913024 0.563727558 0.030027160 0.030144919 0.024976686 0.998782158
1341846334.066000 0.044500090 0.016521588 0.556754291 0.031011727 0.029977350 0.026797881 0.998709917
1341846334.097932 0.043586146 0.017849762 0.549517274 0.033374932 0.030111853 0.026626656 0.998634279
1341846334.133884 0.039940752 0.018454693 0.544194281 0.035187785 0.031279180 0.026843928 0.998530328
1341846334.166115 0.030559959 0.018445462 0.537463844 0.035361618 0.030888226 0.027215136 0.998526335
1341846334.198072 0.032475404 0.017899841 0.529480577 0.035866365 0.028692337 0.026777731 0.998585641
1341846334.234097 0.032898020 0.019786611 0.523243487 0.036580600 0.029322999 0.025677178 0.998570323
1341846334.266045 0.026002750 0.015761800 0.516151249 0.036010932 0.031328510 0.025780689 0.998527467
1341846334.297946 0.020577200 0.014808975 0.509645998 0.037142195 0.029934255 0.027756734 0.998475850
1341846334.334036 0.020801060 0.017479099 0.499906093 0.037891783 0.028070483 0.027635703 0.998505116
1341846334.365871 0.019989602 0.017394688 0.493984580 0.037279326 0.028109226 0.026231704 0.998564959
1341846334.401845 0.015315185 0.018923596 0.490356207 0.036475088 0.029282281 0.024913952 0.998594701
1341846334.433864 0.007547894 0.012236878 0.481203586 0.035763215 0.028820377 0.025360789 0.998622656
1341846334.466105 0.003548656 0.014916148 0.475896984 0.036589481 0.027509285 0.026167551 0.998608887
1341846334.502142 -0.001102345 0.016655076 0.467638075 0.035647925 0.026295288 0.026431715 0.998668671
1341846334.540153 -0.002907868 0.015081897 0.458646804 0.035109624 0.025205065 0.025150450 0.998748958
1341846334.602351 -0.010933161 0.021646595 0.438947946 0.030571710 0.021588538 0.019088482 0.999117076
1341846334.670161 -0.013944406 0.016545301 0.427058458 0.025293017 0.018731287 0.012147142 0.999430776
1341846334.702085 -0.021365061 0.014807437 0.419822782 0.024103995 0.017036732 0.012745366 0.999482989
1341846334.734751 -0.023563478 0.013147907 0.410550714 0.024247766 0.014568406 0.013774417 0.999504924
1341846334.770889 -0.028046072 0.012251679 0.401473135 0.024175549 0.013151754 0.016363407 0.999487281
1341846334.802194 -0.031773929 0.013332354 0.389943510 0.023893666 0.010593052 0.016797742 0.999517262
1341846334.833908 -0.031246444 0.014915312 0.381712377 0.023492595 0.009026806 0.015477705 0.999563456
1341846334.869874 -0.032238729 0.016479019 0.372262925 0.021937821 0.008219505 0.015913850 0.999598861
1341846334.902006 -0.039212372 0.012579828 0.360970765 0.019961582 0.007103308 0.016484655 0.999639630
1341846334.938010 -0.041240864 0.010613721 0.349029690 0.019276965 0.003954448 0.015906196 0.999679863
1341846334.970032 -0.037352052 0.011200292 0.345210224 0.019487081 0.002489270 0.015067345 0.999693453
1341846335.002203 -0.045107350 0.006503662 0.333203375 0.020829838 0.003664997 0.016421888 0.999641418
1341846335.037880 -0.045571797 0.005444021 0.313159555 0.022796715 0.000093599 0.019513039 0.999549687
1341846335.069990 -0.047035396 0.011190284 0.312138200 0.023881121 -0.002699643 0.019324314 0.999524355
1341846335.106038 -0.043921284 0.009522205 0.301751792 0.024143331 -0.001814425 0.016978795 0.999562681
1341846335.138045 -0.052045144 0.007966646 0.294298261 0.025762137 -0.000228096 0.016014814 0.999539793
1341846335.169900 -0.055432305 0.010016133 0.273748934 0.025887102 -0.002888190 0.016421018 0.999525785
1341846335.206091 -0.056891087 0.012331115 0.273563385 0.025473975 -0.004481930 0.013241835 0.999577701
1341846335.239365 -0.053749964 0.007149600 0.263953626 0.025117055 -0.003847674 0.011111115 0.999615371
1341846335.269948 -0.059335332 0.005417299 0.252589405 0.026682310 -0.002072334 0.009708999 0.999594629
1341846335.305972 -0.063313395 0.005556217 0.241470307 0.028646149 -0.003668825 0.010775001 0.999524772
1341846335.338012 -0.060849905 0.004789746 0.233051449 0.030060994 -0.005227116 0.012499932 0.999456227
1341846335.374005 -0.053446516 -0.005856094 0.215197757 0.033542540 -0.004170416 0.013881032 0.999332190
1341846335.406025 -0.057744890 -0.006731728 0.205466345 0.040074442 -0.001527189 0.016037267 0.999066770
1341846335.438079 -0.058067255 0.002003705 0.193874985 0.045607027 -0.001006847 0.019701291 0.998764634
1341846335.473998 -0.056404173 0.006711598 0.185732737 0.047999330 0.000348298 0.020398820 0.998638988
1341846335.507038 -0.056778952 0.010552594 0.171925262 0.049178969 0.003033950 0.018063778 0.998622000
1341846335.538040 -0.062538773 0.015813971 0.166142151 0.048780862 0.005708802 0.016046599 0.998664260
1341846335.574119 -0.069263510 0.021746555 0.156699732 0.046914596 0.005990575 0.016465520 0.998745203
1341846335.605970 -0.066338949 0.013584499 0.148015156 0.044673298 0.004799295 0.015934013 0.998863041
1341846335.641978 -0.065794140 0.014829100 0.135816932 0.045980431 0.006089534 0.013431021 0.998833477
1341846335.673993 -0.071856990 0.019131493 0.126818493 0.045983180 0.007050844 0.013066259 0.998831868
1341846335.706178 -0.072890237 0.017717071 0.118669443 0.045424506 0.005489130 0.013916574 0.998855770
1341846335.741982 -0.072793677 0.016057406 0.108837165 0.045790978 0.005367974 0.013290626 0.998848200
1341846335.773960 -0.078569137 0.021340501 0.097671412 0.046270914 0.006323274 0.012724579 0.998827875
1341846335.806271 -0.080859140 0.027747516 0.085545138 0.044620220 0.005780810 0.012666539 0.998906970
1341846335.842031 -0.075927466 0.019217374 0.076435626 0.041868467 0.005999106 0.013444473 0.999014676
1341846335.873966 -0.079209484 0.020268470 0.065363370 0.043014269 0.007793194 0.012490746 0.998965979
1341846335.910005 -0.086725734 0.025779117 0.055768229 0.042849563 0.008140536 0.013824779 0.998952687
1341846335.941936 -0.088534035 0.023918996 0.043967824 0.041680161 0.006118085 0.014653357 0.999004781
1341846335.974198 -0.088584572 0.025251569 0.036775701 0.041722830 0.005208531 0.012283589 0.999040127
1341846336.010032 -0.089234523 0.024791375 0.022822494 0.041274145 0.005119333 0.011556816 0.999067903
1341846336.042129 -0.096292548 0.025842823 0.012220953 0.040484134 0.004100343 0.011643097 0.999103904
1341846336.078076 -0.096741110 0.021221204 0.003424666 0.040009260 0.002143203 0.011183165 0.999134421
1341846336.110739 -0.097482972 0.024877599 -0.000827407 0.040893547 0.001914443 0.009876620 0.999112844
1341846336.142002 -0.105015770 0.025187097 -0.009530789 0.040832642 0.002185555 0.010569235 0.999107659
1341846336.183953 -0.108841874 0.028712260 -0.021057935 0.040741332 -0.000373896 0.011503614 0.999103427
1341846336.241891 -0.106499828 0.028421177 -0.028665658 0.038751386 -0.001497793 0.010760691 0.999189794
1341846336.277946 -0.115474224 0.022622621 -0.037268471 0.038846366 -0.000649380 0.013000523 0.999160349
1341846336.309977 -0.119248636 0.021462116 -0.048638888 0.041362770 -0.002877468 0.015764942 0.999015629
1341846336.346143 -0.118907094 0.027844856 -0.058189243 0.043656241 -0.004410932 0.016669575 0.998897791
1341846336.377975 -0.117934823 0.027419329 -0.064650021 0.044415802 -0.004341599 0.015767133 0.998879254
1341846336.410032 -0.123789012 0.031077739 -0.076233849 0.045632347 -0.003181210 0.015503258 0.998832881
1341846336.446041 -0.125335768 0.036568083 -0.084371328 0.045319635 -0.003994397 0.015982317 0.998836696
1341846336.477990 -0.125179082 0.032477096 -0.092573501 0.043961436 -0.003890526 0.015472133 0.998905838
1341846336.510056 -0.125970736 0.032140598 -0.096881859 0.044326067 -0.003350974 0.016135890 0.998881161
1341846336.546024 -0.127243772 0.032479078 -0.104943648 0.045221478 -0.003277674 0.018421909 0.998801708
1341846336.578003 -0.127663925 0.037952825 -0.115075216 0.045183294 -0.003771340 0.020038951 0.998770595
1341846336.614020 -0.125837728 0.038356740 -0.116799235 0.044475660 -0.003343383 0.019275205 0.998818874
1341846336.645982 -0.133389592 0.042828713 -0.123377308 0.043674104 -0.001640862 0.018166969 0.998879254
1341846336.678036 -0.139367402 0.038087785 -0.129323989 0.041653004 -0.003344079 0.018677205 0.998951972
1341846336.714024 -0.141956702 0.032099143 -0.127289340 0.042926639 -0.005330161 0.018367829 0.998895109
1341846336.746016 -0.145074025 0.029849395 -0.137711033 0.046619967 -0.007477178 0.020563932 0.998673022
1341846336.778014 -0.151158020 0.036739491 -0.153196603 0.049580775 -0.010781578 0.023601508 0.998432994
1341846336.820006 -0.150458947 0.039099682 -0.156009331 0.050296698 -0.014683553 0.025722688 0.998295009
1341846336.882056 -0.153780624 0.039078608 -0.168475941 0.052816752 -0.016859032 0.024701940 0.998156309
1341846336.914273 -0.155950576 0.028035715 -0.185724080 0.054272998 -0.021431426 0.027570097 0.997915328
1341846336.945998 -0.149221361 0.027309719 -0.182740614 0.060424805 -0.028489312 0.030093823 0.997312129
1341846336.981980 -0.155454457 0.051261440 -0.194973513 0.065175302 -0.031740192 0.027175000 0.996998608
1341846337.014238 -0.163622752 0.055712380 -0.187472805 0.062567435 -0.033978369 0.024913218 0.997150958
1341846337.046017 -0.157628492 0.048197143 -0.186317727 0.059918780 -0.035632554 0.020172250 0.997363091
1341846337.082104 -0.157358244 0.048667144 -0.196886331 0.059103671 -0.036260169 0.017676501 0.997436464
1341846337.114317 -0.161013380 0.049551576 -0.199844137 0.057397794 -0.038494378 0.017177120 0.997461140
1341846337.150037 -0.162957534 0.048195295 -0.195463568 0.055785473 -0.040153589 0.015417511 0.997515917
1341846337.181873 -0.159165725 0.049912699 -0.195591137 0.055562489 -0.040214542 0.012443446 0.997567415
1341846337.214073 -0.161804110 0.058737218 -0.204889387 0.053493295 -0.038616106 0.010488820 0.997766137
1341846337.250087 -0.171120703 0.043109559 -0.208858579 0.049922593 -0.039714612 0.012042751 0.997890532
1341846337.282028 -0.169191062 0.045212869 -0.209190816 0.051294249 -0.044059660 0.015491246 0.997590959
1341846337.317920 -0.162579611 0.051457506 -0.206119403 0.051349204 -0.045865212 0.015990544 0.997498870
1341846337.350018 -0.166148812 0.058463551 -0.216785550 0.050036371 -0.044695087 0.015153962 0.997631729
1341846337.382159 -0.162172124 0.050062597 -0.218477607 0.046733636 -0.044645451 0.013177857 0.997822165
1341846337.417941 -0.164872289 0.041428484 -0.218887031 0.047226135 -0.044014882 0.014355754 0.997810721
1341846337.450137 -0.166108832 0.049185704 -0.231623188 0.048110835 -0.045795400 0.015257294 0.997674942
1341846337.482096 -0.165057659 0.047067054 -0.225880012 0.046587832 -0.046078186 0.015989555 0.997722745
1341846337.518008 -0.166815326 0.041226245 -0.225344911 0.047336210 -0.046450917 0.016125603 0.997668028
1341846337.549978 -0.167896554 0.050638743 -0.237850785 0.048049357 -0.047123864 0.014198451 0.997631669
1341846337.585971 -0.167652369 0.048311234 -0.235127360 0.044949088 -0.047302410 0.012722180 0.997787654
1341846337.617903 -0.161964521 0.029933792 -0.234747320 0.045054439 -0.048234858 0.013625265 0.997726321
1341846337.650141 -0.162212282 0.045659781 -0.238157809 0.048542816 -0.048622336 0.013147805 0.997550309
1341846337.686352 -0.161608875 0.053526729 -0.236428767 0.047107883 -0.048333496 0.013414146 0.997629583
1341846337.718002 -0.160479352 0.048090570 -0.227747902 0.045200992 -0.048017882 0.013129826 0.997736812
1341846337.749920 -0.155831963 0.051576655 -0.228189960 0.045040280 -0.046398818 0.012597662 0.997827530
1341846337.786157 -0.153062090 0.056855984 -0.223923787 0.042075545 -0.043825064 0.012911230 0.998069286
1341846337.817945 -0.153705448 0.052938662 -0.212336481 0.039551061 -0.041625738 0.014787499 0.998240590
1341846337.854071 -0.151971176 0.059404738 -0.211955220 0.038666647 -0.038367461 0.013708474 0.998421192
1341846337.885951 -0.155890644 0.064731851 -0.206921414 0.035805210 -0.035799388 0.012189260 0.998642981
1341846337.918223 -0.151680246 0.061267707 -0.200964123 0.031269129 -0.034805752 0.009568532 0.998858988
1341846337.954120 -0.153421924 0.059189707 -0.195890397 0.028827334 -0.033100832 0.009025671 0.998995423
1341846337.985994 -0.147931844 0.069009162 -0.192881271 0.026675118 -0.032631319 0.009523829 0.999065995
1341846338.018107 -0.147332162 0.061568663 -0.180108368 0.022789141 -0.031020299 0.010583653 0.999202907
1341846338.054055 -0.146036893 0.069115877 -0.176531285 0.021083469 -0.029476883 0.009155479 0.999301136
1341846338.085986 -0.140375793 0.068546794 -0.164418384 0.017457902 -0.026608847 0.009100727 0.999451995
1341846338.121875 -0.141611427 0.062247694 -0.156269506 0.015104521 -0.024348032 0.011417370 0.999524236
1341846338.154089 -0.145281240 0.060603041 -0.150537357 0.014098924 -0.023497552 0.014679698 0.999516666
1341846338.186029 -0.139166087 0.063088112 -0.140924692 0.013116985 -0.024431188 0.017269710 0.999466300
1341846338.222071 -0.137301832 0.069100782 -0.133449510 0.012422917 -0.023047980 0.015648467 0.999534726
1341846338.254107 -0.136750296 0.063814126 -0.122607224 0.010293356 -0.021270372 0.016578404 0.999583304
1341846338.290130 -0.134106785 0.061463125 -0.113998905 0.010465669 -0.021511428 0.018511107 0.999542415
1341846338.321952 -0.133259311 0.066693440 -0.106805816 0.010767723 -0.020532887 0.020202080 0.999527037
1341846338.354022 -0.130622715 0.066924810 -0.093879767 0.010378252 -0.020052170 0.020311635 0.999538720
1341846338.389969 -0.130950347 0.072512157 -0.088779092 0.010203879 -0.019095920 0.020967422 0.999545693
1341846338.422377 -0.130435556 0.069465421 -0.075877383 0.008163190 -0.018664241 0.020795990 0.999576151
1341846338.454010 -0.130731091 0.075762592 -0.066577710 0.007704755 -0.019054715 0.019656096 0.999595523
1341846338.489894 -0.127432182 0.069631547 -0.055552501 0.005363370 -0.019739166 0.020128209 0.999588132
1341846338.522066 -0.121888377 0.068140328 -0.044888165 0.006137577 -0.019687511 0.019871598 0.999589860
1341846338.558058 -0.124811731 0.074323796 -0.041945651 0.005686715 -0.019407932 0.019415015 0.999606967
1341846338.589842 -0.121799462 0.072413109 -0.028507842 0.003454183 -0.019783489 0.018902997 0.999619603
1341846338.622019 -0.114900135 0.071114086 -0.014290351 0.004117401 -0.019297076 0.020350549 0.999598205
1341846338.657984 -0.121564485 0.077088863 -0.011215532 0.004885220 -0.018718623 0.021807019 0.999575019
1341846338.690198 -0.111741766 0.078018472 -0.000081126 0.002783603 -0.020249598 0.021706611 0.999555409
1341846338.722454 -0.108219080 0.072326392 0.014273032 0.001668691 -0.019214537 0.022160836 0.999568343
1341846338.757945 -0.115124553 0.079611801 0.016709683 0.002403764 -0.018622007 0.023524178 0.999546945
1341846338.790039 -0.110114254 0.078301661 0.028978212 0.000070822 -0.021095537 0.023924299 0.999491155
1341846338.826048 -0.101290375 0.077485949 0.041276071 0.000489419 -0.020799879 0.022567546 0.999528825
1341846338.858027 -0.105266750 0.083155118 0.047162492 0.000685496 -0.018764243 0.021742597 0.999587238
1341846338.889902 -0.102881253 0.082024120 0.058466412 -0.002086241 -0.019902084 0.021258958 0.999573708
1341846338.925948 -0.094318286 0.079739995 0.071608379 -0.002687694 -0.019919042 0.019515105 0.999607503
1341846338.958108 -0.093271621 0.079809383 0.081968501 -0.002632141 -0.017940141 0.019184489 0.999651551
1341846338.990057 -0.094695494 0.078419499 0.097066142 -0.002298132 -0.017467309 0.019432697 0.999655962
1341846339.025928 -0.089256272 0.078335568 0.112628825 -0.000080153 -0.016853021 0.019932814 0.999659300
1341846339.057939 -0.088517539 0.082904622 0.114642337 0.002811541 -0.014329282 0.019785015 0.999697626
1341846339.093927 -0.094538413 0.087950177 0.119883016 0.001887169 -0.014227703 0.021353384 0.999668956
1341846339.126562 -0.086757846 0.093981408 0.128701359 -0.000835802 -0.015640790 0.019180452 0.999693334
1341846339.157969 -0.076775357 0.093316019 0.143598318 -0.003264013 -0.013766228 0.017367320 0.999749064
1341846339.194113 -0.084394276 0.096028723 0.148870841 -0.005201530 -0.011881369 0.018343834 0.999747574
1341846339.228165 -0.080209218 0.099278547 0.161426321 -0.008624102 -0.014288868 0.021148581 0.999637008
1341846339.257998 -0.069255158 0.095874526 0.176947147 -0.011694595 -0.014541097 0.021503329 0.999594629
1341846339.294132 -0.071922719 0.100571312 0.185347676 -0.011209722 -0.011572168 0.022345861 0.999620438
1341846339.326577 -0.078300998 0.110593796 0.181399629 -0.014405799 -0.012763610 0.025408367 0.999491870
1341846339.362269 -0.069544159 0.102418922 0.194261268 -0.019426722 -0.015501102 0.022952227 0.999427617
1341846339.394725 -0.061537582 0.104119331 0.210269347 -0.020040629 -0.014158393 0.022747675 0.999440074
1341846339.462186 -0.055567320 0.101372957 0.224763930 -0.024047298 -0.015183431 0.022593161 0.999340177
1341846339.496743 -0.043657076 0.102348134 0.236977950 -0.020925103 -0.012473084 0.020655366 0.999489844
1341846339.562052 -0.046480644 0.100259811 0.260511398 -0.019994546 -0.008908324 0.023215596 0.999490798
1341846339.595122 -0.034676716 0.100378402 0.267949492 -0.018156229 -0.009342178 0.022779876 0.999531984
1341846339.632085 -0.031630941 0.106308497 0.280588210 -0.016017677 -0.005539075 0.019963792 0.999657035
1341846339.664568 -0.032331903 0.104759820 0.286089271 -0.015947696 -0.002560970 0.018055318 0.999706507
1341846339.698896 -0.028633324 0.101862721 0.298273176 -0.016552800 -0.001776928 0.017677937 0.999705136
1341846339.731977 -0.026322592 0.103950813 0.305567473 -0.015945975 -0.001450967 0.015889859 0.999745548
1341846339.762241 -0.021075971 0.100306503 0.313557833 -0.015942100 -0.000431938 0.015901264 0.999746382
1341846339.797873 -0.019892449 0.099226303 0.320394099 -0.016184147 0.000020840 0.017328873 0.999718845
1341846339.830245 -0.016839961 0.099640578 0.330862224 -0.016220834 -0.000537420 0.017278178 0.999718964
1341846339.862015 -0.014768722 0.101177417 0.335327059 -0.016557306 -0.000258991 0.017035907 0.999717712
1341846339.897797 -0.009228053 0.099543452 0.344364166 -0.017666223 0.000374882 0.016709948 0.999704242
1341846339.929916 -0.008500669 0.094347402 0.354652286 -0.018582847 0.001561398 0.018714279 0.999650955
1341846339.961960 -0.005624712 0.093125857 0.360986382 -0.017294426 0.000861625 0.019372335 0.999662399
1341846339.997845 -0.000522337 0.094685040 0.362347841 -0.015633931 0.001744887 0.018999724 0.999695718
1341846340.029925 0.002768290 0.093200363 0.368437916 -0.015007148 0.003932807 0.020565005 0.999668121
1341846340.066044 0.002710471 0.092031606 0.373485267 -0.012933797 0.005501689 0.021595206 0.999668002
1341846340.098009 0.004421554 0.093248554 0.379260898 -0.012183208 0.005959705 0.022551941 0.999653697
1341846340.130102 0.006525177 0.094046570 0.388181090 -0.012489737 0.005852490 0.021725768 0.999668837
1341846340.166041 0.013422124 0.089818217 0.391801625 -0.012118631 0.007721338 0.019210327 0.999712169
1341846340.197867 0.012557065 0.093026645 0.399444729 -0.010769116 0.010326491 0.019438026 0.999699712
1341846340.229904 0.013242025 0.094322935 0.408511817 -0.011839622 0.010102591 0.019456480 0.999689579
1341846340.265859 0.019171584 0.090150386 0.413527697 -0.012757125 0.010805639 0.018577434 0.999687612
1341846340.298061 0.020033557 0.090861648 0.422003508 -0.010603978 0.013342665 0.018853124 0.999677002
1341846340.334063 0.016159847 0.099030606 0.429630309 -0.010712445 0.012983566 0.020675359 0.999644518
1341846340.366064 0.024399322 0.090267673 0.434742451 -0.013393394 0.010268630 0.020114157 0.999655247
1341846340.397995 0.028448954 0.090761639 0.441076994 -0.011246426 0.010594186 0.019620605 0.999688148
1341846340.433895 0.026844814 0.093456797 0.447287828 -0.010480658 0.010662130 0.020995893 0.999667764
1341846340.465959 0.025581084 0.092795081 0.448117912 -0.009886584 0.008635609 0.022768727 0.999654591
1341846340.501858 0.030747812 0.091402031 0.446243167 -0.009348484 0.004951428 0.022852190 0.999682903
1341846340.534329 0.038711943 0.093770757 0.445028126 -0.008657292 0.002691173 0.022538785 0.999704838
1341846340.566041 0.041965939 0.090136550 0.449206531 -0.007652019 0.001752527 0.023507955 0.999692798
1341846340.601909 0.046509217 0.089661919 0.447086930 -0.005132940 0.000899858 0.023775268 0.999703765
1341846340.634005 0.049673475 0.091725454 0.441318303 -0.004328822 0.000190579 0.022787383 0.999730945
1341846340.666028 0.053598206 0.088563696 0.438349873 -0.004967944 0.000435320 0.020670222 0.999773920
1341846340.701946 0.057019845 0.086197250 0.435212046 -0.003238013 0.001767674 0.018481748 0.999822378
1341846340.733954 0.060187146 0.091163166 0.436973721 -0.001667457 0.003049403 0.017083947 0.999848008
1341846340.770081 0.059720621 0.091360047 0.431943417 -0.002583681 0.003757471 0.014076969 0.999890566
1341846340.801980 0.066529639 0.089304551 0.428674102 -0.002740803 0.004110690 0.008663733 0.999950230
1341846340.833999 0.067748472 0.092406794 0.428325176 -0.002695768 0.006276087 0.004812444 0.999965072
1341846340.870013 0.063474208 0.091448799 0.429614514 -0.004101260 0.006694457 0.002911845 0.999964893
1341846340.901955 0.066930689 0.087703496 0.428220987 -0.003538615 0.005996637 0.002937298 0.999971449
1341846340.933918 0.063954085 0.087963812 0.424651712 -0.001575215 0.005961886 0.005663822 0.999964952
1341846340.970122 0.063047402 0.091295511 0.423047960 0.000155752 0.002968117 0.010723001 0.999938071
1341846341.001922 0.063722871 0.085862167 0.422466308 0.000852677 -0.001005384 0.015911875 0.999872506
1341846341.037923 0.065625504 0.088979006 0.418702036 0.002495680 -0.003647507 0.018420914 0.999820530
1341846341.070300 0.065133996 0.087384380 0.415289372 0.002789506 -0.004425331 0.018705273 0.999811351
1341846341.102028 0.063614123 0.087463096 0.413896739 0.002711211 -0.005751056 0.018971073 0.999799788
1341846341.137982 0.064182296 0.088286653 0.411162794 0.002910234 -0.007717694 0.019184098 0.999781907
1341846341.170048 0.067020193 0.086260147 0.408071756 0.003269406 -0.008346390 0.020008145 0.999759614
1341846341.202110 0.062949859 0.083703429 0.404445916 0.004481986 -0.008074553 0.021914378 0.999717176
1341846341.237996 0.066964835 0.085392676 0.403416187 0.006357139 -0.008322613 0.022330869 0.999695778
1341846341.269883 0.066730991 0.085965902 0.400728345 0.007574894 -0.007938020 0.022949113 0.999676406
1341846341.306107 0.061534330 0.087245442 0.399962753 0.008297542 -0.007905792 0.021848394 0.999695599
1341846341.338109 0.063697085 0.085638173 0.395068944 0.009018102 -0.007570793 0.019826876 0.999734104
1341846341.370120 0.066381864 0.085686341 0.397592127 0.009650006 -0.006820867 0.017395966 0.999778807
1341846341.406074 0.059570465 0.086050600 0.397055626 0.009764026 -0.005705085 0.016715005 0.999796331
1341846341.438113 0.059353035 0.081188150 0.395678699 0.010532252 -0.007444276 0.016493676 0.999780774
1341846341.470024 0.062010936 0.082279503 0.390424043 0.013488911 -0.007704423 0.014773348 0.999770224
1341846341.506077 0.060002945 0.090291761 0.388164818 0.014071208 -0.006767519 0.013860513 0.999782026
1341846341.538156 0.056304909 0.084214650 0.389886320 0.012355139 -0.008324043 0.014460884 0.999784410
1341846341.574016 0.059208531 0.084602848 0.387734354 0.013499106 -0.010782381 0.015379633 0.999732435
1341846341.612466 0.056627139 0.088227011 0.385184795 0.014433535 -0.011041138 0.015371519 0.999716699
1341846341.643972 0.053687435 0.090002097 0.385961950 0.013761009 -0.012168761 0.014343760 0.999728382
1341846341.679982 0.052966427 0.085861512 0.383428782 0.012954248 -0.013633477 0.015127290 0.999708712
1341846341.712332 0.050592415 0.087373696 0.382195115 0.013856969 -0.015576864 0.017925441 0.999621928
1341846341.744185 0.055027343 0.087485015 0.379277378 0.014310860 -0.018248376 0.020127805 0.999528408
1341846341.780061 0.053827364 0.087882943 0.378583461 0.014767946 -0.018626703 0.021461226 0.999487042
1341846341.842595 0.058965653 0.079761162 0.372361004 0.016268877 -0.019884884 0.026509989 0.999318302
1341846341.906227 0.058339886 0.077293828 0.368813962 0.019545002 -0.020300146 0.031139942 0.999117672
1341846341.942069 0.058805734 0.074667320 0.367307633 0.022823084 -0.020263650 0.033087704 0.998986304
1341846341.974775 0.058281079 0.075557873 0.362766802 0.026112638 -0.020283429 0.034636531 0.998852849
1341846342.010161 0.056641068 0.076950163 0.360957921 0.027014431 -0.021456130 0.036448099 0.998739898
1341846342.042024 0.062896401 0.069756620 0.360867172 0.028035788 -0.022783797 0.036782168 0.998670101
1341846342.080032 0.065254115 0.072726279 0.357029587 0.030417059 -0.020659165 0.036752287 0.998647749
1341846342.112265 0.059999499 0.069343448 0.354590595 0.030236073 -0.019471444 0.039070562 0.998589039
1341846342.147954 0.060726479 0.064090200 0.356510520 0.032424007 -0.020785378 0.040991753 0.998416901
1341846342.179852 0.065537587 0.066818058 0.351985544 0.035441078 -0.020588361 0.042467769 0.998256743
1341846342.211848 0.066257671 0.067779437 0.351029545 0.035972875 -0.020277405 0.042362239 0.998248577
1341846342.247920 0.067145817 0.065802015 0.351069748 0.037136376 -0.020133272 0.041004192 0.998265564
1341846342.279870 0.068024166 0.064956315 0.347731352 0.038440194 -0.019557390 0.041631509 0.998201728
1341846342.316068 0.067906111 0.066059992 0.345932037 0.039858021 -0.019426653 0.042470768 0.998113275
1341846342.347894 0.068838507 0.068538420 0.345293373 0.040471837 -0.019485882 0.042375460 0.998091459
1341846342.379953 0.069097608 0.065982021 0.347210705 0.040415846 -0.018830614 0.042553235 0.998098791
1341846342.416195 0.067021862 0.067939192 0.346647173 0.041224774 -0.018405141 0.043602679 0.998028338
