1341846647.802247 0.000000000 0.000000000 0.000000000 0.000000000 0.000000000 0.000000000 1.000000000
1341846647.834093 0.001993774 -0.002953863 -0.001433518 0.000190502 0.000039057 0.001453626 0.999998927
1341846647.866652 0.001809861 -0.004523572 -0.008476796 0.001249948 0.002636458 0.003275472 0.999990404
1341846647.901972 0.005836087 0.003527765 -0.006095245 0.002554412 0.004372287 0.003303371 0.999981701
1341846647.934224 0.003280500 0.004070804 -0.007461991 0.001374689 0.005049707 0.003440775 0.999980390
1341846647.970225 0.012043399 0.001358754 -0.006216244 0.000524857 0.002194836 0.004650541 0.999986649
1341846648.002341 0.012308150 0.010000442 -0.008123173 0.001093863 0.001465374 0.004413210 0.999988556
1341846648.034343 0.018755903 0.001686968 -0.008241479 -0.002599741 -0.000642873 0.004104638 0.999987960
1341846648.070164 0.005328402 0.006901991 0.012730649 -0.002943584 -0.001776125 0.003451928 0.999988139
1341846648.102152 0.004553605 0.004885734 0.009873992 -0.002534446 -0.004707398 0.004427590 0.999975920
1341846648.138185 0.014492664 0.012428530 0.007880152 -0.002050810 -0.007524400 0.004369203 0.999960005
1341846648.170568 0.014837462 0.009239881 0.004322968 -0.005575891 -0.009107434 0.003479797 0.999936938
1341846648.202106 0.022069646 -0.001987439 0.006111009 -0.008872587 -0.014871761 0.003336093 0.999844491
1341846648.238157 0.021806866 -0.001837935 0.005003590 -0.008206314 -0.019717986 0.003490260 0.999765813
1341846648.270152 0.018035522 0.001316139 -0.004785168 -0.009828997 -0.023846878 0.001711766 0.999665797
1341846648.302183 0.019294446 0.006682799 -0.003737257 -0.014228942 -0.028737288 -0.004029672 0.999477565
1341846648.338170 0.023596318 0.002366170 -0.003628053 -0.018030645 -0.034427550 -0.006863324 0.999220967
1341846648.370216 0.018819567 0.006107334 -0.017107394 -0.018833989 -0.040080920 -0.006367905 0.998998642
1341846648.406052 0.017330550 0.005459011 -0.019315265 -0.020261526 -0.049607400 -0.006178767 0.998544157
1341846648.438342 0.021214284 0.007223052 -0.016927307 -0.019790554 -0.055553380 -0.003824722 0.998252213
1341846648.470076 0.017930498 0.010943754 -0.019879989 -0.020013826 -0.059915971 -0.003622927 0.997996211
1341846648.506263 0.032200448 0.006360648 -0.020725841 -0.024516895 -0.069003701 -0.003727018 0.997308135
1341846648.538249 0.055804547 0.008560467 -0.010847355 -0.027172558 -0.079477653 -0.002997094 0.996461749
1341846648.570179 0.062999144 0.017774945 -0.009122018 -0.028577494 -0.083784275 -0.004255354 0.996064961
1341846648.606081 0.048800681 0.008015128 -0.018999189 -0.032750763 -0.085085966 -0.004931425 0.995822966
1341846648.638395 0.071648248 0.008710530 -0.003069364 -0.032310426 -0.099192679 -0.006650354 0.994521320
1341846648.674053 0.084925674 0.001911046 -0.000570370 -0.032459673 -0.105291158 -0.006566126 0.993889868
1341846648.706058 0.076799594 -0.001100101 -0.018361650 -0.033201292 -0.110081270 -0.007889004 0.993336558
1341846648.738116 0.100064799 -0.008596970 -0.002210997 -0.035652630 -0.123665355 -0.005311203 0.991669059
1341846648.774049 0.107984275 0.000000224 0.007059773 -0.030983092 -0.127742529 -0.006037392 0.991304934
1341846648.805941 0.114049621 -0.009082263 -0.012967680 -0.031093471 -0.130246446 -0.001878053 0.990992188
1341846648.838602 0.113854714 -0.005231557 -0.012124171 -0.031461414 -0.137687445 0.000145765 0.989975929
1341846648.874088 0.129428193 0.005301518 0.000899911 -0.031201404 -0.144708171 -0.003399191 0.988976479
1341846648.906165 0.139250889 -0.015390188 -0.000023004 -0.037281223 -0.150199056 0.000903765 0.987952232
1341846648.942154 0.143537864 -0.021224946 -0.010243576 -0.037928022 -0.166470096 0.005061324 0.985303760
1341846648.974090 0.159476936 0.003045585 -0.002410680 -0.036324218 -0.179335400 0.002865345 0.983112991
1341846649.006157 0.155007109 0.004905897 0.023373891 -0.039576080 -0.183164626 -0.000438719 0.982285202
1341846649.042101 0.164572954 -0.012757223 0.017285954 -0.042006742 -0.191958740 0.001374879 0.980502605
1341846649.074128 0.153642014 0.005054113 -0.008382343 -0.039862618 -0.195605204 -0.009039033 0.979830563
1341846649.106188 0.167692378 0.008823718 0.015644975 -0.042302519 -0.199474081 -0.018009499 0.978823900
1341846649.142042 0.170238033 0.004863228 0.025692955 -0.045848802 -0.203339204 -0.020652760 0.977816224
1341846649.174442 0.193189666 -0.004342646 0.028096464 -0.049859505 -0.211258501 -0.021929165 0.975911379
1341846649.216152 0.191546038 -0.008231789 0.030915026 -0.051566053 -0.210816234 -0.025763100 0.975824594
1341846649.248048 0.195264548 -0.006828545 0.031268287 -0.053393502 -0.211282715 -0.024499601 0.975658000
1341846649.280075 0.208089799 0.004723789 0.024093278 -0.055517651 -0.215112388 -0.023698799 0.974721909
1341846649.316071 0.221308053 -0.000889425 0.039418876 -0.061368927 -0.218500212 -0.024106059 0.973606884
1341846649.348041 0.221448720 -0.013958253 0.054932125 -0.064993434 -0.221559823 -0.020625357 0.972759843
1341846649.383973 0.222251803 -0.005178395 0.055712417 -0.062214442 -0.225487560 -0.016269477 0.972121418
1341846649.416053 0.223393887 0.004958882 0.045253441 -0.061099894 -0.224327698 -0.023673968 0.972308278
1341846649.448084 0.238278270 -0.000471244 0.050401285 -0.066764675 -0.223386362 -0.022969490 0.972169459
1341846649.484154 0.238161415 -0.016262347 0.062436897 -0.071856968 -0.226194322 -0.021313092 0.971194327
1341846649.516198 0.238884225 -0.016829338 0.064123563 -0.070926555 -0.227242127 -0.024813253 0.970934987
1341846649.552101 0.252649009 -0.016712898 0.071506560 -0.069215819 -0.227551892 -0.028259041 0.970891714
1341846649.616167 0.255070627 -0.016883522 0.068216003 -0.068437696 -0.230330974 -0.021627722 0.970461845
1341846649.678101 0.270376056 -0.027145192 0.076076046 -0.068883508 -0.234474599 -0.023744049 0.969387949
1341846649.710937 0.283377677 -0.043302432 0.076813981 -0.070561349 -0.242127612 -0.021212745 0.967442632
1341846649.746112 0.286694795 -0.039168164 0.086590976 -0.068093114 -0.248981342 -0.025227971 0.965782166
1341846649.778019 0.293034643 -0.038078997 0.079600245 -0.065654926 -0.253319621 -0.026361261 0.964792013
1341846649.810257 0.304267138 -0.044521216 0.074025430 -0.065581337 -0.261915922 -0.024286762 0.962553501
1341846649.846059 0.308224827 -0.023533776 0.050784804 -0.063535370 -0.269441813 -0.029208798 0.960474491
1341846649.878137 0.314381093 -0.021835977 0.071580522 -0.067836069 -0.276263982 -0.031150293 0.958178580
1341846649.914184 0.323090762 -0.048484482 0.101247773 -0.071838409 -0.284844518 -0.025867917 0.955527961
1341846649.952612 0.330567211 -0.040642664 0.094516896 -0.068860173 -0.287037104 -0.024463085 0.955128074
1341846650.014156 0.351327062 -0.046232924 0.106433570 -0.069838472 -0.292642385 -0.014038079 0.953564882
1341846650.046184 0.361323714 -0.031772558 0.120560668 -0.066978782 -0.296920240 -0.011809171 0.952477157
1341846650.078250 0.369912952 -0.031013006 0.137191206 -0.065333687 -0.297305346 -0.012075536 0.952467978
1341846650.114215 0.375322014 -0.035840556 0.132885933 -0.064608447 -0.297025383 -0.009168933 0.952637196
1341846650.146137 0.383173704 -0.038366571 0.144886807 -0.063164987 -0.300841630 -0.006889876 0.951555073
1341846650.182236 0.396803528 -0.039326251 0.158175409 -0.059464630 -0.302206665 -0.007632211 0.951355278
1341846650.214164 0.403324366 -0.045313995 0.150762200 -0.058937538 -0.300643384 -0.007177926 0.951886773
1341846650.246084 0.402772725 -0.037931874 0.150885910 -0.059078194 -0.301547825 -0.008412067 0.951581836
1341846650.282167 0.405827194 -0.041530579 0.191747576 -0.056181561 -0.302312762 -0.012854995 0.951464832
1341846650.314158 0.408895761 -0.039907813 0.172327802 -0.052405413 -0.297439665 -0.015892113 0.953168809
1341846650.350453 0.409816504 -0.043412417 0.160792276 -0.054632571 -0.296618491 -0.017018905 0.953280210
1341846650.382075 0.409595370 -0.042877685 0.183804095 -0.056044135 -0.297790349 -0.020438390 0.952765584
1341846650.414224 0.411675721 -0.047989227 0.189250976 -0.054815479 -0.294306844 -0.020861180 0.953909576
1341846650.450353 0.408933997 -0.049454357 0.169942349 -0.053974986 -0.287698448 -0.018451994 0.956020832
1341846650.484849 0.406395346 -0.044294678 0.160827816 -0.054304443 -0.283730358 -0.022020519 0.957111895
1341846650.514091 0.408314288 -0.050886489 0.185351253 -0.056091975 -0.280133575 -0.022158381 0.958064675
1341846650.550746 0.406142890 -0.062559873 0.186174601 -0.052240334 -0.273026705 -0.022538971 0.960322559
1341846650.582069 0.400193989 -0.055344038 0.163415283 -0.046623804 -0.265241712 -0.022288306 0.962796092
1341846650.618092 0.385254413 -0.042699046 0.162656724 -0.043635312 -0.258259714 -0.028194087 0.964677632
1341846650.650422 0.384467095 -0.052546404 0.165368736 -0.044940881 -0.251862079 -0.028626636 0.966295183
1341846650.682114 0.369796485 -0.055955309 0.155274838 -0.044045791 -0.243576467 -0.030557288 0.968399048
1341846650.718110 0.359368086 -0.059150405 0.145859480 -0.043930836 -0.237383947 -0.032892965 0.969864428
1341846650.750112 0.359527647 -0.054919552 0.151659876 -0.041768447 -0.230997145 -0.035404906 0.971412480
1341846650.782116 0.331117034 -0.060567934 0.153887182 -0.041281775 -0.219227284 -0.035340022 0.974159300
1341846650.818115 0.318679571 -0.064815573 0.148761094 -0.038968984 -0.214286998 -0.032812126 0.975441396
1341846650.850139 0.311486661 -0.053428043 0.129909277 -0.036093269 -0.208791330 -0.034841135 0.976672649
1341846650.886238 0.299406886 -0.037838999 0.150699332 -0.035517484 -0.198120013 -0.036554191 0.978851736
1341846650.918288 0.280719429 -0.053477157 0.137072474 -0.037695121 -0.185648218 -0.034959860 0.981270432
1341846650.950233 0.265616208 -0.047065377 0.123840876 -0.036335073 -0.177737430 -0.033312123 0.982842565
1341846650.986247 0.261271268 -0.039464936 0.142313078 -0.036855388 -0.169121385 -0.030283531 0.984440207
1341846651.050482 0.222823843 -0.041086093 0.100935906 -0.034661774 -0.146505296 -0.024729447 0.988293052
1341846651.086169 0.220511451 -0.042494781 0.100129575 -0.038983487 -0.140506402 -0.022002058 0.989067316
1341846651.118423 0.208111539 -0.062355425 0.108286969 -0.041470468 -0.130408943 -0.017626004 0.990435779
1341846651.154189 0.200350374 -0.060432006 0.103083275 -0.037399285 -0.123986080 -0.013321646 0.991489410
1341846651.186391 0.183415964 -0.054916747 0.092132278 -0.037899401 -0.116717875 -0.011433906 0.992375851
1341846651.218036 0.166317850 -0.054037847 0.088332936 -0.039180651 -0.109229624 -0.014059778 0.993144512
1341846651.254031 0.155766189 -0.051822755 0.087858468 -0.039080303 -0.103481166 -0.013376613 0.993773341
1341846651.286406 0.142879933 -0.051088762 0.082166344 -0.040824119 -0.098411031 -0.015138377 0.994192839
1341846651.318309 0.127179205 -0.054337446 0.082775019 -0.042951617 -0.093083516 -0.017572697 0.994576216
1341846651.354135 0.112748548 -0.051773708 0.081766635 -0.041145191 -0.085898973 -0.020164620 0.995249629
1341846651.386180 0.094248801 -0.055131957 0.076967835 -0.040734533 -0.077034429 -0.019151377 0.996011853
1341846651.422237 0.076396272 -0.046794273 0.072287150 -0.039354790 -0.072890915 -0.021354081 0.996334374
1341846651.492135 0.051443648 -0.048305202 0.074907787 -0.042644285 -0.064293258 -0.028759250 0.996604621
1341846651.560316 0.036503416 -0.060133617 0.058111146 -0.041220360 -0.046729997 -0.027901109 0.997666597
1341846651.622176 0.019906579 -0.060958985 0.046969086 -0.032665808 -0.036300596 -0.029102881 0.998382807
1341846651.654223 -0.002226994 -0.065918550 0.045053840 -0.029902644 -0.030875586 -0.027256930 0.998703957
1341846651.690127 -0.005625403 -0.068361580 0.037623435 -0.026163833 -0.029031198 -0.023853045 0.998951256
1341846651.722318 -0.020608390 -0.066971175 0.027850632 -0.022396054 -0.024355028 -0.023162832 0.999184012
1341846651.754212 -0.032012537 -0.062422905 0.019700842 -0.020145090 -0.019926492 -0.020413205 0.999390006
1341846651.790200 -0.042195681 -0.057343416 -0.002201663 -0.020913856 -0.014459894 -0.021808825 0.999438763
1341846651.822233 -0.059635244 -0.068101235 0.008825511 -0.022370193 -0.007389820 -0.019763945 0.999527037
1341846651.858213 -0.072145253 -0.083824754 -0.006731279 -0.016115183 -0.001750109 -0.013897737 0.999772012
1341846651.890237 -0.086497836 -0.059088998 -0.005724537 -0.004482824 0.004427940 -0.013881751 0.999883771
1341846651.922186 -0.107886843 -0.053839955 -0.007921447 -0.002601425 0.010441029 -0.012360764 0.999865711
1341846651.958047 -0.124015249 -0.058847535 -0.010456458 -0.001176778 0.014291842 -0.009590483 0.999851167
1341846651.990020 -0.126874328 -0.069732904 -0.004769434 0.003644327 0.018815709 -0.003832459 0.999808967
1341846652.022081 -0.139504373 -0.060446389 -0.016649820 0.010786606 0.023920063 0.001143357 0.999655068
1341846652.058058 -0.157383770 -0.043673541 -0.022395821 0.013202208 0.026673341 0.001419015 0.999556005
1341846652.090106 -0.168862283 -0.046848990 -0.040318199 0.010752380 0.029713621 -0.000182711 0.999500573
1341846652.126257 -0.184851423 -0.044010144 -0.037618190 0.009050646 0.034896731 -0.002167213 0.999347568
1341846652.158232 -0.192993164 -0.050852112 -0.036044501 0.005960543 0.036764294 0.000621779 0.999305964
1341846652.190049 -0.203085616 -0.050190508 -0.039978258 0.005967458 0.039195340 -0.002189865 0.999211371
1341846652.225981 -0.199671254 -0.056087241 -0.048966438 0.006585556 0.044915512 -0.002559902 0.998965800
1341846652.258089 -0.233747870 -0.058671702 -0.049582262 0.008186317 0.054738432 0.001419088 0.998466134
1341846652.290189 -0.249930441 -0.061619196 -0.039675497 0.011177002 0.056688420 0.003894074 0.998321712
1341846652.326148 -0.262571573 -0.066258967 -0.051085442 0.018097589 0.059585143 0.004046321 0.998050988
1341846652.358184 -0.265717030 -0.059985287 -0.051984183 0.021490900 0.062476944 0.006604057 0.997793138
1341846652.394279 -0.276163876 -0.054950703 -0.046825878 0.022718281 0.064487249 0.007347298 0.997632802
1341846652.426287 -0.289330155 -0.059160091 -0.053857647 0.023902597 0.067716524 0.005668281 0.997402132
1341846652.458277 -0.307244629 -0.057374284 -0.035432737 0.026950270 0.072905026 0.005755433 0.996958077
1341846652.494100 -0.319600642 -0.053178910 -0.042000614 0.030305194 0.076291792 0.005261432 0.996610999
1341846652.526469 -0.329473019 -0.046738230 -0.040007930 0.030728986 0.081115425 0.005321984 0.996216714
1341846652.562089 -0.332357317 -0.061949383 -0.052049771 0.029239897 0.088023469 0.002816214 0.995685160
1341846652.594254 -0.357892662 -0.056793876 -0.015201353 0.032370090 0.103848673 0.000777107 0.994065881
1341846652.626356 -0.361958236 -0.057659648 -0.016828828 0.033999257 0.114211150 0.000411926 0.992874444
1341846652.662152 -0.378328860 -0.064934686 -0.055519983 0.032880291 0.132200629 -0.004888875 0.990665436
1341846652.694113 -0.373461545 -0.073496424 -0.063859187 0.029945929 0.156783283 -0.007812100 0.987147987
1341846652.726378 -0.348039746 -0.063257873 -0.044349052 0.033694673 0.182378769 -0.006926249 0.982626438
1341846652.762129 -0.373989195 -0.063400246 -0.054662630 0.033318214 0.211566329 -0.010982626 0.976733804
1341846652.794152 -0.420273751 -0.061720930 -0.020310625 0.031257670 0.249634385 -0.012375690 0.967756391
1341846652.830250 -0.414767653 -0.065109871 -0.033516988 0.030031776 0.278000623 -0.013303676 0.960019171
1341846652.862014 -0.409271896 -0.064894751 -0.034454554 0.029174604 0.295053840 -0.008927182 0.954993427
1341846652.894426 -0.401442349 -0.064741716 -0.034722984 0.028627962 0.311038494 -0.006757175 0.949941993
1341846652.930346 -0.397382379 -0.065996498 -0.031649217 0.030343561 0.329698175 -0.004266020 0.943588972
1341846652.962213 -0.413088650 -0.062973976 -0.038487196 0.029516239 0.345802099 -0.004005120 0.937834561
1341846653.030292 -0.396811247 -0.063843355 -0.019962072 0.024757262 0.374774277 -0.000641505 0.926785231
1341846653.062672 -0.400559336 -0.062454749 -0.008265719 0.028002983 0.389779717 0.000570466 0.920482039
1341846653.099024 -0.399494231 -0.056101359 -0.000435561 0.026232937 0.405190736 -0.002913324 0.913851082
1341846653.130475 -0.402654707 -0.060875714 0.014256686 0.022510905 0.423327506 -0.002538878 0.905693471
1341846653.162620 -0.419123948 -0.067783415 0.008212388 0.022156226 0.438766241 -0.000568052 0.898327887
1341846653.198437 -0.438441932 -0.065881975 0.004380792 0.023048962 0.451184899 0.001196542 0.892131984
1341846653.230042 -0.430965185 -0.072423965 0.029754102 0.023064308 0.464264512 0.004433972 0.885385156
1341846653.298380 -0.439021081 -0.057481572 0.070456877 0.023903087 0.492185593 0.007959366 0.870125651
1341846653.330162 -0.436769426 -0.076591209 0.096729219 0.021428712 0.505969882 0.012768504 0.862190425
1341846653.366319 -0.437468708 -0.058527905 0.069992989 0.022163784 0.513161123 0.013741904 0.857896030
1341846653.398226 -0.428567052 -0.065316588 0.077316597 0.021784047 0.522151172 0.016973561 0.852405727
1341846653.430060 -0.449844718 -0.052492425 0.066797286 0.025564600 0.529875338 0.018836003 0.847480893
1341846653.466341 -0.447148204 -0.053047050 0.065875411 0.026774051 0.535088181 0.016474610 0.844211102
1341846653.498194 -0.456414908 -0.047221765 0.056068465 0.027204808 0.538782239 0.015796324 0.841857553
1341846653.530205 -0.461113513 -0.043466114 0.051521674 0.027825659 0.540073395 0.013786741 0.841044784
1341846653.566601 -0.454401761 -0.047568955 0.056253344 0.027277622 0.541469455 0.011542832 0.840198517
1341846653.598213 -0.452439338 -0.049088340 0.055890813 0.026927970 0.542060018 0.012173172 0.839820027
1341846653.634793 -0.451224208 -0.049011264 0.056342870 0.026284991 0.541140378 0.011665919 0.840440392
1341846653.666143 -0.450100005 -0.049153041 0.056044251 0.027155794 0.539155066 0.013135427 0.841666043
1341846653.698738 -0.451167017 -0.048386179 0.055584639 0.025526958 0.535570741 0.014339806 0.843982637
1341846653.734313 -0.452369958 -0.049075507 0.055809170 0.023095703 0.530861735 0.015408085 0.847003520
1341846653.766275 -0.458706677 -0.047162194 0.056324378 0.022907590 0.528320253 0.017142544 0.848562956
1341846653.802358 -0.476003081 -0.042709626 0.054852620 0.022226900 0.523000956 0.018203132 0.851847768
1341846653.834226 -0.472353369 -0.049587391 0.061866149 0.021441422 0.513912499 0.020710973 0.857324481
1341846653.866214 -0.465703517 -0.043440390 0.073793218 0.021075323 0.508442342 0.020499915 0.860593975
1341846653.902170 -0.462137431 -0.040522531 0.087587193 0.019449454 0.501274288 0.021676779 0.864798188
1341846653.934160 -0.455685318 -0.045354474 0.096084177 0.016463600 0.493650287 0.020689510 0.869258463
1341846653.966155 -0.460274577 -0.043713566 0.090020582 0.014889369 0.486315757 0.020007318 0.873427153
1341846654.002169 -0.474216968 -0.039608050 0.068364620 0.012510052 0.476479501 0.021504853 0.878833473
1341846654.034140 -0.468631148 -0.041575383 0.071118683 0.008185074 0.468080252 0.019995209 0.883421779
1341846654.070172 -0.459492713 -0.046158057 0.078310639 0.010439043 0.457617074 0.022343012 0.888807297
1341846654.102438 -0.448488623 -0.041261483 0.071894675 0.015084364 0.445793837 0.022546256 0.894724548
1341846654.134349 -0.442987591 -0.043947972 0.072031274 0.018749868 0.435013443 0.023108693 0.899932086
1341846654.170244 -0.456843972 -0.039111137 0.068011656 0.022983899 0.422720820 0.024076285 0.905648470
1341846654.202087 -0.447203934 -0.042144995 0.072500139 0.023690403 0.406948417 0.018148800 0.912963569
1341846654.234434 -0.451718211 -0.044977292 0.099786296 0.024304714 0.402121931 0.014545460 0.915147901
1341846654.270041 -0.473924011 -0.049511202 0.094852433 0.023915309 0.392082781 0.013497813 0.919519961
1341846654.302117 -0.474118203 -0.044806130 0.094156399 0.024404215 0.376440376 0.011876507 0.926043212
1341846654.338026 -0.448706150 -0.047619767 0.102833018 0.022640608 0.366406798 0.010442929 0.930120647
1341846654.369979 -0.445662558 -0.054762177 0.120746017 0.022247702 0.356611013 0.011701855 0.933914721
1341846654.402172 -0.476573586 -0.044198398 0.130154148 0.024707766 0.340111136 0.010659243 0.940000176
1341846654.438133 -0.431274235 -0.028381351 0.110454395 0.024940139 0.319152176 0.008842349 0.947333992
1341846654.470186 -0.420302570 -0.047287613 0.121524736 0.019698406 0.309870571 0.009787370 0.950524271
1341846654.502267 -0.460525870 -0.036354676 0.143511593 0.021216232 0.296543092 0.006769393 0.954759777
1341846654.539064 -0.395194888 -0.042137001 0.082332842 0.021350637 0.268410474 0.010205521 0.963013947
1341846654.570053 -0.377812088 -0.035143323 0.066331737 0.019722724 0.260693759 0.008748546 0.965180397
1341846654.606030 -0.402659267 -0.038177509 0.092395470 0.018727956 0.250067323 0.008434671 0.968010545
1341846654.637980 -0.359055012 -0.057774521 0.058108099 0.020760797 0.223507285 0.010105303 0.974428713
1341846654.670155 -0.345536262 -0.046134453 0.049550399 0.024374971 0.215915993 0.006809707 0.976083875
1341846654.706022 -0.351866782 -0.059109163 0.023623981 0.025858250 0.203325287 0.010691278 0.978711307
1341846654.738497 -0.343756676 -0.059865519 0.015402928 0.030815583 0.182687730 0.015336700 0.982568264
1341846654.774056 -0.316299975 -0.049592227 -0.008810095 0.033175625 0.170784935 0.015305361 0.984630704
1341846654.806040 -0.321682692 -0.046661004 -0.009479158 0.031807277 0.161897987 0.017379977 0.986141622
1341846654.838060 -0.310447186 -0.051028788 -0.014863648 0.031627651 0.144246921 0.018433288 0.988864362
1341846654.874136 -0.290150940 -0.039214827 -0.025339134 0.031923573 0.129264265 0.017674077 0.990938544
1341846654.906209 -0.291799575 -0.036959957 -0.005578689 0.028202148 0.120082855 0.015336036 0.992244720
1341846654.938214 -0.288533181 -0.054375578 -0.009555515 0.028131457 0.103411652 0.016585818 0.994102418
1341846654.974334 -0.274557978 -0.040929541 -0.014337681 0.034672007 0.084505081 0.019003352 0.995638311
1341846655.006124 -0.262655437 -0.027548026 -0.025943585 0.035571069 0.070826121 0.019459052 0.996664286
1341846655.042239 -0.265194744 -0.035049032 -0.024982996 0.033497654 0.055795107 0.020235674 0.997674942
1341846655.074179 -0.249984458 -0.039344307 -0.024139250 0.035632771 0.030782782 0.021799002 0.998652875
1341846655.106132 -0.239152715 -0.030536449 -0.022355506 0.037303526 0.016699813 0.020446355 0.998955190
1341846655.142070 -0.275789857 -0.018696569 -0.001224477 0.036483083 0.005058873 0.015460062 0.999201894
1341846655.174000 -0.221002415 -0.013541482 -0.021130711 0.036003444 -0.028162915 0.014867064 0.998844147
1341846655.206124 -0.193585902 -0.029042030 -0.050823510 0.032478608 -0.042039257 0.015181716 0.998472512
1341846655.242079 -0.191163749 -0.032630246 -0.026813133 0.033545252 -0.054119971 0.015819810 0.997845411
1341846655.274211 -0.155786812 -0.037616156 -0.057550751 0.036812197 -0.065123804 0.020060388 0.996996164
1341846655.310175 -0.141752630 -0.055475261 -0.070061907 0.040103488 -0.068870284 0.024559490 0.996516645
1341846655.342236 -0.141731158 -0.044200782 -0.064156219 0.049333505 -0.073730737 0.028229523 0.995657146
1341846655.374134 -0.130737692 -0.033165980 -0.059194855 0.052985404 -0.077354901 0.029508684 0.995157242
1341846655.410207 -0.130559966 -0.039426219 -0.059636932 0.053951938 -0.077494659 0.031859826 0.995021939
1341846655.442262 -0.153065786 -0.049268436 -0.063839719 0.057420190 -0.083453223 0.031407904 0.994360089
1341846655.474205 -0.139025435 -0.036760479 -0.065636590 0.059550341 -0.095272355 0.030883547 0.993188381
1341846655.510277 -0.137034833 -0.020217752 -0.062880494 0.057649244 -0.105844811 0.029213626 0.992280185
1341846655.542135 -0.119458459 -0.029525157 -0.071876511 0.052015763 -0.115712866 0.030743837 0.991443276
1341846655.578132 -0.120024860 -0.029004594 -0.055567533 0.049712826 -0.122672401 0.031510133 0.990700364
1341846655.642348 -0.119968489 -0.029877134 -0.076825127 0.043579552 -0.142005682 0.028328987 0.988500237
1341846655.678110 -0.120057143 -0.037916452 -0.057599120 0.042470712 -0.151896715 0.030968094 0.986997783
1341846655.710074 -0.104505464 -0.024265738 -0.050111096 0.045722011 -0.165021837 0.031872757 0.984713852
1341846655.748050 -0.103019565 -0.028427606 -0.101576254 0.041913744 -0.174655885 0.031100225 0.983245313
1341846655.810222 -0.105534159 -0.033845417 -0.097067967 0.038282990 -0.192371204 0.033131264 0.980015337
1341846655.846257 -0.090164393 -0.021643030 -0.106944256 0.037377529 -0.204428345 0.034251090 0.977567792
1341846655.910355 -0.077064008 -0.032849967 -0.118072763 0.029318398 -0.223502100 0.033137962 0.973698676
1341846655.946240 -0.077295400 -0.020320853 -0.105874911 0.029655635 -0.233893678 0.031104092 0.971311867
1341846655.978412 -0.061053842 -0.007231962 -0.084829345 0.028187573 -0.242421463 0.029938636 0.969299257
1341846656.014188 -0.052886657 -0.004234530 -0.077091962 0.025809301 -0.246040523 0.030454168 0.968437135
1341846656.046211 -0.048303612 -0.014183978 -0.082443632 0.022815982 -0.249316409 0.032711726 0.967600524
1341846656.078165 -0.044665687 -0.009541558 -0.086809620 0.023026235 -0.254137158 0.033511117 0.966313183
1341846656.114220 -0.043215949 -0.000414907 -0.093827896 0.022456449 -0.257800698 0.032736350 0.965382278
1341846656.146158 -0.044898778 -0.010310443 -0.092814773 0.018970370 -0.263626754 0.032889158 0.963877261
1341846656.178154 -0.038222037 -0.009347511 -0.089557551 0.019295108 -0.270625025 0.033251446 0.961916924
1341846656.214132 -0.036286306 -0.007753291 -0.093157932 0.019245690 -0.276230693 0.032468669 0.960349917
1341846656.246093 -0.030462708 -0.008891625 -0.090827450 0.019578153 -0.279810399 0.033394489 0.959274530
1341846656.282181 -0.024571236 -0.010176642 -0.112292141 0.018499048 -0.282483846 0.031952851 0.958561242
1341846656.314258 -0.024296921 -0.012246883 -0.113024965 0.016759366 -0.286944926 0.029987631 0.957330942
1341846656.346094 -0.016519431 -0.002596574 -0.114372574 0.016164951 -0.291499943 0.028462805 0.956010640
1341846656.382222 -0.020846691 -0.009551464 -0.107046522 0.012321064 -0.295067757 0.027347839 0.955005407
1341846656.414253 -0.042545378 -0.017636456 -0.118907511 0.013237854 -0.301726639 0.027034141 0.952919185
1341846656.446177 -0.033248045 0.005546793 -0.106605984 0.012234016 -0.310274154 0.027012208 0.950184524
1341846656.482260 -0.031034555 -0.012114985 -0.117197484 0.005286610 -0.315949887 0.025830852 0.948409438
1341846656.519461 -0.025413554 -0.015773192 -0.118754148 0.005220937 -0.323933840 0.025840160 0.945712388
1341846656.582247 -0.015668958 -0.012071235 -0.125279829 0.000232043 -0.329559684 0.025848560 0.943780839
1341846656.614195 -0.017128490 -0.015069719 -0.125276312 -0.001394413 -0.331689835 0.026208358 0.943023324
1341846656.649995 -0.010291297 -0.013786270 -0.114342526 -0.001772751 -0.334120244 0.026859285 0.942146003
1341846656.682076 -0.015856847 -0.015002691 -0.113307275 -0.002680128 -0.337943643 0.027260499 0.940767646
1341846656.714216 -0.004947722 -0.012809478 -0.120805681 -0.003586738 -0.342483938 0.026429512 0.939145029
1341846656.749974 -0.010040343 -0.008975932 -0.120094404 -0.005733934 -0.343679696 0.025856735 0.938713372
1341846656.782653 -0.009250708 -0.016660236 -0.117650077 -0.006732981 -0.345547706 0.026145993 0.938012719
1341846656.824388 -0.012832996 -0.007742469 -0.121154130 -0.005846447 -0.348318428 0.027275242 0.936961174
1341846656.856226 -0.005732849 0.005233595 -0.101885974 -0.007630969 -0.350970805 0.025884816 0.935997486
1341846656.892050 -0.008258775 -0.005619790 -0.084811449 -0.011306567 -0.349223226 0.026191875 0.936605215
1341846656.924099 -0.008516729 0.001463644 -0.087719738 -0.010279126 -0.347990453 0.025284948 0.937100708
1341846656.956112 0.000961464 0.005064115 -0.079824910 -0.011688710 -0.344014972 0.026854509 0.938507259
1341846656.992122 0.001371022 0.001656842 -0.081470966 -0.013963964 -0.337186068 0.028434044 0.940904915
1341846657.024108 -0.008609675 0.004631921 -0.073745750 -0.012813253 -0.333986402 0.026547180 0.942116857
1341846657.056121 0.000503995 0.002643324 -0.068792917 -0.014064118 -0.329244047 0.029801507 0.943669677
1341846657.092006 -0.003052101 0.000531603 -0.076655507 -0.010777256 -0.317722678 0.030669179 0.947626293
1341846657.124027 0.005448066 -0.003514997 -0.079192191 -0.004538204 -0.307649016 0.034604389 0.950859606
1341846657.155973 0.015139272 0.001172448 -0.065172069 0.000209459 -0.299083412 0.036439057 0.953530967
1341846657.192094 -0.007137865 -0.000295078 -0.076622650 0.002211594 -0.279235810 0.035486411 0.959564030
1341846657.224195 0.000015909 -0.001025500 -0.066576540 0.004536511 -0.270833343 0.031932451 0.962085783
1341846657.292164 -0.003087979 -0.000287963 -0.079465106 0.006845369 -0.249084160 0.027672114 0.968062222
1341846657.354367 0.019733638 -0.004031709 -0.081482045 0.005170458 -0.234004691 0.024539519 0.971911967
1341846657.386193 0.015842523 -0.008762152 -0.073995978 0.004371298 -0.223541722 0.023470653 0.974401951
1341846657.418105 0.017053692 -0.010356511 -0.076559924 0.007284745 -0.211734071 0.022940103 0.977030873
1341846657.454277 0.025457218 -0.009012351 -0.074858777 0.008712323 -0.202777043 0.022873085 0.978918970
1341846657.486117 0.037642006 -0.012690740 -0.072097689 0.008716727 -0.190067530 0.022799201 0.981467545
1341846657.522092 0.043622639 -0.017434686 -0.070391074 0.011800838 -0.178523943 0.021532863 0.983629107
1341846657.554062 0.037386138 -0.016989816 -0.049721804 0.014467302 -0.170306906 0.024033276 0.984991729
1341846657.586078 0.063136108 -0.014849976 -0.045405492 0.014154675 -0.162836671 0.018560780 0.986376882
1341846657.622205 0.052468464 -0.011862930 -0.041744728 0.015205047 -0.147060201 0.017542068 0.988855064
1341846657.654161 0.057739437 -0.009438083 -0.032352954 0.017429570 -0.141201779 0.018764801 0.989649475
1341846657.686517 0.068960056 -0.017515074 -0.037264619 0.015885860 -0.131402701 0.011240647 0.991138041
1341846657.722061 0.050932046 -0.015073257 -0.033587955 0.018165100 -0.113541402 0.010174923 0.993315101
1341846657.754104 0.056344021 -0.009741927 -0.025093049 0.019362841 -0.106665075 0.013274878 0.994017839
1341846657.790066 0.069429860 -0.020422088 -0.041184094 0.012926756 -0.096358761 0.003953577 0.995254874
1341846657.822089 0.051138293 -0.025767382 -0.015308330 0.012842559 -0.074561469 0.003394072 0.997127950
1341846657.853972 0.061804399 -0.018506553 -0.015283644 0.018441716 -0.066906035 0.008968443 0.997548521
1341846657.889993 0.071684659 -0.013645601 -0.025578998 0.016677570 -0.055933375 0.008782078 0.998256564
1341846657.922046 0.060143381 -0.029081548 0.003310886 0.015248613 -0.039288510 0.006404602 0.999091029
1341846657.954192 0.060353734 -0.020937545 -0.004019366 0.016840871 -0.030595772 0.011758213 0.999320805
1341846657.990141 0.063128695 -0.023238892 -0.010301362 0.013228324 -0.019794686 0.009718449 0.999669313
1341846658.022419 0.041192107 -0.029681921 0.027886366 0.014626607 -0.009118629 0.012232350 0.999776602
1341846658.090215 0.053463046 -0.021806572 0.013274556 0.016584946 0.003889987 0.011565486 0.999787986
1341846658.122355 0.013901988 -0.024514424 0.023969086 0.015361223 0.017238237 0.009464128 0.999688625
1341846658.158136 0.014978795 -0.022269499 0.003615423 0.014071461 0.021423025 0.007246390 0.999645174
1341846658.190098 0.035436131 -0.019254059 0.004448165 0.012538698 0.024510652 0.007231724 0.999594748
1341846658.226027 0.020910529 -0.034612436 0.040236581 0.011297947 0.031605333 0.008244632 0.999402583
1341846658.258133 0.010767704 -0.023097694 0.037523188 0.015122978 0.034871511 0.005942493 0.999259710
1341846658.290020 0.007016693 -0.024304165 0.042501099 0.013581974 0.039617673 0.002001277 0.999120593
1341846658.326239 -0.005115788 -0.026162636 0.045991462 0.013708732 0.044787079 -0.001501565 0.998901367
1341846658.358248 -0.008311640 -0.010414745 0.031307776 0.012323149 0.044727493 -0.004588958 0.998912692
1341846658.390215 0.002253354 -0.017681476 0.033008166 0.005624164 0.043274414 -0.008119406 0.999014378
1341846658.426300 -0.001743553 -0.027778216 0.040394686 0.002614027 0.047256589 -0.008966671 0.998839140
1341846658.458168 -0.023039119 -0.034907952 0.038443539 0.003367406 0.047848534 -0.007223488 0.998822808
1341846658.494176 -0.023505172 -0.012221486 0.032766268 0.003393701 0.042552013 -0.005709882 0.999072194
1341846658.526214 -0.012380898 -0.012863386 0.035070375 -0.007441756 0.039667897 -0.004782841 0.999173760
1341846658.558129 -0.032973159 -0.005562041 0.021574663 -0.016027151 0.039369114 -0.003814250 0.999088883
1341846658.594206 -0.047539372 -0.015890110 0.010349261 -0.042295355 0.037219152 -0.008063169 0.998379111
1341846658.626105 -0.053677917 -0.008729055 0.019302392 -0.059665069 0.033222571 -0.006461682 0.997644544
1341846658.658181 -0.029349217 -0.008274236 0.033419803 -0.063139394 0.024524882 -0.004984468 0.997690916
1341846658.694141 -0.026448973 -0.001799004 0.021130931 -0.072312817 0.023597121 -0.005466103 0.997087836
1341846658.726153 -0.054850221 0.000163129 0.029450499 -0.087512203 0.025438117 -0.002010296 0.995836616
1341846658.762100 -0.030808451 -0.023455070 0.044757728 -0.094102882 0.014623268 -0.002092348 0.995452881
1341846658.794185 -0.018429944 -0.012684421 0.028343353 -0.096805535 0.011983239 0.001386021 0.995230258
1341846658.826155 -0.023853827 -0.000544850 0.026346643 -0.105633058 0.015355248 0.000907948 0.994286239
1341846658.862197 -0.046417817 -0.036387533 0.040175602 -0.118052818 0.015638571 -0.000434039 0.992884099
1341846658.894170 -0.012337232 -0.021270491 0.037736401 -0.117934249 0.011361009 0.003720769 0.992949426
1341846658.962404 -0.054062355 -0.018830158 0.037905104 -0.132501319 0.023164853 0.005173602 0.990898550
1341846658.994217 -0.032007523 -0.040978428 0.049478766 -0.138102114 0.017191736 0.006563629 0.990247011
1341846659.030070 -0.023364639 -0.043403510 0.048051547 -0.136519730 0.017363383 0.004940100 0.990472853
1341846659.062007 -0.041789439 -0.051368844 0.043794252 -0.133797944 0.019539293 0.005289871 0.990801871
1341846659.094100 -0.031345829 -0.036037836 0.041938759 -0.129398525 0.016641747 0.004148119 0.991444349
1341846659.130368 -0.020893954 -0.029184720 0.045438074 -0.129675597 0.018029641 0.002154587 0.991390169
1341846659.162537 -0.043733537 -0.051738910 0.039583988 -0.130772039 0.022905437 0.003720130 0.991140842
1341846659.198696 -0.024149617 -0.043449335 0.040605858 -0.126594737 0.017668990 0.002327354 0.991794407
1341846659.231286 -0.012149124 -0.018884480 0.035427257 -0.123153456 0.020360440 0.000931013 0.992178321
1341846659.263549 -0.038730334 -0.036978003 0.038113669 -0.126763478 0.026345201 0.004091674 0.991574645
1341846659.298797 -0.028445927 -0.040817000 0.041555855 -0.127717033 0.022906205 0.005309056 0.991531909
1341846659.331074 -0.025951717 -0.037612114 0.042416558 -0.128714070 0.024622422 0.004174136 0.991367221
1341846659.362420 -0.032509126 -0.046389874 0.042807028 -0.130228952 0.027913738 0.005944880 0.991073132
1341846659.398303 -0.037376739 -0.055929676 0.037592418 -0.129487485 0.028106239 0.007762935 0.991152227
1341846659.430262 -0.014191713 -0.030553773 0.036219522 -0.124500908 0.023705637 0.007123664 0.991910696
1341846659.466583 -0.013115476 -0.049289569 0.038088098 -0.129245222 0.026442558 0.006190628 0.991240740
1341846659.498531 -0.037505448 -0.054835234 0.038538247 -0.128197670 0.030202486 0.009410914 0.991243958
1341846659.530267 -0.025334392 -0.041533098 0.039691001 -0.123802446 0.026593819 0.008601323 0.991913199
1341846659.566571 -0.017364901 -0.046251204 0.038355872 -0.124107756 0.028019860 0.007127578 0.991847456
1341846659.598122 -0.027927624 -0.055989053 0.039056391 -0.124302872 0.031921308 0.008070557 0.991697907
1341846659.630209 -0.033413220 -0.043955609 0.036482334 -0.119381689 0.030099930 0.009816295 0.992343485
1341846659.666409 -0.020433716 -0.034459315 0.031372104 -0.117729887 0.027885841 0.007148890 0.992628276
1341846659.698237 -0.022374721 -0.048232254 0.033801869 -0.121080212 0.028417114 0.006615030 0.992213845
1341846659.734169 -0.031893454 -0.055069216 0.030169543 -0.121737950 0.024170414 0.006856202 0.992244244
1341846659.766421 -0.022393283 -0.036798213 0.036611132 -0.118480369 0.020017536 0.003055160 0.992749929
1341846659.798087 -0.033705890 -0.045062829 0.031397849 -0.119833224 0.022584526 0.002585498 0.992533743
1341846659.834075 -0.040236920 -0.061500825 0.034974180 -0.121296696 0.020151231 0.003731412 0.992404699
1341846659.866481 -0.031063620 -0.048064068 0.034266174 -0.118265755 0.014594479 0.002595501 0.992871344
1341846659.898128 -0.035173167 -0.054022409 0.031044463 -0.118816219 0.014283304 0.004062609 0.992805243
1341846659.934286 -0.038359728 -0.051556714 0.031260144 -0.115190849 0.012260555 0.005404778 0.993252993
1341846659.966354 -0.040637180 -0.052040171 0.032416239 -0.113112696 0.008646573 0.005577548 0.993528903
1341846660.002267 -0.031205615 -0.046296336 0.032470517 -0.111307397 0.005615090 0.003725674 0.993763149
1341846660.034581 -0.043044142 -0.050078623 0.029713135 -0.110080346 0.007000946 0.002931996 0.993893743
1341846660.066206 -0.046801429 -0.048221201 0.030737920 -0.105363481 0.002576812 0.002754289 0.994426608
1341846660.102245 -0.036050260 -0.049094286 0.031420130 -0.101927295 -0.002142618 0.000750502 0.994789243
1341846660.140244 -0.044699986 -0.037806086 0.025268562 -0.099032372 0.000227290 -0.000557717 0.995084047
1341846660.202316 -0.044474222 -0.051654309 0.026646763 -0.096964538 -0.007061524 -0.001075456 0.995262206
1341846660.234105 -0.038318858 -0.051021174 0.022318535 -0.093752958 -0.006660829 -0.001545664 0.995572031
1341846660.270168 -0.045194294 -0.083647914 0.001956277 -0.090894058 -0.006289090 -0.002877540 0.995836556
1341846660.302258 -0.049564656 -0.090703912 0.006909051 -0.078432344 -0.010615575 -0.003286646 0.996857464
1341846660.334349 -0.035790585 -0.074018016 0.003163258 -0.064144790 -0.013408250 -0.004039313 0.997842312
1341846660.370214 -0.043098796 -0.070420317 0.007951839 -0.059391141 -0.011404176 -0.005504506 0.998154461
1341846660.401986 -0.048588842 -0.065132067 0.005675851 -0.058835123 -0.012901541 -0.006956707 0.998160124
1341846660.438062 -0.036868542 -0.067985721 0.009776216 -0.058471840 -0.015501324 -0.007932038 0.998137176
1341846660.470191 -0.041982461 -0.073941536 0.009045620 -0.056472160 -0.014691892 -0.007128877 0.998270631
1341846660.502233 -0.047974408 -0.065514386 0.001983920 -0.052939486 -0.016061574 -0.007109805 0.998443186
1341846660.537985 -0.040088464 -0.057106070 0.005942121 -0.051965110 -0.017581142 -0.007163537 0.998468399
1341846660.570279 -0.039015941 -0.071057871 0.008751070 -0.052843560 -0.016425008 -0.004817216 0.998456061
1341846660.602130 -0.044405043 -0.074367829 0.000566856 -0.049340200 -0.018154792 -0.000293005 0.998616934
1341846660.638256 -0.034352068 -0.055082455 0.003819826 -0.045634620 -0.021543104 -0.001030426 0.998725295
1341846660.670338 -0.029795520 -0.063851617 0.009270919 -0.047879811 -0.018348239 -0.000671586 0.998684347
1341846660.706457 -0.040901996 -0.081274770 0.001955612 -0.045397572 -0.015763583 0.003159453 0.998839617
1341846660.738241 -0.033317972 -0.072434187 0.002592540 -0.037776276 -0.018218318 0.005912642 0.999102652
1341846660.770121 -0.021924578 -0.067520551 0.000225907 -0.035363380 -0.015726663 0.004546486 0.999240398
1341846660.806117 -0.032988925 -0.083241589 -0.005107654 -0.032491118 -0.009692402 0.005095355 0.999412000
1341846660.838338 -0.033043358 -0.089421704 -0.005529420 -0.024071299 -0.010408952 0.008837870 0.999616981
1341846660.870203 -0.024892436 -0.079602763 -0.004590590 -0.015195260 -0.010098891 0.007684395 0.999804020
1341846660.906366 -0.018992653 -0.084701344 -0.005851894 -0.010915712 -0.005192460 0.007876775 0.999895930
1341846660.938063 -0.029877588 -0.102299757 -0.005462969 -0.003037595 -0.002979196 0.009102370 0.999949515
1341846660.974147 -0.026337614 -0.084425934 -0.009631203 0.011200547 -0.003880385 0.008696177 0.999891877
1341846661.006234 -0.026006820 -0.075315088 -0.002821099 0.015419133 0.000260430 0.008125344 0.999848068
1341846661.038225 -0.034632929 -0.102529652 -0.011531528 0.015146992 0.002093867 0.010756223 0.999825180
1341846661.074059 -0.028515393 -0.096982889 -0.009637147 0.028877197 -0.001241616 0.011286950 0.999518454
1341846661.106184 -0.031128837 -0.077991009 -0.004270661 0.038272228 0.001710798 0.009863125 0.999217212
1341846661.138209 -0.038202886 -0.064846434 -0.001898422 0.038106289 0.003840629 0.008238703 0.999232352
1341846661.174244 -0.032695908 -0.082076609 -0.004724695 0.036800705 0.003473205 0.009286673 0.999273419
1341846661.206205 -0.036261059 -0.081607834 -0.003085807 0.040524881 0.004190818 0.009349614 0.999126017
1341846661.242184 -0.038639084 -0.072746225 -0.003810902 0.042346209 0.004752528 0.009805322 0.999043584
1341846661.274177 -0.032504681 -0.066899367 -0.001488241 0.041526429 0.004800988 0.008762782 0.999087453
1341846661.308814 -0.045311537 -0.070624568 -0.001664620 0.039530341 0.005807781 0.008244969 0.999167502
1341846661.342489 -0.039046686 -0.068172485 -0.002619190 0.039465789 0.004271399 0.007829322 0.999181092
1341846661.374640 -0.034969520 -0.072844684 -0.002501623 0.038077168 0.004079214 0.007216316 0.999240458
1341846661.410178 -0.038781524 -0.090346642 -0.003613269 0.040239483 0.002433633 0.009315649 0.999143660
1341846661.442211 -0.020559112 -0.074312583 -0.015305042 0.045657359 -0.002109329 0.009190799 0.998912632
1341846661.474354 -0.026488509 -0.064876124 -0.009492430 0.045509346 0.000374764 0.007908222 0.998932540
1341846661.510169 -0.030471256 -0.061082423 -0.015027183 0.044265646 -0.001588066 0.007218166 0.998992443
1341846661.542767 -0.021233708 -0.049926408 -0.019743975 0.040530842 -0.003500372 0.005876727 0.999154866
1341846661.574217 -0.034314137 -0.074711077 -0.013971621 0.034927230 -0.000784512 0.003174200 0.999384522
1341846661.610041 -0.041245043 -0.075254418 -0.017553791 0.038035057 -0.003368099 0.004403845 0.999261022
1341846661.642253 -0.026420504 -0.063383587 -0.017606176 0.038447570 -0.005963790 0.003938829 0.999235034
1341846661.678078 -0.040125936 -0.073427215 -0.019837808 0.035958394 -0.004278239 0.003572044 0.999337733
1341846661.710142 -0.032528225 -0.089657098 -0.026006883 0.037857465 -0.008105434 0.007037044 0.999225497
1341846661.742341 -0.036365215 -0.098896407 -0.018124044 0.044768259 -0.008282620 0.003857262 0.998955607
1341846661.778063 -0.038080268 -0.095771648 -0.023517210 0.054164018 -0.007560966 0.001433088 0.998502374
1341846661.810103 -0.038061887 -0.095445357 -0.018690661 0.061407097 -0.007225743 0.001390905 0.998085678
1341846661.842216 -0.031117514 -0.093232237 -0.016840607 0.069574825 -0.008547994 0.000311424 0.997540057
1341846661.878157 -0.027396493 -0.079731159 -0.018246517 0.075691544 -0.007265015 -0.001178446 0.997104108
1341846661.910222 -0.030522782 -0.081408724 -0.019952178 0.076802179 -0.004736359 -0.002252669 0.997032523
1341846661.946090 -0.037050150 -0.090958990 -0.018964233 0.078852542 -0.003803746 -0.002638614 0.996875525
1341846662.010311 -0.038689807 -0.093558557 -0.017301422 0.094623260 -0.002896504 -0.004662172 0.995498002
1341846662.046195 -0.047472205 -0.094698004 -0.021130489 0.102193922 -0.004083607 -0.004953177 0.994743764
1341846662.078099 -0.045702986 -0.092807263 -0.022909716 0.108080633 -0.004721814 -0.006505512 0.994109631
1341846662.110672 -0.048420653 -0.094930567 -0.019809287 0.114927329 -0.002440387 -0.007412166 0.993343234
1341846662.146166 -0.050996926 -0.097911060 -0.018439617 0.122946821 -0.003665442 -0.004926149 0.992394269
1341846662.178168 -0.045954041 -0.095642738 -0.023480805 0.129593119 -0.004496478 -0.004436037 0.991547108
1341846662.214136 -0.049032573 -0.086897023 -0.017872646 0.143728331 -0.001967728 -0.000919792 0.989614785
1341846662.246167 -0.049851343 -0.089556076 -0.023017317 0.152172789 -0.003742948 0.001220195 0.988346040
1341846662.278007 -0.049988300 -0.089709863 -0.030700531 0.156597108 -0.002558308 -0.001180930 0.987658560
1341846662.314144 -0.049502376 -0.090264998 -0.025869064 0.162265047 -0.000879879 -0.001824879 0.986745119
1341846662.346164 -0.049952999 -0.089553528 -0.025456229 0.166819200 -0.002812157 -0.000403263 0.985983431
1341846662.378069 -0.050104763 -0.087967172 -0.027914163 0.173568368 -0.002307754 -0.000013308 0.984819174
1341846662.414229 -0.050421022 -0.088428035 -0.027121298 0.180186331 -0.000613185 0.000857626 0.983631968
1341846662.446102 -0.049593933 -0.090043738 -0.024788313 0.186019346 -0.002541375 0.002390183 0.982539892
1341846662.482229 -0.050871238 -0.087386891 -0.022276334 0.195276394 -0.002708697 0.003175526 0.980739355
1341846662.514117 -0.049547855 -0.088668957 -0.026141584 0.203712881 -0.002087481 0.004681991 0.979017258
1341846662.546261 -0.049150385 -0.090556905 -0.024987021 0.211041376 -0.002071395 0.004392179 0.977465034
1341846662.582101 -0.052286267 -0.095878147 -0.016149489 0.213520914 -0.000914676 0.002856303 0.976933897
1341846662.620264 -0.050183587 -0.095176429 -0.024560131 0.216577277 0.000491777 0.005472676 0.976249993
1341846662.682024 -0.049324617 -0.091856427 -0.023352634 0.224838287 -0.000835604 0.003190890 0.974390507
1341846662.714075 -0.049144290 -0.093664214 -0.018775670 0.226619899 0.000390809 0.004252059 0.973973930
1341846662.750127 -0.040961329 -0.097111210 -0.022874760 0.231865093 -0.001762843 0.007014149 0.972721040
1341846662.782002 -0.039457411 -0.094735131 -0.026909383 0.233320311 -0.001945196 0.006689786 0.972374976
1341846662.814097 -0.041645762 -0.097325400 -0.032237694 0.229882479 -0.002383388 0.006738927 0.973192155
1341846662.850193 -0.039754286 -0.100213043 -0.015816323 0.232566118 -0.003521683 0.005150591 0.972560585
1341846662.882162 -0.040337790 -0.098819494 -0.020711524 0.234253362 -0.004386566 0.006128358 0.972146392
1341846662.918191 -0.039143082 -0.093661226 -0.032666549 0.232703552 -0.005798064 0.006635235 0.972507775
1341846662.956034 -0.039007343 -0.092493854 -0.031713638 0.233633652 -0.005286768 0.006670752 0.972287416
1341846663.018208 -0.037163410 -0.092367396 -0.033404037 0.238278255 -0.009145224 0.008293345 0.971118450
1341846663.049994 -0.038985237 -0.092209317 -0.029238287 0.237839371 -0.009106325 0.005457931 0.971246481
1341846663.118078 -0.039710231 -0.095441125 -0.023322839 0.240027860 -0.009140531 0.004770449 0.970711231
1341846663.150227 -0.038146552 -0.097662672 -0.017780764 0.241011456 -0.008246305 0.002515309 0.970483959
1341846663.186300 -0.039101634 -0.091005623 -0.031101272 0.240600929 -0.007321541 0.001927902 0.970594585
1341846663.218442 -0.038757674 -0.092046604 -0.035086215 0.236601055 -0.007222090 0.000983935 0.971579552
1341846663.250380 -0.037717417 -0.093142070 -0.036775567 0.230120435 -0.007054438 0.000856992 0.973136187
1341846663.286056 -0.038232837 -0.093368009 -0.035595268 0.224971026 -0.006956263 0.001066014 0.974340022
1341846663.318060 -0.039031163 -0.086285301 -0.041003980 0.216101915 -0.008259228 0.002997162 0.976331294
1341846663.350114 -0.036569458 -0.090567201 -0.039488424 0.204410359 -0.009225328 0.002899862 0.978837490
1341846663.385985 -0.039380372 -0.087871343 -0.037046719 0.196907088 -0.009367969 0.002655559 0.980373800
1341846663.418056 -0.040918503 -0.087686002 -0.036581673 0.191949606 -0.012209709 0.003833765 0.981321335
1341846663.454044 -0.037845127 -0.090692885 -0.030460216 0.183747455 -0.013255963 0.004786256 0.982872486
1341846663.486091 -0.040965542 -0.089215212 -0.034258448 0.176556498 -0.013685001 0.005150565 0.984181881
1341846663.518394 -0.039451394 -0.081734575 -0.035675414 0.169125170 -0.015609097 0.006705651 0.985448182
1341846663.554251 -0.045717034 -0.067962743 -0.015500303 0.165232331 -0.015016511 0.006125297 0.986121297
1341846663.586143 -0.048774719 -0.066292889 -0.018585898 0.157309100 -0.015049163 0.007447525 0.987406671
1341846663.622145 -0.049659412 -0.064084172 -0.011472011 0.150289208 -0.017057354 0.007262849 0.988468230
1341846663.654099 -0.048436064 -0.066268407 -0.014361577 0.143919259 -0.017900070 0.006736646 0.989404619
1341846663.686099 -0.050607380 -0.054888509 -0.017529648 0.134920180 -0.017631449 0.007862686 0.990668416
1341846663.722109 -0.042178068 -0.062315017 -0.015173061 0.126640201 -0.018999040 0.006595606 0.991744816
1341846663.755694 -0.038233388 -0.056607358 -0.019524718 0.122403808 -0.018055929 0.006103643 0.992297351
1341846663.786304 -0.040936802 -0.023792891 -0.010810887 0.113509148 -0.015839629 0.005139698 0.993397355
1341846663.822090 -0.047504377 -0.033395443 -0.008870462 0.094050691 -0.014589750 0.004581899 0.995449960
1341846663.854115 -0.040578160 -0.061116170 -0.003760662 0.083650202 -0.014923722 0.003001413 0.996378899
1341846663.890140 -0.031753320 -0.018375667 -0.017537404 0.080301322 -0.013940991 0.002368919 0.996670306
1341846663.921987 -0.043542206 0.001517397 -0.014202021 0.062377863 -0.010695240 -0.001071540 0.997994721
1341846663.954282 -0.042392444 -0.042808272 -0.019471867 0.041543558 -0.010113708 -0.002162479 0.999083161
1341846663.990370 -0.030646935 -0.043191098 -0.015828732 0.032813441 -0.009026224 -0.002134854 0.999418437
1341846664.022124 -0.043425277 -0.014864460 -0.015765836 0.022510424 -0.004466117 -0.005157832 0.999723315
1341846664.054171 -0.039124373 -0.021838909 -0.013610529 0.006731494 -0.004018922 -0.003940779 0.999961495
1341846664.090250 -0.045782350 -0.038650203 -0.009778208 -0.006095854 -0.001217809 -0.006265282 0.999961019
1341846664.122237 -0.055016994 -0.041673698 -0.008440781 -0.013124868 0.000824634 -0.004997669 0.999901056
1341846664.158241 -0.056536116 -0.030817151 -0.012453321 -0.017053843 0.000384634 -0.004977254 0.999842107
1341846664.190141 -0.046670649 -0.021149887 -0.013267930 -0.025539253 -0.000522666 -0.006190953 0.999654531
1341846664.222189 -0.054781158 -0.033447705 -0.005376655 -0.035661854 0.001940631 -0.006601373 0.999340236
1341846664.258172 -0.052362289 -0.039652441 -0.008133992 -0.041150525 0.000975314 -0.005859704 0.999135315
1341846664.290022 -0.046018619 -0.024779813 -0.012721342 -0.045436904 0.001901432 -0.006924767 0.998941362
1341846664.322491 -0.052016951 -0.023891853 -0.013480539 -0.054979313 0.004842124 -0.008281735 0.998441398
1341846664.358302 -0.054107390 -0.024923237 -0.012728437 -0.063313998 0.004807189 -0.007671898 0.997952580
1341846664.390101 -0.053593941 -0.022392670 -0.012183543 -0.070499070 0.004655961 -0.008102714 0.997468054
1341846664.426143 -0.051551893 -0.014409810 -0.007308917 -0.077857532 0.005266610 -0.007833836 0.996919811
1341846664.458304 -0.057554934 -0.009549004 -0.007215238 -0.085408024 0.007019026 -0.008189902 0.996287704
1341846664.490116 -0.048982814 -0.004572012 -0.008872142 -0.094232552 0.007408896 -0.009307717 0.995479167
1341846664.526173 -0.058319081 -0.020575911 -0.006562637 -0.104998626 0.009796766 -0.008986374 0.994383514
1341846664.558129 -0.059863292 -0.016572244 -0.006126997 -0.112020746 0.009711755 -0.008527555 0.993621826
1341846664.590129 -0.040370353 -0.015708715 -0.005387041 -0.119294807 0.008683328 -0.007485576 0.992792726
1341846664.626196 -0.050851993 -0.030801140 -0.000673111 -0.124848180 0.012580055 -0.006637592 0.992073894
1341846664.658276 -0.048654258 -0.038434133 0.000148292 -0.123407528 0.011351989 -0.005452620 0.992276192
1341846664.694136 -0.045139220 -0.021166474 -0.001880945 -0.119355202 0.011382703 -0.007359733 0.992759109
1341846664.726667 -0.048177134 -0.021903558 -0.004955058 -0.122692667 0.015319628 -0.008144005 0.992293060
1341846664.758141 -0.058126338 -0.033819593 0.000718483 -0.126244709 0.016511600 -0.006774341 0.991838574
1341846664.794104 -0.049755532 -0.025421061 -0.002644647 -0.125878647 0.013622582 -0.007399135 0.991924524
1341846664.826123 -0.053375840 -0.023431003 0.000231843 -0.127820745 0.015858857 -0.007107321 0.991645038
1341846664.862093 -0.055967104 -0.023913311 0.001770249 -0.129367560 0.015105716 -0.004915895 0.991469502
1341846664.894198 -0.046702769 -0.024484053 -0.000129571 -0.129989669 0.013009083 -0.003653247 0.991423249
1341846664.926270 -0.044007305 -0.031310827 -0.005117039 -0.132745907 0.015718132 -0.004697854 0.991014302
1341846664.962375 -0.050123736 -0.025424916 -0.003273160 -0.133640036 0.016809883 -0.004003345 0.990879297
1341846664.997077 -0.053006127 -0.015355581 -0.008450039 -0.134145021 0.017535783 -0.005190167 0.990792930
1341846665.026380 -0.044747829 -0.018727522 -0.005790350 -0.137596712 0.017169831 -0.006356724 0.990319133
1341846665.062417 -0.047409397 -0.035416156 -0.000878161 -0.142266050 0.017664898 -0.005603765 0.989654958
1341846665.094077 -0.048666935 -0.008056399 -0.008263354 -0.139225870 0.017308008 -0.005358883 0.990094900
1341846665.130160 -0.042332292 -0.018219071 -0.012835173 -0.146338478 0.019496338 -0.005726651 0.989025891
1341846665.162114 -0.066921502 -0.019017715 -0.007024587 -0.150509015 0.023211755 -0.005002080 0.988323450
1341846665.194100 -0.039840851 -0.006862943 -0.011685091 -0.149947107 0.016580787 -0.003198564 0.988549769
1341846665.230221 -0.047371048 0.005341656 -0.017981529 -0.153409079 0.021110611 -0.004024014 0.987929046
1341846665.262005 -0.060536962 0.004237017 -0.020272821 -0.163763106 0.024583556 -0.005273522 0.986179233
1341846665.300077 -0.054053374 -0.001412873 -0.016569663 -0.172389790 0.023198603 -0.003896785 0.984747887
1341846665.362294 -0.047721811 -0.008938257 -0.014254177 -0.183605567 0.026413416 -0.005119659 0.982631743
1341846665.398079 -0.057687428 0.010830154 -0.017577544 -0.182914153 0.025726596 -0.005411573 0.982777357
1341846665.430162 -0.030387174 0.006964187 -0.035546254 -0.192301214 0.022541372 -0.010736940 0.981018245
1341846665.462226 -0.029718969 -0.002527216 -0.034113377 -0.205194518 0.026665587 -0.009815532 0.978308678
1341846665.498226 -0.051342942 -0.018566415 -0.027542552 -0.213312432 0.028377907 -0.008582430 0.976534069
1341846665.530109 -0.032287385 -0.015618959 -0.024628734 -0.213610083 0.024427187 -0.009610636 0.976566255
1341846665.562222 -0.041369796 -0.015482203 -0.028198369 -0.214482024 0.028184447 -0.007991591 0.976288497
1341846665.598196 -0.051214207 -0.013026041 -0.032936551 -0.215404510 0.028695393 -0.007103269 0.976077378
1341846665.630107 -0.034543473 0.001003479 -0.036927383 -0.216265947 0.026077006 -0.008283334 0.975951016
1341846665.666289 -0.037915863 -0.006622988 -0.037913237 -0.221882388 0.029365016 -0.007853707 0.974599540
1341846665.698060 -0.041219633 -0.010343092 -0.035218399 -0.226012453 0.028314356 -0.008427681 0.973676383
1341846665.730361 -0.036037017 -0.009432612 -0.034764551 -0.228325441 0.026896635 -0.008206891 0.973178685
1341846665.766193 -0.029120348 -0.001909606 -0.044796322 -0.230610713 0.028136823 -0.008748052 0.972599864
1341846665.798338 -0.049484871 -0.009199542 -0.044006281 -0.235190064 0.032518212 -0.007728336 0.971374512
1341846665.834237 -0.053913228 -0.007377822 -0.048854552 -0.238633811 0.033630960 -0.008045836 0.970493734
1341846665.866106 -0.056456331 -0.009531606 -0.052464530 -0.244905964 0.036717229 -0.008176948 0.968816817
1341846665.898073 -0.047303740 -0.001414092 -0.052788496 -0.250824332 0.038257983 -0.007358737 0.967248321
1341846665.934076 -0.045499194 -0.009069700 -0.052576907 -0.257280439 0.036774654 -0.006382304 0.965615690
1341846665.966137 -0.053288594 -0.008544387 -0.052254882 -0.261644602 0.038572382 -0.005990166 0.964374602
1341846665.998149 -0.049600597 -0.012877285 -0.051006094 -0.266707748 0.041166835 -0.005609822 0.962881505
1341846666.034210 -0.040832803 -0.000432869 -0.055056155 -0.264301986 0.038792633 -0.002422143 0.963656425
1341846666.072502 -0.054490421 -0.012845663 -0.054119971 -0.267891407 0.040802490 -0.002871470 0.962580442
1341846666.134147 -0.040339075 -0.005677443 -0.060476594 -0.274366856 0.040876467 -0.002336551 0.960753083
1341846666.166356 -0.054067492 0.008344339 -0.065357700 -0.272956640 0.042095862 -0.001843061 0.961103141
1341846666.202327 -0.057044417 0.000927715 -0.064400256 -0.276815742 0.045141485 -0.002468677 0.959858954
1341846666.234319 -0.047607150 0.003270753 -0.062901363 -0.279261917 0.041929506 -0.001899430 0.959297180
1341846666.266322 -0.053135939 -0.001348771 -0.064309262 -0.284511596 0.040557478 -0.000757955 0.957813978
1341846666.302195 -0.058648374 0.015803330 -0.079953931 -0.291624159 0.043823794 0.000370953 0.955528498
1341846666.335080 -0.055905513 0.039062902 -0.080245666 -0.298508704 0.043054089 -0.002339534 0.953432441
1341846666.370216 -0.063375562 0.019502010 -0.071878091 -0.308944076 0.041319508 -0.001259753 0.950181365
1341846666.402019 -0.055917639 0.039490584 -0.082341246 -0.311522156 0.040745839 0.001279109 0.949364066
1341846666.434088 -0.055649508 0.029535538 -0.074767478 -0.319499761 0.042331547 0.002075770 0.946638048
1341846666.470060 -0.068287358 0.021925464 -0.069422439 -0.322781175 0.041946124 0.006491071 0.945521414
1341846666.502190 -0.060326003 0.039780896 -0.082312569 -0.324437708 0.041644387 0.010933276 0.944926679
1341846666.534121 -0.052727930 0.046385814 -0.084985323 -0.333833545 0.043078773 0.010006329 0.941594005
1341846666.570131 -0.056523435 0.031486999 -0.077551141 -0.344422728 0.043350689 0.011816553 0.937738836
1341846666.602180 -0.064547911 0.049374685 -0.086687490 -0.347003400 0.044081122 0.013147047 0.936735094
1341846666.638072 -0.061348893 0.054885678 -0.086852640 -0.352459878 0.044885341 0.013762335 0.934648573
1341846666.670134 -0.072805867 0.032722689 -0.074038669 -0.360505402 0.045536090 0.014934972 0.931525230
1341846666.738266 -0.072483510 0.036003284 -0.080932967 -0.363772124 0.043170068 0.016081624 0.930348098
1341846666.770390 -0.072199769 0.034783859 -0.076412231 -0.366981894 0.041281663 0.018268831 0.929132044
1341846666.802119 -0.073946185 0.033940490 -0.081552044 -0.368008584 0.038615361 0.020683441 0.928789914
1341846666.838108 -0.069546506 0.045585133 -0.085466325 -0.367645323 0.036792345 0.022635626 0.928962231
1341846666.870483 -0.059034999 0.049499646 -0.087652743 -0.370146871 0.034465540 0.026030716 0.927968621
1341846666.906019 -0.072819263 0.047563970 -0.094055057 -0.372373670 0.036350038 0.024469735 0.927047849
1341846666.937989 -0.073592909 0.053913221 -0.102388583 -0.373865008 0.034348097 0.022331366 0.926577866
1341846666.970036 -0.049785357 0.052796155 -0.095560543 -0.379111260 0.029461738 0.024609117 0.924554527
1341846667.006200 -0.066158526 0.048573859 -0.093157731 -0.382291704 0.032506302 0.022426676 0.923197389
1341846667.038153 -0.077846624 0.038684797 -0.101713330 -0.385927409 0.030860376 0.021387482 0.921764731
1341846667.074153 -0.028323662 0.117724136 -0.129898667 -0.376897424 0.019847734 0.019077949 0.925845802
1341846667.106156 -0.073500343 0.052537218 -0.103482872 -0.396244079 0.030148016 0.016847076 0.917495489
1341846667.138108 -0.072465517 0.038039647 -0.094018161 -0.399395317 0.025893306 0.015948404 0.916274309
1341846667.174105 -0.045829784 0.053128771 -0.104694441 -0.394070983 0.020166110 0.014902058 0.918737888
1341846667.206107 -0.061931301 0.042758137 -0.103811413 -0.394129515 0.026247196 0.010700517 0.918617725
1341846667.238075 -0.081357069 0.032687396 -0.101054221 -0.391076773 0.028373023 0.005352118 0.919905066
1341846667.274016 -0.067534119 0.016098112 -0.106931612 -0.386726975 0.025321122 0.000337044 0.921846509
1341846667.306189 -0.075945027 -0.094185822 -0.051270548 -0.400041878 0.029146932 -0.003764525 0.916025519
1341846667.342253 -0.039124642 -0.045927234 -0.078038499 -0.376664847 0.019225528 -0.000176673 0.926150084
1341846667.374345 -0.017789554 -0.025758382 -0.095077582 -0.364022434 0.013364463 -0.002389681 0.931291223
1341846667.406982 -0.060130529 -0.069960482 -0.074821331 -0.365233421 0.023808096 -0.011744637 0.930537343
1341846667.442109 -0.080458812 -0.128505737 -0.061254941 -0.363970697 0.026750112 -0.010198521 0.930970311
1341846667.474109 -0.076475956 -0.088391788 -0.077481799 -0.343690038 0.023646556 -0.013083965 0.938694239
1341846667.506006 -0.090044521 -0.134565800 -0.074362904 -0.339404762 0.027350297 -0.017250435 0.940084457
1341846667.542298 -0.100623481 -0.193996519 -0.043722361 -0.338174492 0.026916509 -0.014107620 0.940592647
1341846667.574196 -0.090062812 -0.095025614 -0.092297487 -0.302308738 0.022213040 -0.016826106 0.952802658
1341846667.610099 -0.128047466 0.039814390 -0.148241341 -0.265406668 0.031431768 -0.019688267 0.963422894
1341846667.642293 -0.130403310 0.029654492 -0.145244867 -0.259504825 0.031241948 -0.017404431 0.965079427
1341846667.674072 -0.130149975 0.076600537 -0.164167255 -0.247494146 0.031024642 -0.017278057 0.968238413
1341846667.710179 -0.122412123 0.047413580 -0.154226929 -0.252519608 0.032999810 -0.018593883 0.966850102
1341846667.742255 -0.120859310 0.045606963 -0.149733186 -0.248172447 0.032972176 -0.020415656 0.967939317
1341846667.774114 -0.126560420 0.048774801 -0.150105298 -0.239982560 0.032349430 -0.018031066 0.970070481
1341846667.810099 -0.150572777 0.016900361 -0.136721060 -0.242701501 0.040227927 -0.020446178 0.969050884
1341846667.842103 -0.127244249 0.026350871 -0.139588028 -0.236162767 0.038133152 -0.021254793 0.970732331
1341846667.878139 -0.125465021 0.020937931 -0.139543653 -0.227436483 0.036533516 -0.018498573 0.972931504
1341846667.910558 -0.148877248 0.003641330 -0.128138945 -0.226057872 0.043864567 -0.021982739 0.972877443
1341846667.942116 -0.151036814 0.001853839 -0.125684366 -0.221380889 0.047694933 -0.022937795 0.973750234
1341846667.978287 -0.148487464 0.001397118 -0.126217395 -0.213656336 0.046233807 -0.021365924 0.975580275
1341846668.010215 -0.104389183 -0.002477560 -0.129084021 -0.206322998 0.040878791 -0.022243043 0.977376580
1341846668.046247 -0.152046934 0.006964348 -0.123688355 -0.195780843 0.053029247 -0.023654435 0.978927076
1341846668.078111 -0.156301647 -0.002677348 -0.120729044 -0.189067930 0.053767640 -0.021396512 0.980257392
1341846668.110130 -0.153049678 -0.006605890 -0.121736214 -0.182308808 0.055598695 -0.023327107 0.981390953
1341846668.146332 -0.169767380 -0.013212971 -0.113174841 -0.176741287 0.061519828 -0.024248544 0.982033491
1341846668.178208 -0.156539097 -0.000124436 -0.114024930 -0.163144916 0.057179570 -0.020784099 0.984724462
1341846668.211262 -0.175197765 -0.020472826 -0.101511523 -0.155651540 0.060086813 -0.022656288 0.985722482
1341846668.246163 -0.168538779 -0.021198295 -0.107168585 -0.142926916 0.059777547 -0.021511352 0.987692177
1341846668.278397 -0.195085704 -0.035101864 -0.102137826 -0.132231861 0.062040407 -0.017571313 0.989119291
1341846668.314248 -0.185227215 -0.015645640 -0.101571299 -0.118937775 0.060417842 -0.019148506 0.990876794
1341846668.346231 -0.179455683 -0.013768800 -0.103516072 -0.112160824 0.061232481 -0.016997347 0.991656005
1341846668.378099 -0.179267153 -0.015051335 -0.099332027 -0.106222324 0.059979413 -0.012840620 0.992448688
1341846668.414247 -0.177359074 -0.017457299 -0.101072222 -0.100571543 0.059872184 -0.015631594 0.993003726
1341846668.445965 -0.179633290 -0.025200099 -0.100251615 -0.094058320 0.060604353 -0.012456940 0.993642271
1341846668.478153 -0.202573895 -0.063545391 -0.097590566 -0.080391519 0.061168712 -0.007001496 0.994860053
1341846668.514213 -0.180379868 -0.023248576 -0.104644857 -0.058833521 0.057403952 -0.010076887 0.996564984
1341846668.546115 -0.181133464 -0.017343985 -0.106545940 -0.052061640 0.057373967 -0.011930845 0.996922970
1341846668.582467 -0.185982853 -0.027971227 -0.100972250 -0.047787037 0.057445563 -0.015737087 0.997080088
1341846668.614140 -0.187991545 -0.034784999 -0.114317536 -0.033690490 0.058373988 -0.014674352 0.997618198
1341846668.646312 -0.181821212 -0.015280148 -0.116129264 -0.018402392 0.056057692 -0.015842997 0.998132169
1341846668.682455 -0.193234697 -0.026695665 -0.105198480 -0.014305966 0.055872265 -0.017635047 0.998179674
1341846668.714133 -0.177823216 -0.040324613 -0.106343448 -0.004222232 0.049916998 -0.019014414 0.998563409
1341846668.746132 -0.162792280 -0.011869736 -0.111585177 0.008746755 0.045448527 -0.019154681 0.998744726
1341846668.782338 -0.162270159 0.014001047 -0.120281667 0.011910119 0.045281701 -0.019881351 0.998705387
1341846668.814140 -0.159804210 0.001438603 -0.116876699 0.008763806 0.045145642 -0.019514844 0.998751342
1341846668.850214 -0.179636732 0.015227153 -0.107362047 0.011195777 0.047887295 -0.018595468 0.998616874
1341846668.882442 -0.176532865 0.015586847 -0.111463696 0.008414477 0.046454668 -0.020400630 0.998676598
1341846668.914289 -0.178353339 0.001794545 -0.109826051 0.005677108 0.045495760 -0.022866180 0.998686671
1341846668.950088 -0.188598827 0.009519667 -0.107546277 0.008102394 0.043111343 -0.025167670 0.998720348
1341846668.982227 -0.176030189 0.025314251 -0.114932179 0.006741407 0.038205702 -0.029059406 0.998824537
1341846669.014062 -0.177433550 0.025831977 -0.119507611 -0.001428569 0.037176698 -0.035420287 0.998679757
1341846669.050056 -0.181479529 0.023452245 -0.112232618 -0.006329431 0.033813078 -0.040113885 0.998602808
1341846669.082525 -0.173327446 0.031237939 -0.118721992 -0.009934179 0.028493920 -0.046080973 0.998481810
1341846669.118346 -0.154238790 0.034034021 -0.130871952 -0.019145789 0.023550868 -0.055979617 0.997970521
1341846669.150086 -0.164335087 0.018219858 -0.119037375 -0.027901830 0.021760732 -0.063967258 0.997324467
1341846669.182477 -0.168642014 0.021977844 -0.115989000 -0.028375275 0.019372780 -0.070544243 0.996916771
1341846669.218046 -0.166418985 0.039470635 -0.121338174 -0.032311916 0.020071821 -0.078919075 0.996155024
1341846669.250205 -0.154359728 0.026128618 -0.118426658 -0.039808888 0.014759317 -0.084695868 0.995501935
1341846669.286114 -0.159691498 0.030195694 -0.109793872 -0.039744694 0.014476452 -0.089001141 0.995132923
1341846669.318030 -0.153775334 0.035279434 -0.112649463 -0.040960442 0.014992285 -0.094059564 0.994610667
1341846669.350255 -0.159360424 0.027229980 -0.120438807 -0.043479815 0.012664279 -0.100044869 0.993951797
1341846669.418200 -0.146529213 0.036528837 -0.123926058 -0.051243383 0.007741323 -0.120449841 0.991365731
1341846669.450219 -0.153761446 0.038363814 -0.119662620 -0.054564144 0.007021668 -0.130061835 0.989978492
1341846669.486175 -0.144203708 0.035710044 -0.127046481 -0.058590662 0.002554557 -0.140601560 0.988327801
1341846669.518033 -0.140842691 0.039397255 -0.129094034 -0.065254956 0.003994390 -0.152238503 0.986179113
1341846669.554159 -0.149011865 0.035566218 -0.119370140 -0.071414232 0.006044443 -0.162701696 0.984068871
1341846669.586348 -0.151410475 0.045293152 -0.130101964 -0.074430250 0.005555013 -0.171732858 0.982312143
1341846669.617976 -0.144016325 0.042292073 -0.142169148 -0.082246386 0.007560939 -0.182518497 0.979727209
1341846669.654096 -0.157434657 0.035491183 -0.127182394 -0.088247366 0.012801117 -0.190825447 0.977565408
1341846669.686069 -0.156936482 0.035642993 -0.126928955 -0.087924689 0.013757274 -0.196405858 0.976475656
1341846669.718075 -0.153007001 0.039376229 -0.139214560 -0.090340331 0.014941005 -0.203858912 0.974708617
1341846669.754171 -0.138636976 0.038469419 -0.149429232 -0.096366920 0.015611222 -0.212116301 0.972356081
1341846669.786139 -0.141815454 0.037584566 -0.130674616 -0.101150341 0.018333511 -0.220544949 0.969944537
1341846669.822151 -0.153185949 0.038137168 -0.136650428 -0.103912473 0.021186899 -0.228894427 0.967657268
1341846669.854118 -0.140382320 0.046976425 -0.140672907 -0.107446373 0.021286799 -0.236749351 0.965376556
1341846669.886219 -0.143735215 0.046152629 -0.138058260 -0.113360509 0.023940362 -0.246377885 0.962223589
1341846669.922050 -0.146221370 0.041770265 -0.129668891 -0.116878137 0.025542906 -0.254924804 0.959531367
1341846669.954047 -0.139507979 0.048241146 -0.149996191 -0.119448513 0.026152201 -0.261175781 0.957515180
1341846669.986285 -0.131170809 0.041486911 -0.149475738 -0.127404600 0.027652908 -0.269732177 0.954069138
1341846670.022242 -0.144425124 0.043273732 -0.138403639 -0.131374374 0.033765063 -0.280174136 0.950317383
1341846670.054135 -0.138043016 0.043619867 -0.141383603 -0.134030744 0.035833959 -0.286089182 0.948105872
1341846670.090228 -0.124982387 0.042453501 -0.151925147 -0.138509035 0.036266092 -0.295631349 0.944511592
1341846670.121996 -0.139253214 0.040782869 -0.151225090 -0.143358812 0.043554738 -0.307528228 0.939668894
1341846670.154057 -0.135987431 0.045968641 -0.151298821 -0.146404132 0.047942918 -0.317308873 0.935725570
1341846670.190103 -0.139002666 0.046977635 -0.147624359 -0.150380790 0.050958622 -0.325943142 0.931960285
1341846670.222197 -0.139944524 0.042320918 -0.155543253 -0.152647883 0.054641306 -0.338103235 0.927037835
1341846670.258571 -0.135172993 0.044026900 -0.154598668 -0.153540581 0.059333216 -0.344953001 0.924073756
1341846670.290254 -0.135377213 0.049668528 -0.150630087 -0.154358581 0.062190898 -0.351826400 0.921153545
1341846670.358377 -0.139491469 0.056240808 -0.160638273 -0.150942937 0.076967746 -0.369805187 0.913529575
1341846670.390114 -0.149336383 0.045102764 -0.147882640 -0.151926368 0.084585980 -0.376287222 0.910039246
1341846670.422206 -0.145770758 0.042827874 -0.146630377 -0.148396611 0.090436511 -0.383414984 0.907079160
1341846670.464003 -0.171728969 0.049886174 -0.138114557 -0.142138809 0.104114503 -0.397004694 0.900746346
1341846670.526271 -0.144073009 0.049148563 -0.140346840 -0.133512467 0.114378944 -0.409510821 0.895205438
1341846670.566977 -0.157596961 0.035436086 -0.148518905 -0.134372965 0.119749673 -0.414700866 0.891979337
1341846670.596103 -0.148714781 0.027724972 -0.155812010 -0.131926998 0.120479539 -0.419071674 0.890201569
1341846670.628412 -0.156511471 0.031349640 -0.151384354 -0.129075795 0.124946736 -0.423432171 0.887937427
1341846670.664027 -0.179843619 0.032422379 -0.148415029 -0.126070380 0.133022591 -0.431991488 0.883059800
1341846670.696002 -0.169514477 0.026458994 -0.160283267 -0.119302258 0.135428265 -0.435875237 0.881724954
1341846670.728093 -0.162774056 0.026287178 -0.160226062 -0.112740159 0.138747320 -0.441107631 0.879467428
1341846670.764128 -0.169281945 0.029265031 -0.159775808 -0.108484603 0.146367401 -0.447097480 0.875734866
1341846670.796059 -0.171161741 0.032836191 -0.159847036 -0.101651505 0.154098794 -0.453647226 0.871851325
1341846670.832246 -0.167782158 0.026002802 -0.155324966 -0.094975568 0.156234875 -0.452982545 0.872569263
1341846670.863970 -0.156633437 0.027654517 -0.169584781 -0.088966601 0.156259462 -0.449891239 0.874794722
1341846670.896139 -0.166703269 0.026526293 -0.165566698 -0.083991729 0.163313374 -0.451273382 0.873284936
1341846670.932028 -0.162746623 0.020173937 -0.145852327 -0.074138261 0.169129908 -0.447325826 0.875098944
1341846670.964063 -0.152439177 0.020306597 -0.142708629 -0.062676422 0.167388275 -0.440763950 0.879647672
1341846671.000270 -0.167376131 0.010490734 -0.158158675 -0.057387356 0.169353962 -0.443539411 0.878236115
1341846671.032112 -0.170185268 0.010454832 -0.177530929 -0.048749465 0.176013276 -0.447273612 0.875550747
1341846671.064030 -0.161248684 0.006845461 -0.165364549 -0.040681649 0.178376526 -0.451528102 0.873297870
1341846671.101398 -0.158652931 0.004285019 -0.165079221 -0.033424750 0.177655011 -0.456507772 0.871161342
1341846671.132289 -0.160782918 -0.019183023 -0.186191678 -0.026163327 0.178859413 -0.465460628 0.866412818
1341846671.168159 -0.153544039 -0.036240678 -0.193678185 -0.015600752 0.174565852 -0.469733596 0.865236223
1341846671.200149 -0.142798260 0.001942519 -0.167245418 0.001172711 0.170755818 -0.469499975 0.866262555
1341846671.232280 -0.159174293 0.000573274 -0.211925521 0.010093969 0.171515852 -0.475760639 0.862630963
1341846671.268147 -0.156234011 -0.009352021 -0.178960100 0.019324448 0.173040569 -0.477613688 0.861143827
1341846671.300337 -0.144644886 -0.006362893 -0.183111563 0.029039275 0.167857230 -0.477769107 0.861810505
1341846671.336125 -0.154418096 -0.015349329 -0.192968011 0.033085782 0.165919513 -0.483325154 0.858937025
1341846671.368236 -0.149178162 -0.018884171 -0.199076369 0.039314084 0.165804684 -0.486216426 0.857062936
1341846671.400327 -0.134288967 -0.016775403 -0.197480574 0.045618493 0.160056904 -0.487255961 0.857252777
1341846671.436064 -0.147847503 -0.016653586 -0.202118337 0.049780160 0.158281267 -0.493896812 0.853542566
1341846671.468197 -0.145722196 -0.019705940 -0.201961383 0.054589991 0.157077745 -0.498575896 0.850745916
1341846671.504294 -0.122429952 -0.013505116 -0.204052597 0.059304774 0.149188414 -0.500927806 0.850468755
1341846671.536197 -0.140393734 -0.011355419 -0.188710093 0.063426055 0.143213749 -0.511707783 0.844761550
1341846671.568120 -0.154192001 -0.018822387 -0.201563060 0.068817645 0.141039371 -0.520228863 0.839484334
1341846671.604188 -0.139923647 -0.027958527 -0.193730772 0.072297305 0.133324176 -0.521699250 0.839540124
1341846671.704027 -0.152050719 -0.020248152 -0.217571646 0.092052899 0.113526948 -0.537452161 0.830531836
1341846676.290401 -0.099820510 0.067939594 -0.182485297 0.046001591 -0.044304751 0.080290310 0.994723260
1341846676.322689 -0.071575165 0.082503758 -0.217842221 0.043577138 -0.044669293 0.078176431 0.994984508
1341846676.360815 -0.082557835 0.115684420 -0.208758518 0.036375970 -0.037652776 0.074652255 0.995834351
1341846676.390851 -0.062075891 0.073330864 -0.192438558 0.023424838 -0.037384238 0.076275550 0.996110320
1341846676.424250 -0.049609713 0.065894671 -0.201877028 0.025003171 -0.035157263 0.078542799 0.995976806
1341846676.459033 -0.036685575 0.093618959 -0.223198622 0.025857504 -0.031803850 0.079194330 0.996016145
1341846676.490669 -0.034048866 0.084350385 -0.216517761 0.020366732 -0.028067507 0.081064977 0.996105373
1341846676.532743 -0.018153440 0.086145066 -0.229322344 0.019786399 -0.025289373 0.082907706 0.996039808
1341846676.564052 -0.018411621 0.099836648 -0.225676373 0.019115694 -0.020875426 0.080610499 0.996343672
1341846676.596566 -0.018864652 0.098856062 -0.223063201 0.015457359 -0.018447759 0.080193147 0.996488750
1341846676.632057 -0.007458232 0.095528349 -0.227748543 0.013933376 -0.016033458 0.076712541 0.996826947
1341846676.690079 0.004131695 0.096476085 -0.236381084 0.013005937 -0.012470367 0.074507415 0.997057676
1341846676.726102 0.015856314 0.090472072 -0.237832889 0.012422827 -0.009838197 0.071223848 0.997334480
1341846676.758419 0.019591520 0.093761183 -0.233662650 0.015655546 -0.006484535 0.070877582 0.997341096
1341846676.790227 0.018778201 0.094354704 -0.235372156 0.017046887 -0.004846335 0.072045237 0.997243881
1341846676.826179 0.030891724 0.100458182 -0.236544415 0.018390432 -0.001938651 0.070229851 0.997359455
1341846676.858331 0.031086124 0.099354856 -0.239726424 0.019564530 0.002042681 0.071241960 0.997265100
1341846676.894086 0.027496254 0.103757918 -0.236380637 0.020324955 0.001401033 0.072826661 0.997136474
1341846676.926062 0.042550426 0.105980247 -0.234806284 0.020096635 0.000619307 0.071169324 0.997261584
1341846676.958080 0.043644488 0.101277836 -0.232051820 0.019548915 0.002391996 0.071862265 0.997220099
1341846676.994140 0.036254343 0.103494041 -0.228591755 0.021327784 0.001662328 0.072395533 0.997146547
1341846677.026242 0.052299075 0.107305020 -0.228791013 0.021860080 -0.000985596 0.072247617 0.997146666
1341846677.094244 0.053530071 0.100902922 -0.244556978 0.018618664 -0.001126506 0.071990594 0.997230887
1341846677.126108 0.059901521 0.095268615 -0.240575030 0.019763581 -0.003347208 0.072715133 0.997151256
1341846677.162066 0.063145794 0.100825317 -0.231618300 0.022626447 -0.003026831 0.072540805 0.997104168
1341846677.194068 0.063807547 0.109194867 -0.238929272 0.022446079 -0.004162641 0.073074222 0.997065187
1341846677.226206 0.082609892 0.095953643 -0.246151894 0.019859727 -0.005693686 0.072960876 0.997120798
1341846677.262033 0.072699800 0.095749862 -0.244098946 0.023230730 -0.001539218 0.072146438 0.997122288
1341846677.294125 0.064414032 0.103918105 -0.240727052 0.025487280 -0.001858562 0.072995946 0.997004807
1341846677.326503 0.083473966 0.107820511 -0.247387543 0.024147902 -0.003749289 0.072255127 0.997086763
1341846677.362194 0.084343843 0.092634551 -0.245099798 0.022448171 -0.000512032 0.072407767 0.997122288
1341846677.394280 0.082771085 0.093698405 -0.247984946 0.023978481 -0.000270974 0.074090376 0.996963203
1341846677.430058 0.086711414 0.095209442 -0.249697506 0.024405614 0.000674829 0.072376586 0.997078478
1341846677.468326 0.088354208 0.092687495 -0.247531757 0.025125591 0.003618757 0.071490481 0.997118235
1341846677.530161 0.092892751 0.090187363 -0.250960976 0.029071564 0.006137941 0.070321180 0.997081816
1341846677.562051 0.095167316 0.091831967 -0.249201730 0.030574346 0.008870295 0.068761334 0.997125089
1341846677.594105 0.090104647 0.092858434 -0.249171808 0.031021832 0.010443247 0.068381004 0.997122169
1341846677.630227 0.101479977 0.090087578 -0.246364504 0.031142691 0.009608651 0.067561097 0.997182727
1341846677.662033 0.098342478 0.090514645 -0.247154757 0.032138903 0.011571831 0.067384504 0.997142136
1341846677.730320 0.101607651 0.091888405 -0.247281492 0.031578612 0.011385987 0.067446172 0.997158051
1341846677.763691 0.101830244 0.089710265 -0.245624319 0.032843634 0.012335166 0.067799695 0.997081935
1341846677.798630 0.098421678 0.095743656 -0.245463684 0.033316169 0.011145285 0.067447133 0.997104168
1341846677.830104 0.111793034 0.089179873 -0.243594438 0.031965069 0.010134527 0.066006310 0.997255564
1341846677.862185 0.109974317 0.086284205 -0.243288279 0.034705106 0.012727953 0.064881444 0.997208059
1341846677.898344 0.107277453 0.083328731 -0.244661033 0.037401874 0.012886556 0.066114463 0.997027516
1341846677.930181 0.114001699 0.082353257 -0.250985354 0.039258439 0.012312667 0.064998433 0.997036815
1341846677.966256 0.113891631 0.076596946 -0.249585226 0.041645817 0.014775547 0.064092278 0.996965170
1341846677.998516 0.112221964 0.075725377 -0.250750422 0.046290223 0.014130062 0.065750092 0.996661663
1341846678.030368 0.119130194 0.078060120 -0.250407517 0.049292959 0.011054938 0.066169605 0.996528745
1341846678.066187 0.123407438 0.078322358 -0.253269523 0.051152013 0.012106507 0.065212250 0.996485949
1341846678.098076 0.110215947 0.072454669 -0.256538004 0.052380476 0.013611320 0.065414697 0.996389449
1341846678.134082 0.116613969 0.073661573 -0.257794827 0.054229259 0.009759115 0.065977864 0.996298552
1341846678.166092 0.121741980 0.074103639 -0.256361604 0.055363860 0.009916794 0.065006427 0.996298492
1341846678.204293 0.114536062 0.068813309 -0.260026157 0.056577832 0.011265667 0.065489851 0.996184289
1341846678.266209 0.120082207 0.068374321 -0.264698803 0.060558274 0.007534982 0.065288432 0.995998621
1341846678.298316 0.113541082 0.070474915 -0.264519423 0.061285619 0.007191922 0.065429263 0.995947480
1341846678.334135 0.117990963 0.069639564 -0.263257205 0.061122216 0.004714415 0.065410435 0.995973527
1341846678.366593 0.123420179 0.064309590 -0.263267905 0.061986949 0.004708793 0.065168828 0.995935977
1341846678.402292 0.122558966 0.065762393 -0.265549093 0.063707590 0.004525734 0.065448225 0.995809913
1341846678.439991 0.129043579 0.067178026 -0.267068595 0.064496018 0.003928047 0.065637872 0.995749235
