1341846647.802247 0.000000000 0.000000000 0.000000000 0.000000000 0.000000000 0.000000000 1.000000000
1341846647.834093 0.002043259 -0.002682710 -0.001541599 0.000253797 0.000020178 0.001427732 0.999998927
1341846647.866652 0.001830245 -0.004548954 -0.008510356 0.001266903 0.002619817 0.003232882 0.999990523
1341846647.901972 0.005794992 0.003434777 -0.006041776 0.002555556 0.004364357 0.003283813 0.999981821
1341846647.934224 0.003364944 0.004081454 -0.007779950 0.001366397 0.005029563 0.003432394 0.999980509
1341846647.970225 0.011850125 0.001470605 -0.006290098 0.000548726 0.002211560 0.004673237 0.999986470
1341846648.002341 0.012760092 0.009665745 -0.008209887 0.001025527 0.001388513 0.004463392 0.999988556
1341846648.034343 0.025893454 0.007894551 -0.006428975 -0.001538275 -0.001591274 0.005149042 0.999984264
1341846648.070164 0.012676493 0.005991989 -0.007636909 -0.002947984 -0.002739505 0.004968067 0.999979556
1341846648.102152 0.010601977 0.003679395 -0.010618264 -0.002547158 -0.005439663 0.005812323 0.999965072
1341846648.138185 0.023071004 0.009508667 -0.012756943 -0.002344331 -0.008642679 0.005701855 0.999943674
1341846648.170568 0.023354972 0.008059024 -0.016097525 -0.005600852 -0.010277914 0.004842313 0.999919772
1341846648.202106 0.031977728 -0.001939158 -0.012362735 -0.008447263 -0.016095165 0.005564866 0.999819279
1341846648.238157 0.030799730 -0.001752751 -0.013882821 -0.007704046 -0.020785134 0.005680891 0.999738157
1341846648.270152 0.028790744 0.002415270 -0.023449134 -0.009250655 -0.025183814 0.003346074 0.999634445
1341846648.302183 0.030765127 0.006305578 -0.022047192 -0.013858406 -0.030249147 -0.001865439 0.999444604
1341846648.338170 0.037565503 0.002369070 -0.020203818 -0.017588394 -0.036435161 -0.005218258 0.999167621
1341846648.370216 0.028298363 0.000987018 -0.026036909 -0.020028047 -0.041921750 -0.006989631 0.998895645
1341846648.406052 0.028358193 -0.002372692 -0.027014017 -0.021736395 -0.052003276 -0.005486083 0.998395264
1341846648.438342 0.040443916 -0.000600465 -0.022545934 -0.021367725 -0.059853684 -0.003137894 0.997973502
1341846648.470076 0.045974672 0.012098370 -0.026250780 -0.019970277 -0.065381482 -0.001849858 0.997658789
1341846648.506263 0.050474219 0.012433295 -0.024212258 -0.023220845 -0.072375476 -0.001993157 0.997105122
1341846648.538249 0.064750314 0.006842912 -0.018716026 -0.027663652 -0.080959290 -0.002976836 0.996328950
1341846648.570179 0.064456291 0.014428389 -0.017179186 -0.029377496 -0.084027737 -0.004123205 0.996021748
1341846648.606081 0.056436468 0.008790309 -0.024154462 -0.032858636 -0.086278737 -0.005633739 0.995713115
1341846648.638395 0.067504413 0.005533618 -0.015888117 -0.033006180 -0.098304912 -0.006525902 0.994587421
1341846648.674053 0.086526990 0.000329212 -0.013642967 -0.032830652 -0.105276406 -0.006547085 0.993879318
1341846648.706058 0.082699783 -0.006855760 -0.026951300 -0.034655686 -0.111133225 -0.005990931 0.993183017
1341846648.738116 0.102068692 -0.008767502 -0.005435631 -0.035746712 -0.124954611 -0.003921930 0.991510510
1341846648.774049 0.121523261 -0.015491120 0.000634417 -0.034126125 -0.129403234 -0.001823424 0.991002917
1341846648.805941 0.104150131 -0.016132729 -0.016921913 -0.032715429 -0.128401294 -0.000891907 0.991182089
1341846648.838602 0.104526691 -0.013107287 -0.013278373 -0.033033006 -0.136589736 0.000537860 0.990076602
1341846648.874088 0.131116942 0.000132340 0.004139666 -0.032840528 -0.144709587 -0.000011459 0.988928974
1341846648.906165 0.139161587 -0.017310563 -0.001637865 -0.037809774 -0.151299074 0.001450568 0.987763584
1341846648.942154 0.153765500 -0.019211147 0.001201734 -0.038225695 -0.169691846 0.004695301 0.984744370
1341846648.974090 0.175610572 -0.015967023 -0.025640409 -0.039307669 -0.180803016 0.004663049 0.982722461
1341846649.006157 0.164651766 -0.011061331 -0.004216686 -0.041768398 -0.183182046 0.000990507 0.982190788
1341846649.042101 0.165149674 -0.025705347 -0.001983546 -0.043834720 -0.191624269 0.001169899 0.980488300
1341846649.074128 0.172194183 -0.011321197 -0.018747937 -0.042736605 -0.198500991 -0.006192774 0.979148924
1341846649.106188 0.195604652 -0.008062793 -0.001816846 -0.044822201 -0.203439653 -0.015381055 0.977940023
1341846649.142042 0.192209929 -0.014141535 0.003675498 -0.048703212 -0.205398813 -0.016781140 0.977321744
1341846649.174442 0.199254960 -0.014451357 0.010145441 -0.050870433 -0.211961821 -0.021155309 0.975723743
1341846649.216152 0.201877564 -0.017739877 0.016025998 -0.052395999 -0.212992013 -0.025739068 0.975308418
1341846649.248048 0.209405378 -0.017870171 0.014503554 -0.054619301 -0.213660747 -0.023363996 0.975099981
1341846649.280075 0.223661691 -0.008990552 0.013723075 -0.057790305 -0.217901513 -0.021419711 0.974022806
1341846649.316071 0.226497620 -0.010689949 0.024940334 -0.062574357 -0.219303668 -0.022460395 0.973388851
1341846649.348041 0.227260023 -0.027898630 0.038742255 -0.067334823 -0.222246289 -0.018489407 0.972486913
1341846649.383973 0.225068331 -0.023722105 0.040205549 -0.065084405 -0.225801468 -0.015365114 0.971875310
1341846649.416053 0.227303460 -0.008090017 0.024007998 -0.062929854 -0.224268034 -0.022911347 0.972223639
1341846649.448084 0.238298595 -0.011720491 0.031387627 -0.068088032 -0.223014593 -0.022019882 0.972184956
1341846649.484154 0.251458019 -0.029767305 0.048963003 -0.073837459 -0.228308603 -0.019020040 0.970598519
1341846649.516198 0.246926680 -0.029448155 0.049584392 -0.072562292 -0.228800699 -0.023715362 0.970475435
1341846649.552101 0.253399014 -0.030335352 0.055207871 -0.071010329 -0.227522090 -0.027733052 0.970784307
1341846649.616167 0.264105529 -0.035396989 0.067153037 -0.072051741 -0.232851133 -0.019369425 0.969646156
1341846649.678101 0.275781989 -0.042407207 0.071103260 -0.071615331 -0.235957906 -0.021544196 0.968881309
1341846649.710937 0.275042892 -0.042099643 0.067911997 -0.070286460 -0.241615757 -0.021535356 0.967583537
1341846649.746112 0.291231483 -0.044403143 0.077957921 -0.068679906 -0.250295460 -0.023996413 0.965432227
1341846649.778019 0.292254567 -0.047483429 0.065272428 -0.067158960 -0.253551543 -0.025437253 0.964652419
1341846649.810257 0.296803266 -0.053255774 0.060059458 -0.067514621 -0.260934740 -0.023738455 0.962700009
1341846649.846059 0.315268040 -0.037568279 0.039672486 -0.066471331 -0.270896047 -0.026588598 0.959942639
1341846649.878137 0.317483813 -0.032885171 0.067785151 -0.070118062 -0.277535290 -0.028787656 0.957720697
1341846649.914184 0.319334298 -0.051143743 0.094177857 -0.072391532 -0.284100294 -0.024316873 0.955748498
1341846649.952612 0.336561233 -0.036644466 0.094174534 -0.068600312 -0.288385510 -0.020872636 0.954825699
1341846650.014156 0.347700715 -0.047554865 0.094628647 -0.070260152 -0.292139739 -0.011830717 0.953717947
1341846650.046184 0.355420887 -0.037629861 0.111114599 -0.068210326 -0.296299070 -0.010503879 0.952598512
1341846650.078250 0.374077201 -0.034659170 0.131482020 -0.065993413 -0.298521191 -0.010635015 0.952059269
1341846650.114215 0.377438009 -0.039600469 0.130370349 -0.065314591 -0.298151314 -0.007574042 0.952251256
1341846650.146137 0.382307023 -0.045039803 0.136683941 -0.064319804 -0.301198274 -0.005586036 0.951373398
1341846650.182236 0.391394556 -0.041555129 0.144306183 -0.059484821 -0.301503599 -0.007316774 0.951579511
1341846650.214164 0.397432387 -0.041860901 0.132390290 -0.057704993 -0.299688548 -0.007376391 0.952261746
1341846650.246084 0.399011135 -0.038494948 0.140220851 -0.059352316 -0.301277220 -0.007408504 0.951658785
1341846650.282167 0.411609709 -0.050022542 0.159379378 -0.056985356 -0.301964372 -0.012010091 0.951538742
1341846650.314158 0.414843678 -0.050318569 0.150252312 -0.053472377 -0.297967225 -0.015070483 0.952958107
1341846650.350453 0.417057246 -0.051438235 0.139395252 -0.055746805 -0.297193825 -0.015536194 0.953061819
1341846650.382075 0.419329017 -0.050192259 0.155644059 -0.056878351 -0.298177838 -0.019074583 0.952623188
1341846650.414224 0.414706826 -0.059013095 0.170485914 -0.056157127 -0.294295698 -0.019116102 0.953871608
1341846650.450353 0.413169920 -0.055049054 0.147538483 -0.054196037 -0.287267745 -0.016427342 0.956174791
1341846650.484849 0.412337363 -0.049187176 0.139738008 -0.054217145 -0.283921063 -0.020900855 0.957085431
1341846650.514091 0.412243932 -0.059779733 0.174171075 -0.057386737 -0.280597925 -0.020822525 0.957882047
1341846650.550746 0.398312777 -0.065344587 0.172116145 -0.052968509 -0.272630095 -0.020271501 0.960445881
1341846650.582069 0.393432319 -0.057233252 0.147347480 -0.046866495 -0.264735937 -0.020456165 0.962964118
1341846650.618092 0.387490183 -0.057470478 0.142984867 -0.047143284 -0.258245707 -0.023586260 0.964640021
1341846650.650422 0.379311919 -0.055389673 0.148684949 -0.045662191 -0.250827461 -0.027601168 0.966560245
1341846650.682114 0.362262189 -0.056245252 0.138877660 -0.043775346 -0.242800832 -0.029909924 0.968626201
1341846650.718110 0.353743553 -0.058698438 0.133827165 -0.043691661 -0.237049460 -0.031989887 0.969987214
1341846650.750112 0.351082057 -0.050447214 0.140666410 -0.041390322 -0.230511919 -0.035722211 0.971532285
1341846650.782116 0.329698950 -0.070748858 0.136064500 -0.042764023 -0.219112605 -0.034144141 0.974163830
1341846650.818115 0.309557527 -0.071279444 0.127768487 -0.040483344 -0.213188931 -0.031299755 0.975669980
1341846650.850139 0.308463246 -0.059006102 0.115051687 -0.037342817 -0.209052414 -0.033270177 0.976624608
1341846650.886238 0.294685423 -0.045622237 0.122509003 -0.036395658 -0.196639836 -0.036651250 0.979114294
1341846650.918288 0.285005033 -0.064070359 0.121101327 -0.040166095 -0.186749995 -0.032424957 0.981050313
1341846650.950233 0.270052433 -0.055637076 0.112452358 -0.038479950 -0.178855032 -0.030439561 0.982651353
1341846650.986247 0.258549482 -0.049345322 0.123282731 -0.038355075 -0.168603882 -0.029095262 0.984507501
1341846651.050482 0.226633668 -0.052896384 0.084563419 -0.036532275 -0.147095740 -0.023363698 0.988171220
1341846651.086169 0.216248766 -0.052131958 0.083978966 -0.041027285 -0.140017167 -0.020504873 0.989086211
1341846651.118423 0.210281506 -0.068716392 0.089358136 -0.042920202 -0.131055087 -0.014921932 0.990333140
1341846651.154189 0.196874380 -0.061887596 0.080309629 -0.037847038 -0.123251721 -0.011631131 0.991585255
1341846651.186391 0.180764124 -0.052799553 0.071638986 -0.037511207 -0.115963891 -0.009660251 0.992497861
1341846651.218036 0.168424249 -0.059954014 0.063770480 -0.040114291 -0.109596707 -0.012269190 0.993090570
1341846651.254031 0.157371327 -0.061942697 0.064006694 -0.041123677 -0.103985310 -0.011577320 0.993660808
1341846651.286406 0.139299467 -0.056272492 0.055482157 -0.041673306 -0.097597510 -0.013606048 0.994260013
1341846651.318309 0.132838264 -0.064487234 0.065902732 -0.044914946 -0.094063453 -0.013762346 0.994457304
1341846651.354135 0.121010371 -0.062744476 0.057859033 -0.043005850 -0.087479129 -0.017736653 0.995079577
1341846651.386180 0.106077321 -0.062962450 0.064930432 -0.042495564 -0.079590410 -0.016881516 0.995778322
1341846651.422237 0.084091797 -0.056595493 0.056143891 -0.041319069 -0.074657150 -0.018674798 0.996177852
1341846651.492135 0.062592939 -0.055092178 0.058861338 -0.044338170 -0.066916659 -0.025100082 0.996456861
1341846651.560316 0.035692878 -0.064380810 0.042384140 -0.042499971 -0.046928275 -0.025174741 0.997676194
1341846651.622176 0.020935129 -0.074655280 0.018190287 -0.034652475 -0.036322761 -0.026398001 0.998390198
1341846651.654223 0.009144142 -0.076971635 0.015644636 -0.031618640 -0.032200959 -0.024778390 0.998673797
1341846651.690127 -0.000138772 -0.079212919 0.008733876 -0.027755655 -0.029326856 -0.021791032 0.998946786
1341846651.722318 -0.008319424 -0.077733301 -0.001511664 -0.024107052 -0.025510987 -0.019683251 0.999189973
1341846651.754212 -0.025053544 -0.072443232 -0.010518002 -0.021756390 -0.020630438 -0.018573271 0.999377847
1341846651.790200 -0.033627488 -0.065951541 -0.028434884 -0.022301944 -0.015473823 -0.020214880 0.999427140
1341846651.822233 -0.053522646 -0.071122192 -0.010894984 -0.022277424 -0.008235694 -0.021662720 0.999483168
1341846651.858213 -0.067033403 -0.078291513 -0.023730364 -0.014536267 -0.002662478 -0.015832979 0.999765456
1341846651.890237 -0.078397721 -0.065765813 -0.026190568 -0.005052650 0.003000018 -0.015010356 0.999870062
1341846651.922186 -0.093099929 -0.060610570 -0.036558505 -0.003218775 0.008407560 -0.013768521 0.999864638
1341846651.958047 -0.108285509 -0.065225199 -0.036590870 -0.001815364 0.012144668 -0.011091333 0.999863088
1341846651.990020 -0.113753051 -0.073302515 -0.033821151 0.003543984 0.017376946 -0.004994045 0.999830246
1341846652.022081 -0.129549608 -0.065099977 -0.055075027 0.010496092 0.022593563 -0.000896150 0.999689221
1341846652.058058 -0.152528614 -0.050263807 -0.065858141 0.012735122 0.026182920 -0.000801880 0.999575734
1341846652.090106 -0.160741061 -0.049948148 -0.075340331 0.010702612 0.028446136 -0.002109537 0.999535799
1341846652.126257 -0.165716797 -0.053054478 -0.075601518 0.008030265 0.031980440 -0.002668315 0.999452710
1341846652.158232 -0.181177348 -0.054632422 -0.073624462 0.005917877 0.035027273 -0.001192966 0.999368131
1341846652.190049 -0.184941396 -0.055876359 -0.068552926 0.005397422 0.036272381 -0.002401953 0.999324501
1341846652.225981 -0.180805624 -0.060252611 -0.066061966 0.005825503 0.042089496 -0.001456769 0.999095798
1341846652.258089 -0.191793054 -0.070975065 -0.076199561 0.006169832 0.049218308 0.003510960 0.998762786
1341846652.290189 -0.228938147 -0.066180833 -0.053094745 0.010907913 0.053393874 0.004164869 0.998505235
1341846652.326148 -0.238887385 -0.070840016 -0.068174437 0.017335605 0.055801809 0.006014601 0.998273194
1341846652.358184 -0.246969789 -0.061705220 -0.068009406 0.021338508 0.059279688 0.006874789 0.997989655
1341846652.394279 -0.263161212 -0.058958311 -0.058859874 0.022392280 0.062495306 0.005688581 0.997777820
1341846652.426287 -0.271381140 -0.062118061 -0.056663297 0.023656627 0.064905904 0.004297640 0.997601628
1341846652.458277 -0.291020691 -0.061782662 -0.063184775 0.026547605 0.070083752 0.004219395 0.997178853
1341846652.494100 -0.297440171 -0.061446197 -0.059474073 0.029137524 0.072521463 0.005487419 0.996926010
1341846652.526469 -0.307204843 -0.057475828 -0.060899261 0.028815249 0.076830633 0.004882165 0.996615708
1341846652.562089 -0.304771572 -0.073709078 -0.077221408 0.026892409 0.083652280 0.005206168 0.996118486
1341846652.594254 -0.312246382 -0.069946244 -0.074479461 0.029797882 0.095122345 0.004113695 0.995010972
1341846652.626356 -0.321751714 -0.071372561 -0.079380572 0.031586599 0.107173614 0.003915370 0.993730724
1341846652.662152 -0.287159026 -0.059072603 -0.094312653 0.034064543 0.119612917 -0.000535301 0.992235899
1341846652.694113 -0.301751763 -0.068818547 -0.102756083 0.031018566 0.145814359 -0.004526466 0.988815248
1341846652.726378 -0.285084158 -0.068091370 -0.085080817 0.033338774 0.173339754 -0.006683144 0.984274924
1341846652.762129 -0.266369730 -0.054239016 -0.088672832 0.034694105 0.195724204 -0.004882532 0.980032921
1341846652.794152 -0.308835924 -0.070292249 -0.100437373 0.029956268 0.233191654 -0.006208735 0.971949458
1341846652.830250 -0.300887793 -0.074243963 -0.099020384 0.028749734 0.259263277 -0.007813968 0.965347052
1341846652.862014 -0.309562713 -0.060934067 -0.066987745 0.029195150 0.279841661 -0.007097025 0.959575891
1341846652.894426 -0.299255073 -0.074720904 -0.086742543 0.027062938 0.294392169 -0.002763274 0.955297410
1341846652.930346 -0.301650852 -0.086020887 -0.091519281 0.026834080 0.313303858 0.000086634 0.949273765
1341846652.962213 -0.330204457 -0.064142309 -0.061105758 0.028170018 0.333760768 -0.002249384 0.942234099
1341846653.030292 -0.317077219 -0.085838996 -0.065245628 0.020772949 0.361730009 0.001626232 0.932049990
1341846653.062672 -0.339259028 -0.084970832 -0.052422956 0.023969522 0.378817648 0.005278257 0.925145805
1341846653.099024 -0.326894760 -0.065174893 -0.051987663 0.024912132 0.392353594 0.003460148 0.919470549
1341846653.130475 -0.324590862 -0.072120652 -0.057349131 0.020024935 0.409364969 0.002473830 0.912147582
1341846653.162620 -0.328854501 -0.077924386 -0.049036980 0.019461703 0.425466210 0.005118681 0.904750526
1341846653.198437 -0.347963154 -0.095368773 -0.062058717 0.016970895 0.437408656 0.009903113 0.899048150
1341846653.230042 -0.347146869 -0.085193656 -0.024633691 0.020154880 0.452271789 0.010889352 0.891585886
1341846653.298380 -0.375550717 -0.083026692 -0.007168680 0.019264014 0.481463253 0.014704683 0.876131177
1341846653.330162 -0.376743436 -0.080594629 0.010969594 0.019763052 0.494587451 0.017558733 0.868725717
1341846653.366319 -0.401099563 -0.074210599 0.011060119 0.018914873 0.505737185 0.021031106 0.862223744
1341846653.398226 -0.391090304 -0.078983709 0.018714815 0.018185277 0.514943242 0.023798494 0.856700897
1341846653.430060 -0.418789566 -0.072588786 0.035426617 0.021490704 0.524597883 0.025874110 0.850685418
1341846653.466341 -0.418363988 -0.072152674 0.035444304 0.023239022 0.530005395 0.024073310 0.847333908
1341846653.498194 -0.419033051 -0.072090827 0.034478620 0.023596039 0.534385502 0.023812814 0.844575882
1341846653.530205 -0.422553539 -0.071521550 0.035364270 0.023534557 0.536250532 0.022053102 0.843442440
1341846653.566601 -0.422703534 -0.071833737 0.035160273 0.023232518 0.537488103 0.018757684 0.842742503
1341846653.598213 -0.421560168 -0.072303325 0.035379782 0.023267794 0.538272202 0.020005669 0.842212260
1341846653.634793 -0.420753360 -0.072405674 0.035666883 0.023064455 0.537021995 0.020497587 0.843003690
1341846653.666143 -0.418238580 -0.072340049 0.035613075 0.023743320 0.535456717 0.021126935 0.843964458
1341846653.698738 -0.431147903 -0.069687784 0.030464113 0.024451958 0.531673431 0.024036555 0.846255064
1341846653.734313 -0.416516244 -0.074570060 0.036212981 0.019668797 0.526522398 0.023677105 0.849603832
1341846653.766275 -0.419372737 -0.074734330 0.035903737 0.019143546 0.523850560 0.025543071 0.851211846
1341846653.802358 -0.415070355 -0.074745439 0.033101678 0.017711397 0.518245995 0.026317379 0.854643047
1341846653.834226 -0.417195797 -0.074121252 0.031195298 0.018085347 0.508480132 0.028690487 0.860405564
1341846653.866214 -0.425017446 -0.070862271 0.029125363 0.017187668 0.502761960 0.027903102 0.863803446
1341846653.902170 -0.430079818 -0.069916070 0.030127019 0.014600567 0.495478600 0.028551269 0.868027985
1341846653.934160 -0.421220452 -0.074090958 0.033267200 0.013328507 0.487485647 0.029843653 0.872519016
1341846653.966155 -0.426819503 -0.073525101 0.031242862 0.011482250 0.480371594 0.028315308 0.876532614
1341846654.002169 -0.428093433 -0.071877703 0.030797645 0.007568848 0.471559286 0.027889892 0.881360650
1341846654.034140 -0.443368495 -0.067481786 0.028596893 0.003899951 0.464025497 0.028064787 0.885368586
1341846654.070172 -0.445246428 -0.067491561 0.027596161 0.006772215 0.453596771 0.030329250 0.890665054
1341846654.102438 -0.443639576 -0.068022035 0.029529095 0.011219488 0.444101334 0.031973608 0.895335555
1341846654.134349 -0.409981281 -0.076419733 0.006597117 0.013471154 0.428416401 0.031206233 0.902941883
1341846654.170244 -0.427243620 -0.077115290 0.022368491 0.015719747 0.418705314 0.028551081 0.907537103
1341846654.202087 -0.421458989 -0.081502214 -0.006819740 0.017320422 0.400184840 0.026925651 0.915875077
1341846654.234434 -0.404290259 -0.080549762 -0.002443030 0.018928148 0.391510338 0.023554415 0.919677436
1341846654.270041 -0.422485322 -0.079149053 -0.008712977 0.019455034 0.381157815 0.021822605 0.924047589
1341846654.302117 -0.430391550 -0.079312250 -0.011444852 0.019337690 0.366000712 0.020376580 0.930190444
1341846654.338026 -0.385835022 -0.080205187 -0.017747596 0.017467409 0.351769835 0.016890852 0.935771108
1341846654.369979 -0.409562558 -0.071513928 -0.000699773 0.019468868 0.345480353 0.020230699 0.938005865
1341846654.402172 -0.441781819 -0.073635943 0.018900573 0.020984039 0.331087083 0.019008690 0.943175316
1341846654.438133 -0.377613246 -0.060930017 0.003765136 0.020732423 0.306944549 0.016726200 0.951354504
1341846654.470186 -0.372560859 -0.069644444 -0.008861199 0.016922109 0.296703577 0.017944399 0.954650998
1341846654.502267 -0.411945343 -0.061717078 0.041755348 0.017875563 0.285779953 0.015283465 0.958006620
1341846654.539064 -0.351641297 -0.058757074 0.019436926 0.018434681 0.260131091 0.013169014 0.965307474
1341846654.570053 -0.339777529 -0.058574371 0.016562551 0.015339122 0.254354626 0.010476694 0.966932595
1341846654.606030 -0.378965110 -0.072177038 0.023532942 0.013354980 0.244697541 0.009561464 0.969460309
1341846654.637980 -0.316154957 -0.078071781 -0.011188127 0.016844910 0.215301350 0.011309840 0.976336837
1341846654.670155 -0.314057589 -0.074348919 -0.013172492 0.020009909 0.209845468 0.010490843 0.977473497
1341846654.706022 -0.297468901 -0.064985454 -0.010541730 0.023667105 0.194427922 0.011413560 0.980564833
1341846654.738497 -0.294161588 -0.070053421 -0.015948974 0.028140366 0.174539477 0.014516028 0.984140933
1341846654.774056 -0.283888251 -0.055697687 -0.025257438 0.030924771 0.166716918 0.015439654 0.985398769
1341846654.806040 -0.270195127 -0.055802256 -0.020978972 0.028918816 0.154586554 0.016174220 0.987423420
1341846654.838060 -0.268946201 -0.062446482 -0.036267594 0.028495317 0.137658402 0.016715603 0.989928603
1341846654.874136 -0.264597833 -0.052407604 -0.048486371 0.028383279 0.125719234 0.016667258 0.991519690
1341846654.906209 -0.243924931 -0.054225184 -0.048317384 0.024086399 0.112473130 0.016716089 0.993222117
1341846654.938214 -0.238702700 -0.072346590 -0.066713937 0.024646213 0.094614975 0.017473448 0.995055377
1341846654.974334 -0.237843722 -0.069111876 -0.072257958 0.029746434 0.077036075 0.020259660 0.996378481
1341846655.006124 -0.245842189 -0.057139654 -0.063608222 0.029982213 0.066859357 0.019016804 0.997130454
1341846655.042239 -0.241202638 -0.068207361 -0.086929575 0.027203703 0.045656811 0.020150650 0.998383403
1341846655.074179 -0.223505124 -0.068529934 -0.085829318 0.030671392 0.022480454 0.023680093 0.998996079
1341846655.106132 -0.219702557 -0.060353544 -0.066096507 0.031441618 0.010257742 0.020214904 0.999248505
1341846655.142070 -0.212647364 -0.056581326 -0.113753006 0.031066034 -0.013318937 0.017381787 0.999277472
1341846655.174000 -0.212084129 -0.051078614 -0.094303966 0.030595059 -0.032608129 0.017883776 0.998839736
1341846655.206124 -0.205967322 -0.052251104 -0.101836979 0.028178876 -0.042505704 0.016010333 0.998570442
1341846655.242079 -0.180091769 -0.061913639 -0.078198403 0.028337780 -0.057980154 0.015825050 0.997789979
1341846655.274211 -0.172975451 -0.057078443 -0.089602284 0.032318484 -0.064549752 0.015455316 0.997271299
1341846655.310175 -0.146793082 -0.070884280 -0.078409113 0.035935383 -0.068504214 0.023024762 0.996737480
1341846655.342236 -0.145604312 -0.065565690 -0.083969712 0.044192284 -0.073224328 0.030069111 0.995882034
1341846655.374134 -0.113398649 -0.052480161 -0.098613814 0.048337206 -0.080020592 0.033620495 0.995052695
1341846655.410207 -0.130061060 -0.055083800 -0.072137780 0.049326923 -0.078070976 0.030018339 0.995274186
1341846655.442262 -0.124898084 -0.052484874 -0.054866850 0.054695178 -0.087849140 0.034014560 0.994049311
1341846655.474205 -0.119899541 -0.044422679 -0.107200041 0.056306835 -0.097211093 0.030302132 0.993207574
1341846655.510277 -0.109314211 -0.043008357 -0.101375833 0.052321844 -0.108869411 0.030685967 0.992203772
1341846655.542135 -0.101846576 -0.046476398 -0.090329103 0.047569569 -0.117201477 0.031762846 0.991459608
1341846655.578132 -0.096836634 -0.041403033 -0.084084153 0.046236288 -0.125544116 0.031367227 0.990513504
1341846655.642348 -0.090535715 -0.047458805 -0.111158818 0.039367553 -0.145550475 0.029769188 0.988118947
1341846655.678110 -0.094197668 -0.050574027 -0.104244679 0.039135952 -0.154701859 0.029979208 0.986730456
1341846655.710074 -0.085350186 -0.045044463 -0.097213477 0.041003451 -0.166520804 0.032666244 0.984643340
1341846655.748050 -0.072440542 -0.037457503 -0.118417516 0.038606487 -0.178395018 0.031950302 0.982682049
1341846655.810222 -0.067905925 -0.044345431 -0.112976938 0.034756087 -0.197613284 0.033970110 0.979074597
1341846655.846257 -0.066563100 -0.033131424 -0.141826779 0.034084372 -0.206248790 0.032666534 0.977360010
1341846655.910355 -0.064182371 -0.043424949 -0.130503416 0.026775448 -0.225320876 0.031713024 0.973400176
1341846655.946240 -0.054490015 -0.030859251 -0.118765123 0.026845971 -0.237160414 0.030801939 0.970610857
1341846655.978412 -0.050414752 -0.025098104 -0.107253119 0.024439836 -0.244116381 0.030939449 0.968944073
1341846656.014188 -0.036839671 -0.025872130 -0.112940371 0.021532239 -0.247829065 0.030811807 0.968074262
1341846656.046211 -0.030257456 -0.029473864 -0.116743997 0.019370699 -0.251299173 0.033611748 0.967131734
1341846656.078165 -0.030230645 -0.028426759 -0.118933544 0.019096009 -0.255393177 0.034850284 0.966020226
1341846656.114220 -0.025761623 -0.025172804 -0.128676355 0.017589245 -0.259871870 0.034873925 0.964852870
1341846656.146158 -0.044050265 -0.028813247 -0.129844829 0.015003224 -0.263546139 0.031494707 0.964015782
1341846656.178154 -0.041214284 -0.023738893 -0.117561094 0.015947681 -0.270019025 0.032660365 0.962168753
1341846656.214132 -0.044437408 -0.024726681 -0.133033961 0.015566001 -0.274038821 0.031015936 0.961092293
1341846656.246093 -0.018441845 -0.028480098 -0.114874855 0.015036870 -0.281369358 0.032667562 0.958925426
1341846656.282181 -0.020696860 -0.021455674 -0.125058919 0.015365218 -0.283190966 0.032942489 0.958374441
1341846656.314258 -0.025882695 -0.026294479 -0.133556962 0.013420680 -0.286704719 0.030925455 0.957425714
1341846656.346094 -0.013179861 -0.018384358 -0.143089980 0.012735181 -0.291507900 0.028112911 0.956070423
1341846656.382222 -0.017225839 -0.024102105 -0.140911728 0.009340209 -0.294858485 0.027147807 0.955109537
1341846656.414253 -0.036322985 -0.024854120 -0.120747007 0.010996297 -0.304141909 0.027213495 0.952174485
1341846656.446177 -0.020701196 -0.012654118 -0.131501138 0.009943394 -0.313147604 0.027141144 0.949264467
1341846656.482260 -0.019045975 -0.021068593 -0.134548932 0.003763074 -0.318404466 0.026878683 0.947566330
1341846656.519461 -0.011061225 -0.024553100 -0.135283515 0.003740494 -0.326344699 0.027123448 0.944854200
1341846656.582247 0.004989468 -0.017471407 -0.137507766 -0.000916418 -0.333122075 0.027832348 0.942472398
1341846656.614195 0.003351696 -0.021126913 -0.142072439 -0.002541284 -0.335180074 0.027485246 0.941749632
1341846656.649995 0.002328277 -0.023442075 -0.139014021 -0.003116980 -0.336015105 0.028001366 0.941435099
1341846656.682076 -0.007124037 -0.022563007 -0.141284481 -0.003167685 -0.339336276 0.028232487 0.940236032
1341846656.714216 0.004823424 -0.017954178 -0.150876194 -0.003813779 -0.344034642 0.027280359 0.938552797
1341846656.749974 0.009125113 -0.015616613 -0.141658053 -0.006810052 -0.346607625 0.028041709 0.937566221
1341846656.782653 0.005996980 -0.022845039 -0.140441805 -0.007863457 -0.348209500 0.028230438 0.936958551
1341846656.824388 0.008706495 -0.018341927 -0.149198562 -0.007649964 -0.350987405 0.028860774 0.935904026
1341846656.856226 0.010125794 -0.011827248 -0.133156717 -0.010051082 -0.352711588 0.028504290 0.935243845
1341846656.892050 0.011923667 -0.017363520 -0.138534367 -0.012272923 -0.350131065 0.028303437 0.936192572
1341846656.924099 0.010455362 -0.011508632 -0.142030299 -0.011507295 -0.348948240 0.027393142 0.936670840
1341846656.956112 0.007631049 -0.001598221 -0.100017108 -0.012287507 -0.345717728 0.027851213 0.937844634
1341846656.992122 0.010657202 -0.008411664 -0.099651217 -0.014932204 -0.339406997 0.030152353 0.940037668
1341846657.024108 0.010394488 -0.010042585 -0.118411094 -0.014499272 -0.335298002 0.028349051 0.941573858
1341846657.056121 0.021656740 -0.012201915 -0.102436267 -0.016166167 -0.331561327 0.031313673 0.942775249
1341846657.092006 0.009349793 -0.024083618 -0.111410439 -0.013487639 -0.318611830 0.032057554 0.947247028
1341846657.124027 0.002074081 -0.016744537 -0.102407709 -0.005636469 -0.307671905 0.032985963 0.950903893
1341846657.155973 0.013632908 -0.015894571 -0.102068022 -0.001769606 -0.298270941 0.036283497 0.953789711
1341846657.192094 0.018158738 -0.010703180 -0.099258646 0.000426421 -0.283230036 0.037087265 0.958334565
1341846657.224195 0.017386710 -0.017319657 -0.098757371 0.002549322 -0.272408456 0.032824978 0.961618245
1341846657.292164 0.015619606 -0.022242997 -0.111959442 0.003647147 -0.251275003 0.028323472 0.967494369
1341846657.354367 0.030158039 -0.016404688 -0.105604842 0.003503278 -0.235696778 0.026597789 0.971456289
1341846657.386193 0.026748309 -0.019764928 -0.108855262 0.002885186 -0.223826632 0.024795322 0.974309266
1341846657.418105 0.030235164 -0.020903837 -0.108033463 0.005749129 -0.212860376 0.023613708 0.976780355
1341846657.454277 0.047161758 -0.020353124 -0.109638155 0.007055458 -0.205010489 0.024879234 0.978418112
1341846657.486117 0.055638373 -0.027082488 -0.107537463 0.006707769 -0.192841604 0.023321304 0.980929792
1341846657.522092 0.051855039 -0.028590305 -0.100414872 0.010105840 -0.180069327 0.023291405 0.983326197
1341846657.554062 0.048978236 -0.019830313 -0.078209721 0.013306698 -0.172140107 0.021014089 0.984758377
1341846657.586078 0.074177876 -0.015500510 -0.074302733 0.013727307 -0.163166121 0.018346669 0.986332476
1341846657.622205 0.061837345 -0.023093548 -0.053995542 0.012926128 -0.149007976 0.016856253 0.988607824
1341846657.654161 0.066358916 -0.019328784 -0.049002696 0.015335795 -0.142668605 0.017855648 0.989490569
1341846657.686517 0.085461341 -0.021896882 -0.060918503 0.014904692 -0.131563246 0.014598401 0.991088212
1341846657.722061 0.065268874 -0.025186025 -0.039182413 0.016268017 -0.116337635 0.013111741 0.992989898
1341846657.754104 0.059885927 -0.020421984 -0.052774332 0.017205982 -0.106832825 0.011822733 0.994057834
1341846657.790066 0.073726885 -0.021738745 -0.054832745 0.012681854 -0.097230650 0.009206313 0.995138526
1341846657.822089 0.078722835 -0.044492178 -0.044904809 0.010454099 -0.079180151 0.008406118 0.996770024
1341846657.853972 0.078592464 -0.040538341 -0.047124367 0.014376684 -0.068452150 0.015956130 0.997423232
1341846657.889993 0.096124202 -0.040209167 -0.068516307 0.012794516 -0.058465254 0.015463398 0.998087645
1341846657.922046 0.083831549 -0.049235348 -0.035454515 0.012766909 -0.042401232 0.010553258 0.998963356
1341846657.954192 0.073713928 -0.039813522 -0.041722789 0.014600279 -0.032216992 0.014587666 0.999267817
1341846657.990141 0.084761493 -0.041749630 -0.048783615 0.010800777 -0.023303360 0.013310718 0.999581456
1341846658.022419 0.062723525 -0.051925987 -0.010141428 0.011335125 -0.011466308 0.015392283 0.999751568
1341846658.090215 0.045277108 -0.032416821 -0.009441398 0.014686980 0.004450963 0.008826388 0.999843299
1341846658.122355 0.028528415 -0.029033395 0.001122276 0.013816192 0.013967871 0.009123619 0.999765337
1341846658.158136 0.024574405 -0.028569572 0.001738998 0.012151006 0.018222740 0.008929754 0.999720216
1341846658.190098 0.051687621 -0.036276300 0.009175444 0.008479238 0.020226736 0.010635125 0.999702871
1341846658.226027 0.034054235 -0.047772892 0.022739261 0.008283447 0.027912732 0.009682485 0.999529123
1341846658.258133 0.024749868 -0.033460472 0.025238898 0.012263580 0.031327713 0.007836560 0.999403179
1341846658.290020 0.031491779 -0.034651637 0.026437901 0.011019193 0.034736536 0.003778616 0.999328613
1341846658.326239 0.040401988 -0.034171570 0.016574457 0.011924416 0.037069261 0.001728853 0.999240041
1341846658.358248 0.015249860 -0.023167893 0.011757148 0.009872647 0.040559243 -0.002250905 0.999125838
1341846658.390215 0.024501387 -0.030638734 0.010771520 0.003166130 0.039018441 -0.006358730 0.999213278
1341846658.426300 0.020027442 -0.040585354 0.019065144 0.000161475 0.043202437 -0.007238577 0.999040127
1341846658.458168 -0.001963260 -0.045689091 0.019575449 0.001392654 0.043653179 -0.006228663 0.999026358
1341846658.494176 0.002996574 -0.028537404 0.010315919 0.000573677 0.038111068 -0.003349126 0.999267757
1341846658.526214 0.012331627 -0.021552525 0.012716265 -0.009057388 0.035384111 -0.002398148 0.999329865
1341846658.558129 -0.000322801 -0.022823768 0.007962506 -0.017612910 0.034661606 -0.002535349 0.999240696
1341846658.594206 0.001648555 -0.009337822 0.010763882 -0.038227558 0.029627588 -0.006241295 0.998810232
1341846658.626105 -0.007024323 -0.033826198 0.019292273 -0.061522868 0.025428517 -0.004783610 0.997770250
1341846658.658181 -0.005302631 -0.032862894 0.017167084 -0.066226691 0.021136152 -0.003401102 0.997574925
1341846658.694141 -0.006091122 0.002657106 0.002621460 -0.071463220 0.020486817 -0.003982100 0.997224867
1341846658.726153 -0.002159708 -0.008136846 0.011511785 -0.088124573 0.016584162 -0.000450132 0.995971262
1341846658.762100 -0.014787490 -0.036771003 0.021118205 -0.096787311 0.011418000 -0.001211340 0.995238841
1341846658.794185 -0.007596985 -0.027037423 0.004710749 -0.097837679 0.010577096 -0.000352293 0.995146155
1341846658.826155 0.005277374 0.015161366 0.007651845 -0.101764023 0.010899749 0.001987811 0.994746864
1341846658.862197 -0.030373050 -0.028068598 0.019485112 -0.116086885 0.013086175 0.000089671 0.993152857
1341846658.894170 0.018112779 -0.030894469 0.009003706 -0.118316978 0.006175206 0.001730675 0.992955208
1341846658.962404 -0.029806981 -0.029758405 0.013195717 -0.134041503 0.019527290 0.005054924 0.990770459
1341846658.994217 -0.014220315 -0.040366791 0.026016356 -0.137360379 0.014133090 0.006183174 0.990401030
1341846659.030070 -0.004304304 -0.044173200 0.023153663 -0.136233911 0.013934859 0.003771749 0.990571499
1341846659.062007 -0.021756738 -0.050661877 0.024268914 -0.133088380 0.016184721 0.003232158 0.990966737
1341846659.094100 -0.018707139 -0.044208497 0.022271451 -0.130416319 0.014764082 0.003886265 0.991341770
1341846659.130368 -0.023029746 -0.048055645 0.014534154 -0.132575080 0.018755374 0.000906214 0.990995109
1341846659.162537 -0.030256074 -0.051747810 0.018990392 -0.129984394 0.020671654 0.001140664 0.991299868
1341846659.198696 -0.026444545 -0.048224308 0.014791480 -0.126768649 0.018419668 0.001389686 0.991760314
1341846659.231286 0.004881795 -0.038719188 0.007870988 -0.126348004 0.017535621 0.000924780 0.991830528
1341846659.263549 -0.009872185 -0.051652253 0.017417733 -0.128960609 0.021528587 0.003512367 0.991409779
1341846659.298797 -0.011098688 -0.047070563 0.016633172 -0.128285483 0.020129990 0.003687637 0.991526127
1341846659.331074 -0.011221046 -0.043662950 0.012978794 -0.128968000 0.022332178 0.002946382 0.991392910
1341846659.362420 -0.004751011 -0.052573163 0.022362046 -0.130884543 0.023094803 0.004697157 0.991117477
1341846659.398303 -0.008419294 -0.050817635 0.024636600 -0.128101185 0.023105429 0.007307445 0.991464972
1341846659.430262 -0.004606467 -0.051080871 0.012554340 -0.127879605 0.022290794 0.005816021 0.991522133
1341846659.466583 0.003660231 -0.059208397 0.014907969 -0.130503342 0.023663905 0.005922311 0.991147757
1341846659.498531 -0.016114881 -0.056848377 0.019405941 -0.128139153 0.026578294 0.008097658 0.991366982
1341846659.530267 -0.002515539 -0.046162374 0.014801688 -0.124061294 0.022784630 0.007532032 0.991984367
1341846659.566571 0.010998106 -0.062098101 0.010757555 -0.126515031 0.023455704 0.006572505 0.991665542
1341846659.598122 -0.016382534 -0.066178508 0.014731036 -0.125466809 0.030099113 0.007181724 0.991615117
1341846659.630209 -0.002585206 -0.047747001 0.017845713 -0.119556680 0.024434481 0.009172426 0.992484272
1341846659.666409 -0.002249622 -0.032327041 0.007993099 -0.116611958 0.024725970 0.006055736 0.992851257
1341846659.698237 -0.008979380 -0.050544359 0.001517282 -0.120910376 0.026617259 0.006279931 0.992286682
1341846659.734169 -0.032269966 -0.057587843 0.002665495 -0.121216610 0.024690403 0.005700431 0.992302597
1341846659.766421 0.004830387 -0.051011197 0.018172730 -0.120493442 0.015472579 0.003050691 0.992588878
1341846659.798087 -0.001387393 -0.059581809 0.013460852 -0.121820480 0.017341327 0.002146501 0.992398322
1341846659.834075 -0.028335555 -0.070493296 0.014710510 -0.122173347 0.018527383 0.003259389 0.992330492
1341846659.866481 -0.017209241 -0.057420321 0.008970445 -0.119206548 0.012541777 0.003450624 0.992784262
1341846659.898128 -0.016612908 -0.060826849 0.011089511 -0.119514339 0.011254283 0.003946582 0.992760837
1341846659.934286 -0.027115135 -0.056590840 0.005860979 -0.115537085 0.010794765 0.004399442 0.993234754
1341846659.966354 -0.023305222 -0.056751501 0.010304742 -0.113579869 0.005715418 0.005441748 0.993497550
1341846660.002267 -0.012468982 -0.053004581 0.008821659 -0.112142876 0.002507937 0.003602569 0.993682384
1341846660.034581 -0.028025689 -0.059086025 0.003377926 -0.111080937 0.004856991 0.002100237 0.993797302
1341846660.066206 -0.045779631 -0.064466633 -0.002568213 -0.107608229 0.003015521 0.002140351 0.994186521
1341846660.102245 -0.011945503 -0.057773352 0.004940276 -0.102980845 -0.006231649 0.000544992 0.994663715
1341846660.140244 -0.004913392 -0.055116460 -0.000093976 -0.101592168 -0.006479449 -0.001389265 0.994804084
1341846660.202316 -0.022013003 -0.061364509 0.000403836 -0.098078758 -0.010660326 -0.001621439 0.995120227
1341846660.234105 -0.016462920 -0.064511165 -0.001285139 -0.095626354 -0.010537928 -0.002293158 0.995358884
1341846660.270168 -0.022427551 -0.093411341 -0.014189448 -0.093391784 -0.010005576 -0.001266004 0.995578349
1341846660.302258 -0.024695816 -0.096499562 -0.011314966 -0.080200307 -0.014442498 -0.001094993 0.996673524
1341846660.334349 -0.011616275 -0.086523309 -0.012343552 -0.067060336 -0.017201435 -0.003455022 0.997594655
1341846660.370214 -0.021760589 -0.082157768 -0.010090941 -0.062207859 -0.014513892 -0.005314279 0.997943521
1341846660.401986 -0.027920388 -0.076903895 -0.015684031 -0.061342623 -0.015896721 -0.006643062 0.997968078
1341846660.438062 -0.020760454 -0.076713294 -0.012603714 -0.060259867 -0.018075235 -0.007263113 0.997992635
1341846660.470191 -0.024583163 -0.082360372 -0.009843214 -0.058313712 -0.017416148 -0.006820490 0.998123050
1341846660.502233 -0.032017864 -0.075735174 -0.020089701 -0.055260878 -0.018401658 -0.006197556 0.998283148
1341846660.537985 -0.020862084 -0.072498195 -0.020026973 -0.055000819 -0.020410052 -0.006246336 0.998258114
1341846660.570279 -0.023196138 -0.079853155 -0.017210297 -0.055197205 -0.018742310 -0.003947353 0.998291731
1341846660.602130 -0.031576391 -0.087193534 -0.023504328 -0.051833451 -0.020008678 0.000508049 0.998455167
1341846660.638256 -0.018584874 -0.068547726 -0.019560035 -0.048346922 -0.023860352 -0.000112434 0.998545587
1341846660.670338 -0.009872887 -0.075289331 -0.017214647 -0.050366972 -0.021467274 0.000208117 0.998499990
1341846660.706457 -0.020704828 -0.087551199 -0.017904818 -0.046823096 -0.018960582 0.004107588 0.998714805
1341846660.738241 -0.014860853 -0.082189441 -0.020498548 -0.040059824 -0.021207783 0.006082270 0.998953640
1341846660.770121 -0.003645980 -0.079998724 -0.026294822 -0.037547857 -0.018539751 0.005210980 0.999109209
1341846660.806117 -0.010059192 -0.096600443 -0.021898534 -0.035456304 -0.013139551 0.006613630 0.999262929
1341846660.838338 -0.016510952 -0.099630103 -0.025958780 -0.026372720 -0.012834894 0.010351784 0.999516189
1341846660.870203 -0.007097959 -0.089991651 -0.031243352 -0.017460901 -0.012954004 0.008522513 0.999727309
1341846660.906366 0.002260742 -0.099761404 -0.027726313 -0.013950624 -0.008163919 0.008761077 0.999830961
1341846660.938063 -0.014895440 -0.113960393 -0.028713025 -0.005817764 -0.005276213 0.010553008 0.999913454
1341846660.974147 -0.003915858 -0.098713204 -0.029463917 0.008419872 -0.006955595 0.010534926 0.999884844
1341846661.006234 -0.007382025 -0.079016000 -0.018731952 0.014541379 -0.002535318 0.009920268 0.999841869
1341846661.038225 -0.020914691 -0.100189686 -0.028247461 0.015068831 -0.000024932 0.011658659 0.999818504
1341846661.074059 -0.015541622 -0.105131835 -0.028530560 0.027128421 -0.003354198 0.013293530 0.999537945
1341846661.106184 -0.004705454 -0.087526567 -0.028201055 0.036280785 -0.002786382 0.011318802 0.999273658
1341846661.138209 -0.016767394 -0.072603382 -0.023256227 0.036237270 -0.000267196 0.010292842 0.999290168
1341846661.174244 -0.010494477 -0.089628711 -0.017729396 0.034976847 -0.000847607 0.010448262 0.999333143
1341846661.206205 -0.010873042 -0.085969873 -0.017023869 0.039030276 -0.000273710 0.010988316 0.999177575
1341846661.242184 -0.014372308 -0.079852127 -0.017645404 0.040787257 0.000295939 0.011533163 0.999101281
1341846661.274177 -0.013413566 -0.072867088 -0.023661090 0.040151585 0.001005528 0.010188335 0.999141157
1341846661.308814 -0.013989590 -0.079161361 -0.018735703 0.037795443 0.000588774 0.010562971 0.999229491
1341846661.342489 -0.014387158 -0.072500207 -0.020096567 0.038169138 -0.000256188 0.009067127 0.999230146
1341846661.374640 -0.010820393 -0.082819231 -0.018488292 0.036014643 -0.000408143 0.009100927 0.999309778
1341846661.410178 -0.017700039 -0.097062774 -0.022712601 0.038367920 -0.001476728 0.010524173 0.999207139
1341846661.442211 -0.004362679 -0.082162298 -0.023087546 0.043889184 -0.004863201 0.010906483 0.998965025
1341846661.474354 -0.006611542 -0.073317729 -0.018523593 0.043676604 -0.003043601 0.009506526 0.998995900
1341846661.510169 -0.018142097 -0.074070193 -0.032138303 0.041533925 -0.003589209 0.009144225 0.999088824
1341846661.542767 -0.009766703 -0.067001529 -0.034911867 0.037285842 -0.005513696 0.006047325 0.999271154
1341846661.574217 -0.014468708 -0.090420552 -0.027074115 0.032024659 -0.003844430 0.004902184 0.999467671
1341846661.610041 -0.023411468 -0.087318562 -0.031240208 0.035490826 -0.006274236 0.005339925 0.999336064
1341846661.642253 -0.009629607 -0.074501246 -0.035874963 0.036085352 -0.008886012 0.005491180 0.999294102
1341846661.678078 -0.015597230 -0.086509094 -0.036336772 0.033386055 -0.008007160 0.006558906 0.999388933
1341846661.710142 -0.018266078 -0.105353601 -0.030382968 0.034741886 -0.009976063 0.007719740 0.999316692
1341846661.742341 -0.017228521 -0.109196685 -0.037399549 0.042281818 -0.011426943 0.005207888 0.999026775
1341846661.778063 -0.016195521 -0.107750073 -0.046433922 0.051817648 -0.010909365 0.005003582 0.998584449
1341846661.810103 -0.015216688 -0.101728231 -0.032747280 0.059782539 -0.010391081 0.003984068 0.998149395
1341846661.842216 -0.015810449 -0.100773253 -0.038387984 0.067756586 -0.010815564 0.003087299 0.997638464
1341846661.878157 -0.013595287 -0.097031645 -0.047308695 0.072997168 -0.009782515 0.001215629 0.997283459
1341846661.910222 -0.015961567 -0.096904829 -0.041609332 0.074160084 -0.006916604 -0.000225735 0.997222364
1341846661.946090 -0.018663703 -0.098401941 -0.033627488 0.077569231 -0.006354006 -0.000233118 0.996966720
1341846662.010311 -0.026549840 -0.103047423 -0.032870594 0.091759935 -0.004642344 -0.003908826 0.995762646
1341846662.046195 -0.025106141 -0.107625045 -0.037271980 0.100358978 -0.007260014 -0.001845954 0.994923115
1341846662.078099 -0.022464402 -0.103548795 -0.039674588 0.106229648 -0.007568146 -0.003977398 0.994304836
1341846662.110672 -0.023381379 -0.106738433 -0.040372521 0.112542160 -0.005447961 -0.004564898 0.993621528
1341846662.146166 -0.024443956 -0.104214966 -0.038065080 0.120738178 -0.007006633 -0.002503003 0.992656529
1341846662.178168 -0.023244672 -0.106098771 -0.039720297 0.128047839 -0.007223227 -0.000872409 0.991741300
1341846662.214136 -0.024830509 -0.100982986 -0.037973445 0.142157242 -0.004702385 0.002135263 0.989830613
1341846662.246167 -0.024925211 -0.104182586 -0.036219835 0.150356501 -0.006991103 0.004249967 0.988597989
1341846662.278007 -0.024831757 -0.106002539 -0.050912745 0.154201582 -0.006140210 0.002557753 0.988017023
1341846662.314144 -0.023817727 -0.102190025 -0.047967590 0.160768643 -0.003658501 0.001446059 0.986984313
1341846662.346164 -0.025870658 -0.104282551 -0.047287878 0.164840519 -0.005348848 0.002303554 0.986303031
1341846662.378069 -0.024815192 -0.100758329 -0.049526386 0.171636596 -0.005036802 0.002619536 0.985143960
1341846662.414229 -0.025214542 -0.100570142 -0.051053118 0.178447217 -0.003386556 0.003457211 0.983937562
1341846662.446102 -0.024966029 -0.101450719 -0.048227932 0.184685677 -0.005072731 0.005517948 0.982769072
1341846662.482229 -0.026359254 -0.098620504 -0.043550882 0.193484902 -0.005666586 0.005692427 0.981070340
1341846662.514117 -0.025781199 -0.100517534 -0.042396784 0.202114820 -0.004589250 0.006713454 0.979328036
1341846662.546261 -0.025276393 -0.099767663 -0.046759579 0.209960178 -0.004808719 0.007501438 0.977669358
1341846662.582101 -0.023619162 -0.101548292 -0.042655911 0.211902618 -0.003757436 0.007091211 0.977257848
1341846662.620264 -0.025362238 -0.104028851 -0.042487245 0.215205103 -0.002338911 0.009133843 0.976523340
1341846662.682024 -0.024776902 -0.108314700 -0.035580378 0.223136485 -0.003447482 0.008234959 0.974746346
1341846662.714075 -0.025166489 -0.102638647 -0.045403164 0.225135088 -0.002180102 0.008273899 0.974290013
1341846662.750127 -0.025858782 -0.103689633 -0.042717766 0.229976028 -0.003545143 0.010695109 0.973131061
1341846662.782002 -0.021543385 -0.100420840 -0.051578086 0.232734486 -0.003977437 0.009197605 0.972488701
1341846662.814097 -0.021750029 -0.101230182 -0.044849467 0.229691252 -0.004706270 0.008236281 0.973217309
1341846662.850193 -0.025074456 -0.114970639 -0.008404445 0.230767995 -0.005557300 0.009738456 0.972944200
1341846662.882162 -0.019673176 -0.105651647 -0.034323581 0.233162433 -0.006453619 0.009961206 0.972365379
1341846662.918191 -0.022594104 -0.103943825 -0.038095776 0.232025713 -0.007641827 0.009069296 0.972637355
1341846662.956034 -0.021186521 -0.103915669 -0.038679134 0.232256904 -0.007569210 0.008723600 0.972585917
1341846663.018208 -0.022049228 -0.103330240 -0.036682662 0.237308949 -0.011087172 0.010661478 0.971312463
1341846663.049994 -0.021383788 -0.102338105 -0.042830616 0.236452565 -0.011177841 0.007995154 0.971545875
1341846663.118078 -0.022623695 -0.100856885 -0.038734142 0.239191368 -0.010805706 0.007185513 0.970885694
1341846663.150227 -0.021274609 -0.104783222 -0.034750171 0.239906803 -0.010070952 0.004776272 0.970731914
1341846663.186300 -0.023281472 -0.101036467 -0.047342364 0.238975123 -0.009345259 0.004714375 0.970969260
1341846663.218442 -0.021163309 -0.101884410 -0.044798903 0.234974459 -0.009510155 0.003507208 0.971948683
1341846663.250380 -0.020951871 -0.100545079 -0.048661411 0.229102701 -0.009087473 0.003369056 0.973353982
1341846663.286056 -0.023186574 -0.099543750 -0.056656279 0.223901346 -0.008788861 0.003570094 0.974565685
1341846663.318060 -0.018420605 -0.097385280 -0.058759902 0.215110108 -0.010364085 0.005801134 0.976517558
1341846663.350114 -0.017612135 -0.099862650 -0.055424418 0.203927979 -0.011056096 0.005526262 0.978907883
1341846663.385985 -0.019098200 -0.100612387 -0.053822160 0.195273533 -0.011470176 0.006171465 0.980662346
1341846663.418056 -0.021076314 -0.098185584 -0.058296628 0.190640807 -0.014007309 0.007419519 0.981531858
1341846663.454044 -0.018530590 -0.099999800 -0.058547683 0.182603016 -0.015157394 0.005798860 0.983052790
1341846663.486091 -0.020046767 -0.096393414 -0.062036008 0.175454021 -0.016033979 0.007777133 0.984326303
1341846663.518394 -0.018878208 -0.099227272 -0.054104395 0.167428121 -0.017942203 0.010473766 0.985665381
1341846663.554251 -0.020923436 -0.100585334 -0.051038537 0.161448568 -0.017835597 0.009406236 0.986675084
1341846663.586143 -0.020189794 -0.104115568 -0.052000932 0.152709216 -0.018313989 0.010817925 0.988042235
1341846663.622145 -0.033393014 -0.078213878 -0.037887864 0.147867128 -0.019343076 0.010250341 0.988764942
1341846663.654099 -0.032471407 -0.072429799 -0.034489971 0.142526895 -0.020316988 0.009509000 0.989536703
1341846663.686099 -0.031302020 -0.065605260 -0.043468475 0.132805482 -0.020574199 0.008835658 0.990889192
1341846663.722109 -0.025351917 -0.070040099 -0.036626339 0.124709994 -0.021382147 0.009469095 0.991917610
1341846663.755694 -0.021847868 -0.066350214 -0.037306443 0.120336309 -0.020433743 0.008703194 0.992484689
1341846663.786304 -0.025620099 -0.027091373 -0.035056874 0.111665934 -0.017974364 0.004423067 0.993573368
1341846663.822090 -0.029552029 -0.044543024 -0.036531620 0.092281781 -0.017225176 0.003634466 0.995577276
1341846663.854115 -0.023970451 -0.069060512 -0.040033441 0.083111010 -0.017245077 0.004468236 0.996381044
1341846663.890140 -0.019682212 -0.006802721 -0.034264158 0.078542061 -0.015882267 0.002414696 0.996781349
1341846663.921987 -0.034020081 0.000480648 -0.035829492 0.059903815 -0.012454754 -0.003001699 0.998121917
1341846663.954282 -0.029856248 -0.039523188 -0.039076291 0.040158730 -0.012395837 -0.001699525 0.999114990
1341846663.990370 -0.020512970 -0.032987189 -0.040480055 0.032586727 -0.010714477 -0.002664170 0.999407947
1341846664.022124 -0.030870885 -0.015183418 -0.035379507 0.019617597 -0.006803497 -0.004926142 0.999772251
1341846664.054171 -0.025669077 -0.033240188 -0.036014583 0.002492590 -0.006389061 -0.006522409 0.999955237
1341846664.090250 -0.025318924 -0.048969135 -0.035414699 -0.009591919 -0.004608125 -0.006441946 0.999922633
1341846664.122237 -0.031271644 -0.053934570 -0.029125532 -0.015366444 -0.003237686 -0.003887394 0.999869108
1341846664.158241 -0.031797074 -0.042358566 -0.034471281 -0.019253222 -0.003818430 -0.004535289 0.999797046
1341846664.190141 -0.020807380 -0.034888983 -0.031674773 -0.028313136 -0.004946887 -0.005366836 0.999572456
1341846664.222189 -0.027671922 -0.046753380 -0.028422277 -0.038168814 -0.002600589 -0.005123953 0.999254823
1341846664.258172 -0.029195493 -0.048716232 -0.027704738 -0.042858344 -0.003043200 -0.005411363 0.999061882
1341846664.290022 -0.020105503 -0.038547918 -0.034851532 -0.048040282 -0.002533151 -0.006376268 0.998821855
1341846664.322491 -0.023880031 -0.036595229 -0.033576030 -0.057659220 0.000035183 -0.006710389 0.998313785
1341846664.358302 -0.030295644 -0.039497677 -0.031713042 -0.066118121 0.000555365 -0.007312238 0.997784853
1341846664.390101 -0.025157604 -0.036387555 -0.030780319 -0.073195472 -0.000113568 -0.007589612 0.997288764
1341846664.426143 -0.024743484 -0.030856015 -0.031463277 -0.080631182 0.000911093 -0.007665983 0.996714115
1341846664.458304 -0.022807369 -0.044967663 -0.028111832 -0.091372125 0.001120821 -0.007455233 0.995788276
1341846664.490116 -0.015388759 -0.038858023 -0.026892005 -0.100212552 0.001876039 -0.008553443 0.994927526
1341846664.526173 -0.027607784 -0.035308436 -0.028550839 -0.107670866 0.004828020 -0.008144311 0.994141519
1341846664.558129 -0.025640894 -0.023437493 -0.030261325 -0.113056213 0.004174074 -0.007392484 0.993552327
1341846664.590129 -0.016460590 -0.041206274 -0.030806307 -0.123203620 0.004407512 -0.007726582 0.992341518
1341846664.626196 -0.017418353 -0.059883725 -0.022778422 -0.129786924 0.006778394 -0.006931297 0.991494536
1341846664.658276 -0.025157625 -0.066088706 -0.020865113 -0.127798185 0.007355738 -0.005812660 0.991755903
1341846664.694136 -0.014925570 -0.048084792 -0.024557520 -0.123695605 0.006056583 -0.007299933 0.992274880
1341846664.726667 -0.013394292 -0.043599971 -0.026414005 -0.126339719 0.009422551 -0.008623032 0.991904795
1341846664.758141 -0.025659086 -0.053179566 -0.026255164 -0.129492894 0.011311266 -0.007923356 0.991484165
1341846664.794104 -0.017918687 -0.048711468 -0.024620008 -0.129492074 0.008361680 -0.007922276 0.991513550
1341846664.826123 -0.027138196 -0.045162581 -0.023248859 -0.131467551 0.011472223 -0.006361837 0.991233706
1341846664.862093 -0.035615545 -0.048471488 -0.024477167 -0.133596465 0.011739806 -0.004717452 0.990955055
1341846664.894198 -0.015207679 -0.046954144 -0.023207026 -0.133818641 0.007578509 -0.003811581 0.990969539
1341846664.926270 -0.018657489 -0.039372873 -0.024042249 -0.133706912 0.011219617 -0.004914406 0.990945220
1341846664.962375 -0.025598923 -0.041967161 -0.028922243 -0.136260092 0.012923544 -0.003998172 0.990580738
1341846664.997077 -0.022691995 -0.037089594 -0.028543703 -0.137769267 0.012501947 -0.005341639 0.990371048
1341846665.026380 -0.025574135 -0.037607104 -0.026911106 -0.140641823 0.014195198 -0.007125858 0.989933133
1341846665.062417 -0.029906524 -0.044021718 -0.027910881 -0.143175334 0.015030791 -0.005859634 0.989565849
1341846665.094077 -0.019361064 -0.036391038 -0.031262979 -0.144264460 0.012460094 -0.005234266 0.989446878
1341846665.130160 -0.015953869 -0.047778737 -0.034076344 -0.151208013 0.015176055 -0.005612746 0.988369524
1341846665.162114 -0.036691554 -0.052658841 -0.033847336 -0.155892745 0.018046319 -0.005095657 0.987595975
1341846665.194100 -0.023350554 -0.035254557 -0.032095462 -0.154969960 0.014445343 -0.003311767 0.987808049
1341846665.230221 -0.020230941 -0.028900824 -0.039339401 -0.159732103 0.016656645 -0.003853529 0.987012386
1341846665.262005 -0.025916351 -0.029959403 -0.038372662 -0.169482663 0.018700164 -0.005175668 0.985342145
1341846665.300077 -0.021355825 -0.021247940 -0.039455906 -0.175794885 0.017698171 -0.004432324 0.984257758
1341846665.362294 -0.037550911 -0.025146693 -0.039044715 -0.186052695 0.025002649 -0.005426568 0.982206643
1341846665.398079 -0.033727460 -0.025423337 -0.041162722 -0.189108148 0.021645397 -0.005461638 0.981702507
1341846665.430162 -0.010360030 -0.038823724 -0.050342519 -0.201689869 0.019688373 -0.009004860 0.979210138
1341846665.462226 -0.006690595 -0.034414127 -0.049742918 -0.211589888 0.022978045 -0.008199254 0.977054000
1341846665.498226 -0.025226643 -0.038538411 -0.045671456 -0.217555851 0.024194106 -0.006569745 0.975725830
1341846665.530109 -0.021774761 -0.023438547 -0.045112111 -0.215275317 0.023108589 -0.009293833 0.976235688
1341846665.562222 -0.021815488 -0.026786657 -0.049014989 -0.216544330 0.025026664 -0.008347135 0.975916266
1341846665.598196 -0.020049889 -0.028910641 -0.050965525 -0.218828678 0.023513850 -0.007426824 0.975451648
1341846665.630107 -0.015899871 -0.022425480 -0.054488678 -0.221033409 0.023301188 -0.008588218 0.974950016
1341846665.666289 -0.004041031 -0.016613070 -0.052667156 -0.223966569 0.023317637 -0.008309433 0.974282384
1341846665.698060 -0.015099909 -0.016290333 -0.060171921 -0.227003649 0.024396794 -0.007116507 0.973562300
1341846665.730361 -0.012434977 -0.022856584 -0.056382518 -0.230900347 0.023011601 -0.008311558 0.972669721
1341846665.766193 -0.005508876 -0.023295939 -0.060162768 -0.234790802 0.024203587 -0.008321688 0.971708894
1341846665.798338 -0.021020979 -0.027706569 -0.063093796 -0.239034265 0.027887996 -0.007492854 0.970581651
1341846665.834237 -0.019460529 -0.027649079 -0.059583675 -0.243349805 0.027838482 -0.009643372 0.969491065
1341846665.866106 -0.010516440 -0.019484358 -0.068605877 -0.247483343 0.029003553 -0.007891310 0.968425810
1341846665.898073 0.004392772 -0.009714831 -0.071155190 -0.252544165 0.029005663 -0.007594757 0.967120707
1341846665.934076 -0.011059828 -0.030150374 -0.068403058 -0.261774451 0.030486245 -0.006792430 0.964623511
1341846665.966137 -0.020382851 -0.039107934 -0.066212781 -0.268014580 0.032618277 -0.006858781 0.962838113
1341846665.998149 -0.018171826 -0.033459581 -0.066721641 -0.271050364 0.035566032 -0.005697876 0.961890996
1341846666.034210 -0.014932597 -0.027895892 -0.068841979 -0.270299017 0.034068897 -0.003474222 0.962167144
1341846666.072502 -0.020214817 -0.034576967 -0.068983577 -0.272703052 0.034472842 -0.003499058 0.961474121
1341846666.134147 -0.006605113 -0.029292632 -0.074839689 -0.279569507 0.034838054 -0.003240889 0.959487736
1341846666.166356 -0.019540001 -0.024169931 -0.077436060 -0.279832602 0.035973474 -0.003395398 0.959368587
1341846666.202327 -0.015250068 -0.034987338 -0.077739768 -0.284080297 0.037491553 -0.004302845 0.958057523
1341846666.234319 -0.007549995 -0.020235311 -0.080771185 -0.283875555 0.034595758 -0.002856851 0.958232522
1341846666.266322 -0.015066486 -0.048563376 -0.073805399 -0.294199079 0.033638004 -0.003202478 0.955146611
1341846666.302195 -0.029930230 -0.093730085 -0.049495127 -0.316228420 0.038782973 -0.004124424 0.947881043
1341846666.335080 -0.021195870 -0.060801134 -0.058501653 -0.319848061 0.037228134 -0.005072860 0.946723580
1341846666.370216 -0.020565677 -0.047927458 -0.065834321 -0.323539674 0.033910759 -0.002821787 0.945602536
1341846666.402019 -0.023498967 -0.046152841 -0.066687070 -0.329578519 0.035440303 -0.001411172 0.943461716
1341846666.434088 -0.020484593 0.005390897 -0.088625997 -0.324071467 0.036253795 0.002998203 0.945332944
1341846666.470060 -0.025204986 -0.000733737 -0.086492203 -0.326934516 0.034760222 0.007278571 0.944379449
1341846666.502190 -0.031020841 -0.040749077 -0.071561731 -0.340997726 0.036732275 0.010434428 0.939288259
1341846666.534121 -0.016570356 -0.065907501 -0.060295280 -0.356991410 0.037061382 0.009391281 0.933324933
1341846666.570131 -0.006494293 -0.030432947 -0.072167188 -0.357591540 0.034635853 0.011624301 0.933163226
1341846666.602180 -0.026023209 -0.017685940 -0.079543367 -0.360913575 0.037662547 0.012998982 0.931747794
1341846666.638072 -0.029529562 -0.012421157 -0.085162848 -0.365737885 0.039843343 0.012392937 0.929782093
1341846666.670134 -0.035186645 -0.022487346 -0.072406895 -0.372039109 0.039244369 0.014208936 0.927278221
1341846666.738266 -0.033919763 -0.014901605 -0.080819264 -0.374462306 0.036718700 0.015230095 0.926389635
1341846666.770390 -0.036706232 -0.013777949 -0.080252975 -0.376492947 0.035408150 0.017209703 0.925582588
1341846666.802119 -0.036134385 -0.014482152 -0.081168115 -0.378023744 0.032414094 0.020119293 0.925009489
1341846666.838108 -0.031014228 -0.006275602 -0.086158685 -0.378292322 0.030465066 0.022893580 0.924901426
1341846666.870483 -0.035707045 -0.006102279 -0.092162400 -0.380386442 0.031061858 0.022710841 0.924026787
1341846666.906019 -0.042895176 -0.003897578 -0.098992966 -0.382292688 0.031516355 0.022585917 0.923227429
1341846666.937989 -0.037212886 0.001480788 -0.102544919 -0.384658307 0.028319344 0.021915983 0.922364175
1341846666.970036 -0.019161066 -0.009617656 -0.092680424 -0.391731381 0.024598269 0.022987867 0.919463456
1341846667.006200 -0.030883782 -0.008506574 -0.092396334 -0.393767148 0.026768530 0.020797873 0.918584943
1341846667.038153 -0.041243870 -0.013939675 -0.106023178 -0.395829916 0.024914289 0.019846767 0.917771220
1341846667.074153 -0.010344612 -0.011885613 -0.097671524 -0.403232336 0.017903943 0.018419445 0.914737046
1341846667.106156 -0.043292716 -0.013090059 -0.099911243 -0.409009665 0.025298325 0.014496386 0.912064135
1341846667.138108 -0.037853394 -0.023515742 -0.095843732 -0.410766184 0.020409996 0.015372797 0.911382616
1341846667.174105 -0.017032057 -0.016978610 -0.102000222 -0.407458186 0.015592436 0.012229343 0.913008869
1341846667.206107 -0.027466865 -0.032089412 -0.095382780 -0.409567297 0.020251397 0.008353311 0.912016869
1341846667.238075 -0.041886084 -0.039952382 -0.091202036 -0.406433284 0.021737866 0.005724303 0.913403869
1341846667.274016 -0.005317068 -0.031328872 -0.098329745 -0.398028076 0.014046021 0.003551209 0.917258799
1341846667.306189 -0.042159848 -0.096655421 -0.068394497 -0.401873529 0.023498517 -0.001640846 0.915392101
1341846667.342253 -0.017046120 -0.091222174 -0.078574121 -0.386739761 0.015515422 -0.000157464 0.922058344
1341846667.374345 -0.005191817 -0.028079551 -0.098831393 -0.366051435 0.011793973 -0.002655301 0.930516064
1341846667.406982 -0.023559963 -0.101616129 -0.076105192 -0.372559786 0.017400907 -0.011326025 0.927775919
1341846667.442109 -0.040379655 -0.198449358 -0.039713874 -0.379956245 0.019934097 -0.007331489 0.924760580
1341846667.474109 -0.040388215 -0.124582894 -0.074244693 -0.352739096 0.017470958 -0.011487964 0.935488045
1341846667.506006 -0.056341801 -0.125790447 -0.090799809 -0.339357108 0.021596180 -0.016465560 0.940265536
1341846667.542298 -0.102584645 -0.175589129 -0.089815989 -0.332432061 0.027717277 -0.018589804 0.942536473
1341846667.574196 -0.057100497 -0.122525990 -0.096664235 -0.308514774 0.016831851 -0.015515684 0.950944066
1341846667.610099 -0.059851404 -0.081356965 -0.121921271 -0.289425611 0.019540101 -0.018298417 0.956826091
1341846667.642293 -0.087704912 0.002998054 -0.158503920 -0.265418559 0.024214918 -0.016068144 0.963695168
1341846667.674072 -0.093913548 0.021412700 -0.164749622 -0.258819848 0.025316384 -0.016294176 0.965456307
1341846667.710179 -0.095494673 0.023543775 -0.165583625 -0.257378161 0.028747791 -0.018644826 0.965703070
1341846667.742255 -0.094544835 0.004092276 -0.152329728 -0.256776989 0.028535556 -0.019649163 0.965849459
1341846667.774114 -0.094198301 -0.009010080 -0.153388500 -0.251802206 0.027353942 -0.017228721 0.967238665
1341846667.810099 -0.093539834 -0.009466026 -0.151469007 -0.247894794 0.030651918 -0.020165242 0.968091965
1341846667.842103 -0.103353113 -0.021907538 -0.143214971 -0.245747477 0.033854332 -0.021353412 0.968507171
1341846667.878139 -0.073374316 -0.020241272 -0.148690596 -0.236016303 0.027691785 -0.018015226 0.971187353
1341846667.910558 -0.086294115 -0.006985616 -0.155423835 -0.227490813 0.033203028 -0.021591287 0.972974479
1341846667.942116 -0.109412394 -0.027233854 -0.140673280 -0.226896346 0.040293530 -0.022688307 0.972820520
1341846667.978287 -0.103232652 -0.024467140 -0.143857658 -0.218407437 0.038742691 -0.020328756 0.974876344
1341846668.010215 -0.118509442 -0.032642744 -0.140074387 -0.212267414 0.044334184 -0.023265678 0.975928128
1341846668.046247 -0.120602176 -0.026238713 -0.138613909 -0.202651411 0.048062745 -0.023120394 0.977797449
1341846668.078111 -0.123693354 -0.035005167 -0.133172840 -0.195878431 0.049006209 -0.020586716 0.979186475
1341846668.110130 -0.117856488 -0.034015238 -0.134957552 -0.187525108 0.050010908 -0.022055766 0.980737865
1341846668.146332 -0.131186843 -0.039702121 -0.130843192 -0.181456611 0.055185910 -0.022390392 0.981593966
1341846668.178208 -0.141950786 -0.036885723 -0.128031358 -0.169380873 0.054554477 -0.020140048 0.983833492
1341846668.211262 -0.117373742 -0.026252098 -0.124986254 -0.155451968 0.050158855 -0.020640502 0.986353278
1341846668.246163 -0.140079767 -0.027761616 -0.132719934 -0.142329842 0.055385631 -0.018231550 0.988100350
1341846668.278397 -0.148265019 -0.039909877 -0.125205532 -0.132445946 0.054336511 -0.016161008 0.989567816
1341846668.314248 -0.126254275 -0.028922841 -0.123609245 -0.120294854 0.051006958 -0.016149145 0.991295457
1341846668.346231 -0.145151243 -0.020634769 -0.124478102 -0.113164581 0.056203850 -0.014768614 0.991875410
1341846668.378099 -0.147386566 -0.022020817 -0.120498382 -0.108091563 0.055505943 -0.012884366 0.992506564
1341846668.414247 -0.151609942 -0.028167766 -0.116331659 -0.102814227 0.056864966 -0.013725034 0.992978990
1341846668.445965 -0.165384024 -0.039697997 -0.117162138 -0.097114265 0.059213456 -0.011623655 0.993442237
1341846668.478153 -0.189626083 -0.070700333 -0.096162699 -0.082924306 0.060887296 -0.008303759 0.994659424
1341846668.514213 -0.147664323 -0.042569730 -0.119329706 -0.061878864 0.052997757 -0.008655706 0.996638000
1341846668.546115 -0.136393860 -0.025049385 -0.125495329 -0.053606447 0.050994810 -0.009548108 0.997213483
1341846668.582467 -0.153286338 -0.045015004 -0.118765138 -0.050041359 0.053047437 -0.012818861 0.997255027
1341846668.614140 -0.172371343 -0.066414282 -0.121636838 -0.040010199 0.057159826 -0.014970705 0.997450650
1341846668.646312 -0.148370370 -0.042158924 -0.125969931 -0.023809172 0.051902179 -0.012912923 0.998284817
1341846668.682455 -0.150956541 -0.035599303 -0.115913242 -0.016167831 0.049872305 -0.015473675 0.998504817
1341846668.714133 -0.151261300 -0.052220579 -0.129845783 -0.005063372 0.046506550 -0.015121930 0.998790681
1341846668.746132 -0.147101060 -0.027810695 -0.132744849 0.007787348 0.043712504 -0.015571455 0.998892426
1341846668.782338 -0.147847459 0.000342138 -0.126592726 0.010422847 0.043517925 -0.018537164 0.998826325
1341846668.814140 -0.148257926 -0.008211471 -0.123535991 0.007582735 0.043866362 -0.018724864 0.998833120
1341846668.850214 -0.149031982 -0.004201862 -0.127847552 0.008112179 0.042721514 -0.017877538 0.998894155
1341846668.882442 -0.149912059 -0.000101740 -0.126056507 0.005923165 0.041808557 -0.020118462 0.998905480
1341846668.914289 -0.151083767 -0.009330489 -0.130309045 0.003889975 0.040807500 -0.022144092 0.998914003
1341846668.950088 -0.154463306 -0.007609403 -0.127795383 0.005620935 0.037373062 -0.024795262 0.998977900
1341846668.982227 -0.140769064 0.016165672 -0.135064840 0.004997010 0.032591712 -0.027981050 0.999064505
1341846669.014062 -0.147435397 0.015693357 -0.136212036 -0.003055549 0.032323610 -0.034590952 0.998874068
1341846669.050056 -0.153595254 0.006693699 -0.132634878 -0.008642343 0.028979208 -0.039249111 0.998771787
1341846669.082525 -0.151874036 0.021597901 -0.136135504 -0.011318749 0.024994660 -0.046257015 0.998552680
1341846669.118346 -0.150213018 0.026880996 -0.136003047 -0.020691879 0.023723617 -0.056724682 0.997893453
1341846669.150086 -0.152682677 0.010773356 -0.132327139 -0.028360555 0.020389523 -0.062912233 0.997407675
1341846669.182477 -0.140196159 0.012129270 -0.134633198 -0.029643066 0.014713739 -0.069281906 0.997048080
1341846669.218046 -0.137445524 0.024719058 -0.132642239 -0.034952357 0.015052812 -0.078830220 0.996161401
1341846669.250205 -0.138858542 0.013555927 -0.132568002 -0.041027337 0.012734505 -0.082713008 0.995647132
1341846669.286114 -0.131777510 0.007352699 -0.132026285 -0.043041267 0.009720929 -0.087243944 0.995209277
1341846669.318030 -0.128864706 0.016794372 -0.134612426 -0.043855716 0.010974454 -0.092797592 0.994658172
1341846669.350255 -0.140268162 0.012303500 -0.143020973 -0.046041764 0.009961666 -0.097499326 0.994120121
1341846669.418200 -0.126134664 0.019897327 -0.137838110 -0.053774938 0.004751841 -0.117625095 0.991589665
1341846669.450219 -0.125031322 0.024292931 -0.131969452 -0.056735471 0.002652407 -0.128318712 0.990105212
1341846669.486175 -0.127427503 0.027891254 -0.144576415 -0.059791479 -0.000272010 -0.139130637 0.988467276
1341846669.518033 -0.120541103 0.023006203 -0.142620638 -0.067522071 0.000211952 -0.150919110 0.986237407
1341846669.554159 -0.132455155 0.021539345 -0.139335230 -0.073619202 0.003330550 -0.161659628 0.984091103
1341846669.586348 -0.131750286 0.034084320 -0.139356077 -0.075799666 0.002311792 -0.170263872 0.982476115
1341846669.617976 -0.122941457 0.033844013 -0.154693112 -0.083213314 0.003597226 -0.180065319 0.980121970
1341846669.654096 -0.124170214 0.014447141 -0.141888693 -0.090738311 0.006659336 -0.188592061 0.977831900
1341846669.686069 -0.128407359 0.013397638 -0.139016613 -0.091179438 0.008785677 -0.193698034 0.976775408
1341846669.718075 -0.109788179 0.024322964 -0.151352093 -0.091825806 0.007618365 -0.200214952 0.975409627
1341846669.754171 -0.123193197 0.019871296 -0.162508950 -0.099000446 0.012602944 -0.210474074 0.972492039
1341846669.786139 -0.129164547 0.024487486 -0.142562389 -0.103568316 0.016246686 -0.218776941 0.970126927
1341846669.822151 -0.131691962 0.021408705 -0.150485367 -0.106301159 0.017506342 -0.225912049 0.968172193
1341846669.854118 -0.116167001 0.031180706 -0.156838357 -0.109736204 0.016570827 -0.236352801 0.965308607
1341846669.886219 -0.131679580 0.030219961 -0.154481143 -0.116188772 0.021672539 -0.245446146 0.962178051
1341846669.922050 -0.130185872 0.022759654 -0.155206397 -0.119165353 0.022479655 -0.252753139 0.959901094
1341846669.954047 -0.109351464 0.018265478 -0.174872190 -0.123045541 0.020314269 -0.259366572 0.957693100
1341846669.986285 -0.108780339 0.018948175 -0.172357768 -0.130068496 0.023633823 -0.267427742 0.954466343
1341846670.022242 -0.112869374 0.025525752 -0.163782850 -0.132366434 0.027989922 -0.278442532 0.950876176
1341846670.054135 -0.107629888 0.016338658 -0.166441381 -0.136826158 0.029388597 -0.283766478 0.948626101
1341846670.090228 -0.094589606 0.023391593 -0.168266028 -0.140074313 0.030650744 -0.293745846 0.945067763
1341846670.121996 -0.114486746 0.015718829 -0.175376445 -0.145862892 0.038353272 -0.306038380 0.939996600
1341846670.154057 -0.111992545 0.019116785 -0.176539421 -0.149187043 0.042939130 -0.315722764 0.936065495
1341846670.190103 -0.120114967 0.052897982 -0.159759223 -0.148497492 0.048814159 -0.325566769 0.932508409
1341846670.222197 -0.129161298 0.048596937 -0.160111621 -0.151432231 0.054377433 -0.338081241 0.927260697
1341846670.258571 -0.132433623 0.055946514 -0.166344911 -0.151735917 0.060280826 -0.345678866 0.924039245
1341846670.290254 -0.119612023 0.064632475 -0.161008894 -0.151304454 0.061505780 -0.351157606 0.921961129
1341846670.358377 -0.116800115 0.041415267 -0.171924472 -0.152046576 0.072318867 -0.368760407 0.914148569
1341846670.390114 -0.114883736 0.040486485 -0.165334612 -0.150338531 0.079011828 -0.375071049 0.911305189
1341846670.422206 -0.122332051 0.045624409 -0.156238884 -0.146723911 0.087440155 -0.382604927 0.907986641
1341846670.464003 -0.146911472 0.027338881 -0.169830158 -0.143869624 0.099188164 -0.395818323 0.901549220
1341846670.526271 -0.130889699 0.033785902 -0.178527325 -0.134945750 0.111360922 -0.406264514 0.896848679
1341846670.566977 -0.138340279 0.036110573 -0.162054315 -0.133125126 0.117377043 -0.412746638 0.893387079
1341846670.596103 -0.129723743 0.038585722 -0.165359899 -0.128972694 0.118833713 -0.418157905 0.891284764
1341846670.628412 -0.129481941 0.027272999 -0.175603345 -0.128201947 0.121066444 -0.421876162 0.889341116
1341846670.664027 -0.140014604 0.021261312 -0.184842706 -0.125072375 0.126479894 -0.429088235 0.885574996
1341846670.696002 -0.140531048 0.019951329 -0.184102625 -0.118855089 0.131044626 -0.433479428 0.883626819
1341846670.728093 -0.135272235 0.023684544 -0.187257916 -0.111475430 0.134980127 -0.438594699 0.881469369
1341846670.764128 -0.132215500 0.021412414 -0.178003699 -0.107178248 0.140518680 -0.445137918 0.877849340
1341846670.796059 -0.139733851 0.013151226 -0.183875710 -0.103232473 0.148019120 -0.450705141 0.874241531
1341846670.832246 -0.133838832 0.017676152 -0.176497877 -0.094067499 0.151141778 -0.449835688 0.875188708
1341846670.863970 -0.116171300 0.018573854 -0.196255594 -0.088361964 0.150090978 -0.444486737 0.878690124
1341846670.896139 -0.137303293 0.003950264 -0.192726135 -0.085364208 0.158032075 -0.449187517 0.875196815
1341846670.932028 -0.134739384 -0.000988894 -0.184518084 -0.075913280 0.163802147 -0.446857423 0.876198888
1341846670.964063 -0.114729621 0.015019353 -0.166508630 -0.061670072 0.162305266 -0.437052339 0.882518589
1341846671.000270 -0.150870025 -0.001164533 -0.188203901 -0.058173802 0.166372240 -0.442450732 0.879302859
1341846671.032112 -0.142744988 -0.006220336 -0.191753060 -0.050196756 0.171166807 -0.445040733 0.877565384
1341846671.064030 -0.129037052 -0.001987299 -0.190069333 -0.040449951 0.173179477 -0.448491246 0.875915647
1341846671.101398 -0.140547365 -0.009818925 -0.196181938 -0.034334127 0.174378619 -0.456510574 0.871786296
1341846671.132289 -0.141022101 -0.025886871 -0.211716682 -0.026603017 0.175995260 -0.463816524 0.867866457
1341846671.168159 -0.136032999 -0.025511529 -0.220635563 -0.014205636 0.173564956 -0.466565877 0.867173374
1341846671.200149 -0.119782187 -0.008730955 -0.184074059 0.001182773 0.167131931 -0.467904150 0.867831349
1341846671.232280 -0.149948031 -0.017874911 -0.204014882 0.008310853 0.169370487 -0.475623995 0.863149107
1341846671.268147 -0.128633291 -0.013911307 -0.194230139 0.020402743 0.169284388 -0.476030558 0.862740636
1341846671.300337 -0.120330095 -0.014644854 -0.195174560 0.028778605 0.164643154 -0.474669367 0.864148915
1341846671.336125 -0.137605280 -0.026570044 -0.213875353 0.032422703 0.163157105 -0.481753886 0.860373020
1341846671.368236 -0.125770599 -0.029110618 -0.217517167 0.039239869 0.162027955 -0.484141976 0.858960807
1341846671.400327 -0.120146200 -0.029834054 -0.220695645 0.044011634 0.158081844 -0.485306859 0.858807504
1341846671.436064 -0.129310995 -0.030350521 -0.219582647 0.048864469 0.155203968 -0.491356343 0.855624318
1341846671.468197 -0.122602671 -0.028376225 -0.225777507 0.054554529 0.153813377 -0.496678442 0.852452815
1341846671.504294 -0.120243996 -0.025168892 -0.226362109 0.057023309 0.148613662 -0.498922199 0.851903141
1341846671.536197 -0.139106244 -0.035357870 -0.210435286 0.059587095 0.141465709 -0.510792315 0.845888913
1341846671.568120 -0.139393404 -0.026958518 -0.219333813 0.068200372 0.139069691 -0.518223524 0.841102064
1341846671.604188 -0.127649501 -0.034828007 -0.217361391 0.072222978 0.131941915 -0.521368861 0.839970052
1341846677.594105 0.110515833 0.077329144 -0.261623353 0.028237028 0.007415045 0.070523128 0.997082829
