1341846647.866652 0.000000000 0.000000000 0.000000000 0.000000000 0.000000000 0.000000000 1.000000000
1341846647.901972 -0.001042566 0.003948171 0.000246017 0.000514955 0.002547953 0.000159917 0.999996603
1341846647.934224 -0.004586504 0.004697190 -0.001243710 -0.000664290 0.003404897 -0.000067946 0.999993980
1341846647.970225 0.000278263 0.004545533 0.000726003 -0.001076558 0.001180314 0.000876338 0.999998331
1341846648.002341 0.001624481 0.007689259 -0.001931198 -0.001566267 0.000172217 0.000514448 0.999998629
1341846648.034343 0.001501999 0.006350581 -0.005592798 -0.004158904 -0.000948006 0.000389842 0.999990821
1341846648.070164 0.004798468 0.002448475 -0.004874323 -0.005980617 -0.004346158 0.001636838 0.999971330
1341846648.102152 0.011214540 0.000076928 -0.006894710 -0.005648967 -0.008422726 0.002707982 0.999944866
1341846648.138185 0.014585263 0.005165003 -0.011480622 -0.005567114 -0.010106473 0.002407640 0.999930501
1341846648.170568 0.011827515 0.007949608 -0.014876059 -0.008095295 -0.011242714 0.001479292 0.999902904
1341846648.202106 0.014470199 -0.002501996 -0.015245640 -0.011004217 -0.016046084 0.001923215 0.999808848
1341846648.238157 0.017161837 -0.001123049 -0.013487542 -0.009943645 -0.021410262 0.002185691 0.999718904
1341846648.270152 0.031999506 0.000562286 -0.027043954 -0.011632441 -0.028636197 0.000934397 0.999521732
1341846648.302183 0.030546086 -0.003113065 -0.031179193 -0.017555354 -0.033059318 -0.003584660 0.999292791
1341846648.338170 0.032301169 -0.000604181 -0.028939832 -0.019973736 -0.037934832 -0.007318191 0.999053776
1341846648.370216 0.014210215 -0.006264494 -0.034104690 -0.023124414 -0.042722914 -0.009593124 0.998773217
1341846648.406052 0.050465975 -0.010230717 -0.027072798 -0.025259919 -0.058584981 -0.006093287 0.997944236
1341846648.438342 0.051404431 -0.012660176 -0.023580424 -0.026027933 -0.064628914 -0.004414535 0.997560084
1341846648.470076 0.051727429 0.010098900 -0.024233494 -0.022664461 -0.069130383 -0.002628058 0.997346699
1341846648.506263 0.042176358 0.001193561 -0.023164256 -0.027927224 -0.073935919 -0.005220243 0.996858239
1341846648.538249 0.041793443 0.004372881 -0.023745799 -0.030469008 -0.079900652 -0.006684777 0.996314645
1341846648.570179 0.054367363 0.005651590 -0.021677297 -0.033515617 -0.085013613 -0.007702346 0.995786130
1341846648.606081 0.055242669 0.001426038 -0.020995034 -0.036966641 -0.089481175 -0.008727464 0.995263994
1341846648.638395 0.073690392 -0.012362828 -0.007046849 -0.039345641 -0.102373041 -0.008285876 0.993933082
1341846648.674053 0.070867881 -0.006432947 -0.007836150 -0.037165523 -0.105144233 -0.009675797 0.993715167
1341846648.706058 0.075094387 -0.007781667 -0.017820138 -0.037586730 -0.111973114 -0.009532255 0.992954373
1341846648.738116 0.091819197 -0.002145775 0.005457796 -0.037242625 -0.125521317 -0.008899252 0.991351724
1341846648.774049 0.102985278 -0.008675488 0.008586418 -0.035646375 -0.128853738 -0.007164208 0.990996838
1341846648.805941 0.103162304 -0.012591812 -0.002548574 -0.034877758 -0.131918371 -0.005785868 0.990629911
1341846648.838602 0.106108919 -0.004381638 0.000121552 -0.034494337 -0.140009210 -0.003540730 0.989542842
1341846648.874088 0.124312133 0.000403430 0.012019575 -0.035619527 -0.146105632 -0.004425532 0.988617659
1341846648.906165 0.129780024 -0.019640053 -0.001898505 -0.040847518 -0.151276559 -0.003319093 0.987641573
1341846648.942154 0.143972188 -0.079759434 -0.005476173 -0.052885890 -0.166374326 0.008214632 0.984609127
1341846648.974090 0.143379241 -0.004388920 0.000895783 -0.041023117 -0.180193320 -0.000436994 0.982775271
1341846649.006157 0.145399109 -0.010100398 0.017920606 -0.045040168 -0.184377491 -0.004586198 0.981812239
1341846649.042101 0.148317203 -0.012815875 0.025861755 -0.045088638 -0.192339435 -0.003987560 0.980283976
1341846649.074128 0.159957394 -0.001424505 0.006934881 -0.044600155 -0.201039508 -0.010188198 0.978514254
1341846649.106188 0.161144212 -0.005615765 0.014935963 -0.048137594 -0.201441675 -0.019435072 0.978123844
1341846649.142042 0.175654829 -0.015981380 0.023858987 -0.052620485 -0.206826299 -0.020683074 0.976742625
1341846649.174442 0.185796037 -0.012855739 0.027232412 -0.054155525 -0.214245334 -0.025205806 0.974951684
1341846649.216152 0.187974423 -0.014504038 0.034779180 -0.055477023 -0.215324566 -0.029730421 0.974512041
1341846649.248048 0.201031908 -0.019488513 0.030812606 -0.058433741 -0.216390878 -0.026625700 0.974192798
1341846649.280075 0.215659246 -0.013853734 0.022818580 -0.061222047 -0.220556140 -0.026956370 0.973077714
1341846649.316071 0.211510301 -0.012788069 0.033541564 -0.065836713 -0.220585719 -0.027336469 0.972759068
1341846649.348041 0.213699535 -0.028054671 0.055574752 -0.070423029 -0.224629909 -0.023402445 0.971614301
1341846649.383973 0.219308868 -0.023478422 0.058611892 -0.068152525 -0.229445413 -0.019637529 0.970733941
1341846649.416053 0.220163360 -0.007354354 0.039053291 -0.065764941 -0.227293819 -0.026900323 0.971230567
1341846649.448084 0.228175163 -0.018395137 0.052195583 -0.072577462 -0.226249248 -0.025706163 0.971021593
1341846649.484154 0.227394730 -0.031734437 0.065310471 -0.077303492 -0.228799224 -0.023883037 0.970105469
1341846649.516198 0.235396013 -0.028443109 0.072800159 -0.075711764 -0.231711984 -0.026898252 0.969460547
1341846649.552101 0.241305798 -0.028704170 0.075825907 -0.074222170 -0.230312675 -0.030594060 0.969799519
1341846649.616167 0.244232565 -0.035629198 0.073286735 -0.074662700 -0.233272016 -0.024315225 0.969236016
1341846649.678101 0.262990057 -0.042204857 0.085108504 -0.074596904 -0.238042355 -0.025953038 0.968038023
1341846649.710937 0.269429594 -0.052760217 0.077394739 -0.074827947 -0.244218707 -0.025217036 0.966499925
1341846649.746112 0.273183763 -0.049471214 0.090934232 -0.072570346 -0.251292318 -0.028851539 0.964755595
1341846649.778019 0.284290880 -0.052738234 0.084501073 -0.071135789 -0.256506383 -0.029409466 0.963472545
1341846649.810257 0.297853470 -0.057148341 0.080146775 -0.070788153 -0.265137643 -0.027635826 0.961211443
1341846649.846059 0.299400568 -0.044527628 0.056652546 -0.070414752 -0.272414088 -0.030785536 0.959106147
1341846649.878137 0.306805044 -0.043337628 0.077351496 -0.074720047 -0.279506087 -0.032925427 0.956665635
1341846649.914184 0.312953711 -0.064834699 0.109008312 -0.078151897 -0.287551820 -0.027544715 0.954173744
1341846649.952612 0.331217974 -0.048198380 0.102289774 -0.073925994 -0.291116059 -0.024482984 0.953512967
1341846650.014156 0.341883183 -0.058466241 0.111657187 -0.075480081 -0.295428425 -0.015744334 0.952248335
1341846650.046184 0.354302049 -0.038779411 0.126425117 -0.071627535 -0.299568266 -0.014029124 0.951278925
1341846650.078250 0.358336717 -0.036053631 0.143755883 -0.069638133 -0.299771816 -0.014745748 0.951351702
1341846650.114215 0.362840861 -0.040107343 0.138769239 -0.068638183 -0.299382776 -0.012284631 0.951581776
1341846650.146137 0.371828765 -0.054233219 0.152632579 -0.069483817 -0.303163677 -0.009041879 0.950358927
1341846650.182236 0.379914135 -0.049303800 0.162504345 -0.064438455 -0.303604603 -0.010765549 0.950555682
1341846650.214164 0.384824425 -0.044231310 0.146954969 -0.061768811 -0.301558286 -0.010715260 0.951384485
1341846650.246084 0.386522472 -0.043490995 0.153574854 -0.063524805 -0.302978516 -0.010829663 0.950816154
1341846650.282167 0.399573684 -0.057279367 0.180282503 -0.062197041 -0.304283261 -0.014533903 0.950437784
1341846650.314158 0.400073797 -0.054397885 0.170836508 -0.058486298 -0.299829990 -0.017339950 0.952040255
1341846650.350453 0.403929234 -0.059477679 0.164839685 -0.061040193 -0.299686372 -0.017698262 0.951918542
1341846650.382075 0.402151018 -0.055576660 0.180409461 -0.062001195 -0.300252825 -0.021468064 0.951600313
1341846650.414224 0.403334707 -0.060773607 0.188856572 -0.059951734 -0.296359628 -0.022915119 0.952917457
1341846650.450353 0.399825484 -0.056509275 0.168686450 -0.057812463 -0.289570183 -0.021227494 0.955173373
1341846650.484849 0.404672503 -0.060025021 0.165653825 -0.059936032 -0.287137002 -0.023372149 0.955726862
1341846650.514091 0.398059368 -0.061820056 0.177622318 -0.060342137 -0.281635553 -0.025681417 0.957277775
1341846650.550746 0.391982853 -0.070304036 0.179770499 -0.056287650 -0.274565309 -0.024636399 0.959603369
1341846650.582069 0.387527674 -0.060756590 0.164269939 -0.050496858 -0.267297417 -0.024518654 0.961977601
1341846650.618092 0.379381418 -0.061889272 0.155884743 -0.050714090 -0.260822803 -0.027352860 0.963665605
1341846650.650422 0.367320478 -0.057091676 0.159117907 -0.048447549 -0.253102660 -0.031178735 0.965722442
1341846650.682114 0.355828464 -0.060152367 0.153001755 -0.047619920 -0.245282456 -0.032918181 0.967721701
1341846650.718110 0.347712547 -0.061841186 0.143241331 -0.047009766 -0.239421248 -0.035934057 0.969111085
1341846650.750112 0.342870384 -0.059025832 0.145914048 -0.045368917 -0.232489690 -0.038755871 0.970766842
1341846650.782116 0.317985862 -0.066657037 0.147570744 -0.044998609 -0.221051589 -0.038097814 0.973478198
1341846650.818115 0.298941165 -0.068748713 0.137292966 -0.042140983 -0.215072766 -0.036655180 0.974999607
1341846650.850139 0.294867814 -0.057417020 0.122535236 -0.039852809 -0.210567892 -0.037972737 0.976028144
1341846650.886238 0.290809631 -0.053043131 0.133546129 -0.039972525 -0.199026212 -0.040762164 0.978329837
1341846650.918288 0.267322272 -0.059617460 0.128125772 -0.041360881 -0.187764302 -0.038135353 0.980601609
1341846650.950233 0.254725814 -0.053789370 0.109824404 -0.040061269 -0.179194659 -0.036025349 0.982337296
1341846650.986247 0.246137425 -0.052138966 0.123976484 -0.041684918 -0.169249013 -0.033199925 0.984131575
1341846651.050482 0.211448088 -0.050786816 0.085112013 -0.038556516 -0.148283899 -0.027738664 0.987803519
1341846651.086169 0.210425064 -0.050155211 0.086028799 -0.042868495 -0.142211094 -0.024997722 0.988591611
1341846651.118423 0.202496022 -0.078633070 0.088551812 -0.046937186 -0.132426083 -0.020198517 0.989874840
1341846651.154189 0.177222043 -0.067720421 0.074631453 -0.040673606 -0.122899465 -0.018943233 0.991404295
1341846651.186391 0.164385810 -0.055743430 0.068580948 -0.040023409 -0.115980342 -0.016715290 0.992304027
1341846651.218036 0.148722157 -0.054729845 0.064541996 -0.041381098 -0.109387368 -0.017676428 0.992980123
1341846651.254031 0.134146422 -0.058242813 0.064816542 -0.042497169 -0.103438959 -0.017167732 0.993579209
1341846651.286406 0.126350403 -0.058311902 0.058654852 -0.044461425 -0.098537192 -0.017745571 0.993981242
1341846651.318309 0.108320072 -0.058785010 0.065003335 -0.045718431 -0.092979044 -0.020980591 0.994396567
1341846651.354135 0.112672225 -0.064928979 0.062854573 -0.046328999 -0.089424700 -0.020398766 0.994706333
1341846651.386180 0.086186171 -0.061624199 0.060294207 -0.044680040 -0.079128243 -0.021811744 0.995623767
1341846651.422237 0.076683089 -0.059260383 0.055687476 -0.044817325 -0.076378077 -0.020548359 0.995859206
1341846651.492135 0.052831776 -0.054178625 0.054497324 -0.046647716 -0.067876317 -0.028914964 0.996183097
1341846651.560316 0.035049226 -0.069933832 0.034175135 -0.045690812 -0.049557980 -0.028156295 0.997328162
1341846651.622176 0.014596347 -0.072009929 0.021821175 -0.037188195 -0.038536705 -0.029452704 0.998130500
1341846651.654223 -0.002079753 -0.071775407 0.022239164 -0.033733118 -0.033743035 -0.028260937 0.998461187
1341846651.690127 -0.014680857 -0.076810695 0.009325169 -0.030226646 -0.030480063 -0.026961919 0.998714328
1341846651.722318 -0.024679510 -0.075329006 -0.001907482 -0.026470181 -0.026382660 -0.024727538 0.998995364
1341846651.754212 -0.031832967 -0.069979668 -0.010782916 -0.024104616 -0.022890287 -0.022397457 0.999196351
1341846651.790200 -0.044524282 -0.062137686 -0.023250675 -0.024819888 -0.017179696 -0.023959810 0.999257088
1341846651.822233 -0.057959404 -0.076034173 -0.022894042 -0.026353486 -0.010542565 -0.022411529 0.999345779
1341846651.858213 -0.084610887 -0.077040754 -0.025503654 -0.016439708 -0.002971137 -0.020225752 0.999655843
1341846651.890237 -0.095791444 -0.071355633 -0.029912889 -0.008370340 0.002922318 -0.018188993 0.999795258
1341846651.922186 -0.099667571 -0.073963501 -0.039738674 -0.007563273 0.006603851 -0.014474593 0.999844790
1341846651.958047 -0.118066341 -0.074062869 -0.049853835 -0.005716968 0.011120010 -0.013239868 0.999834120
1341846651.990020 -0.122337475 -0.081425674 -0.049448851 -0.000410768 0.015784923 -0.007564961 0.999846697
1341846652.022081 -0.145176232 -0.067372702 -0.059443630 0.007440435 0.022285532 -0.003549146 0.999717653
1341846652.058058 -0.156506225 -0.056007881 -0.067453533 0.008858906 0.024095153 -0.000987189 0.999669909
1341846652.090106 -0.165190637 -0.054346029 -0.072309382 0.007222474 0.026210863 -0.003000156 0.999625802
1341846652.126257 -0.174124643 -0.060513958 -0.076522671 0.003843230 0.030581119 -0.003276770 0.999519467
1341846652.158232 -0.189580753 -0.056628458 -0.074107155 0.002784884 0.033535849 -0.002095854 0.999431431
1341846652.190049 -0.198240817 -0.059178744 -0.074607089 0.002097712 0.035607539 -0.003779605 0.999356508
1341846652.225981 -0.196687698 -0.061501011 -0.067605108 0.003181387 0.041405894 -0.004398779 0.999127626
1341846652.258089 -0.232434809 -0.063089840 -0.074528247 0.005015187 0.052046653 -0.000976617 0.998631597
1341846652.290189 -0.240657240 -0.069454618 -0.062268436 0.007672888 0.052514508 0.001936519 0.998588741
1341846652.326148 -0.246972293 -0.072578631 -0.070523530 0.014562951 0.054711137 0.003268369 0.998390615
1341846652.358184 -0.255079985 -0.057429403 -0.068424828 0.019214297 0.058363032 0.004240064 0.998101473
1341846652.394279 -0.273722410 -0.057279740 -0.064264268 0.019847715 0.061297446 0.003572541 0.997915745
1341846652.426287 -0.282563686 -0.061596625 -0.065518893 0.020927427 0.063697860 0.003445204 0.997743845
1341846652.458277 -0.294553071 -0.065031305 -0.062562659 0.023128700 0.067932822 0.004328838 0.997412384
1341846652.494100 -0.315859348 -0.067769699 -0.060675375 0.024456976 0.072352961 0.003324999 0.997073650
1341846652.526469 -0.325502992 -0.063551337 -0.061123252 0.024966093 0.076521270 0.002402337 0.996752441
1341846652.562089 -0.328753650 -0.071324550 -0.081456915 0.025088310 0.083622843 0.000888876 0.996181190
1341846652.594254 -0.333092004 -0.064384043 -0.079185247 0.028281007 0.094441816 -0.000782523 0.995128274
1341846652.626356 -0.329736620 -0.064777948 -0.055798348 0.029884065 0.105104119 -0.001984370 0.994010150
1341846652.662152 -0.290858775 -0.070200466 -0.126400948 0.030564703 0.117593236 -0.002271576 0.992588758
1341846652.694113 -0.284568459 -0.073311642 -0.129712060 0.028622732 0.141646340 -0.006227429 0.989483833
1341846652.726378 -0.254691482 -0.089664131 -0.130777478 0.028810427 0.163714558 -0.006314938 0.986066759
1341846652.762129 -0.277855515 -0.067639634 -0.120288916 0.031446047 0.195677683 -0.008793564 0.980124533
1341846652.794152 -0.288067639 -0.070817567 -0.131504372 0.028360602 0.226613015 -0.008742908 0.973532617
1341846652.830250 -0.297206610 -0.073896825 -0.123661295 0.027663806 0.256857127 -0.009803405 0.966003656
1341846652.862014 -0.337672502 -0.072763659 -0.084759086 0.026311340 0.280621111 -0.007883337 0.959425509
1341846652.894426 -0.330440164 -0.074518315 -0.074865684 0.025640287 0.298834711 -0.005528016 0.953944325
1341846652.930346 -0.337449491 -0.075546019 -0.068164185 0.027533129 0.317863315 -0.000656611 0.947736442
1341846652.962213 -0.334343910 -0.067157656 -0.078053087 0.026970863 0.331126690 -0.002691408 0.943196893
1341846653.030292 -0.334778428 -0.096085787 -0.086767048 0.017701242 0.360624403 0.000991106 0.932542622
1341846653.062672 -0.362666696 -0.080842964 -0.045738861 0.023807414 0.380257100 0.003753189 0.924566746
1341846653.099024 -0.332165450 -0.076608337 -0.073834822 0.021993250 0.389860898 0.002151198 0.920608580
1341846653.130475 -0.328568906 -0.088811323 -0.104334153 0.017248983 0.404398680 0.002928227 0.914415419
1341846653.162620 -0.343558580 -0.104873948 -0.096363232 0.014895714 0.421554029 0.006476146 0.906657815
1341846653.198437 -0.368186355 -0.073067911 -0.027537584 0.020444438 0.439952582 0.008172869 0.897751033
1341846653.230042 -0.315013051 -0.025124896 -0.025090426 0.029382033 0.445213348 0.011557955 0.894867659
1341846653.298380 -0.364745200 -0.078505710 -0.045462832 0.019849095 0.475304335 0.015533793 0.879460335
1341846654.774056 -0.290329427 -0.059952453 -0.029293977 0.027426833 0.163701907 0.012746992 0.986046135
1341846654.974334 -0.254617810 -0.070062608 -0.059740495 0.026651694 0.076311164 0.017586399 0.996572614
1341846655.206124 -0.194458574 -0.033216946 -0.053789087 0.027656425 -0.044215571 0.011906333 0.998568118
1341846655.274211 -0.157430470 -0.050206531 -0.064114526 0.030477710 -0.068751194 0.015849205 0.997042179
1341846655.342236 -0.148802355 -0.058543485 -0.071668319 0.042235609 -0.075687416 0.024616838 0.995932519
1341846655.374134 -0.138775483 -0.046262350 -0.078176573 0.046038676 -0.078477241 0.024981787 0.995538831
1341846655.410207 -0.134435102 -0.059308641 -0.105434820 0.046160363 -0.079272434 0.026850542 0.995421588
1341846655.442262 -0.147139937 -0.062558271 -0.086255997 0.050656207 -0.087017782 0.029521909 0.994479895
1341846655.474205 -0.148646817 -0.049181994 -0.104022712 0.052855171 -0.097369969 0.027330654 0.993467867
1341846655.510277 -0.144942671 -0.038917553 -0.102190316 0.050097357 -0.107548594 0.026098406 0.992593765
1341846655.542135 -0.125065491 -0.047027167 -0.102037661 0.044780932 -0.117495969 0.027227074 0.991689444
1341846655.578132 -0.128020644 -0.045371670 -0.100096114 0.042722285 -0.124799028 0.027705070 0.990874588
1341846655.642348 -0.117596723 -0.043539882 -0.108318180 0.036750812 -0.145003095 0.025947481 0.988407910
1341846655.678110 -0.125836357 -0.048760701 -0.081926569 0.036484670 -0.154668912 0.026549421 0.986935437
1341846655.710074 -0.121085748 -0.046366416 -0.117663130 0.037982546 -0.165447950 0.025979511 0.985144317
1341846655.748050 -0.111355767 -0.036412619 -0.129161939 0.035920270 -0.176247746 0.026052032 0.983345151
1341846655.810222 -0.111807927 -0.041961197 -0.111928880 0.031992782 -0.194944009 0.028347118 0.979882479
1341846655.846257 -0.089759946 -0.037864976 -0.135967523 0.030270429 -0.206281915 0.030150702 0.977559388
1341846655.910355 -0.082580224 -0.044534832 -0.141380072 0.023566730 -0.225188240 0.027103035 0.973653018
1341846655.946240 -0.091254249 -0.035660494 -0.130375132 0.022978775 -0.234403580 0.026236556 0.971513510
1341846655.978412 -0.067658879 -0.035944775 -0.134157047 0.019522600 -0.243439123 0.026693400 0.969352186
1341846656.014188 -0.058375515 -0.032341208 -0.127438337 0.017360060 -0.247451261 0.027610036 0.968351245
1341846656.046211 -0.062637322 -0.039654296 -0.127396971 0.014849803 -0.249514192 0.029406076 0.967810631
1341846656.078165 -0.060481180 -0.037329856 -0.133095831 0.014751467 -0.253808618 0.029947547 0.966678202
1341846656.114220 -0.062589578 -0.028211551 -0.132320076 0.013797768 -0.257568866 0.028864233 0.965730131
1341846656.146158 -0.056057654 -0.029644419 -0.123253778 0.011869646 -0.265047282 0.030777559 0.963670969
1341846656.178154 -0.055735789 -0.027688636 -0.123878874 0.012058460 -0.270481229 0.029745899 0.962190032
1341846656.214132 -0.051825423 -0.024208628 -0.123831347 0.012138478 -0.276373029 0.028636746 0.960547030
1341846656.246093 -0.043027204 -0.028106021 -0.120439939 0.012370964 -0.280843049 0.028482761 0.959251225
1341846656.282181 -0.044252992 -0.023154113 -0.129153982 0.012454811 -0.282849193 0.028285097 0.958666325
1341846656.314258 -0.043928392 -0.027587159 -0.130394906 0.010604401 -0.286812246 0.027617406 0.957529962
1341846656.346094 -0.026568614 -0.021388238 -0.140493453 0.009479068 -0.292641103 0.026219655 0.955815792
1341846656.382222 -0.035487171 -0.028132292 -0.132850096 0.005503369 -0.295591146 0.025750631 0.954951525
1341846656.414253 -0.028251447 -0.036176946 -0.162730485 0.006576421 -0.304869145 0.025415711 0.952032328
1341846656.446177 -0.024061814 -0.018165547 -0.124145456 0.005564632 -0.314811975 0.024743879 0.948815167
1341846656.482260 -0.025007058 -0.032729466 -0.143165678 -0.001163052 -0.318847984 0.023845250 0.947505176
1341846656.519461 -0.021594062 -0.034172352 -0.134642974 -0.001115374 -0.326794267 0.022946391 0.944816232
1341846656.582247 -0.009631015 -0.024883434 -0.146364808 -0.005225449 -0.332591504 0.023906510 0.942753494
1341846656.614195 -0.007346980 -0.028569797 -0.125090212 -0.007079126 -0.336830497 0.025143957 0.941202879
1341846656.649995 -0.003995262 -0.031084146 -0.137365431 -0.007438772 -0.337764889 0.025117062 0.940865934
1341846656.682076 -0.015125770 -0.026122553 -0.134810418 -0.007342880 -0.340633214 0.024380229 0.939851403
1341846656.714216 -0.012005642 -0.021611085 -0.128082305 -0.007988900 -0.345066398 0.023755096 0.938243568
1341846656.749974 -0.002896763 -0.021716254 -0.139107302 -0.010811645 -0.347246855 0.024140608 0.937400639
1341846656.782653 -0.001980156 -0.032823395 -0.144539267 -0.012214628 -0.348839968 0.024876399 0.936772466
1341846656.824388 -0.002422057 -0.025221854 -0.154305696 -0.011360678 -0.351350933 0.024414590 0.935856462
1341846656.856226 -0.003335174 -0.012295971 -0.123908833 -0.013482179 -0.353754371 0.024720673 0.934914410
1341846656.892050 -0.005720247 -0.018812140 -0.112317055 -0.016095750 -0.351794839 0.025654351 0.935587049
1341846656.924099 -0.006205902 -0.014833402 -0.113745600 -0.015565412 -0.350741893 0.024987096 0.936009347
1341846656.956112 -0.002053630 -0.003467350 -0.095314607 -0.016132576 -0.346648604 0.023454800 0.937562943
1341846656.992122 0.000365540 -0.014267723 -0.100785725 -0.018933473 -0.339939117 0.024887804 0.939927399
1341846657.024108 0.000522379 -0.017337600 -0.112846136 -0.018858658 -0.336100906 0.025141025 0.941301465
1341846657.056121 0.006697118 -0.009667460 -0.079508409 -0.019462682 -0.333367974 0.027975269 0.942180634
1341846657.092006 -0.011996232 -0.014060111 -0.078329049 -0.016013997 -0.320019364 0.029564565 0.946814179
1341846657.124027 -0.010658052 -0.014220905 -0.059816957 -0.009985107 -0.310248494 0.034330305 0.949982941
1341846657.155973 -0.009885561 -0.009269719 -0.054547213 -0.004816344 -0.299617618 0.036116384 0.953363359
1341846657.192094 -0.013300782 -0.004581734 -0.055878870 -0.002379737 -0.283523202 0.034086600 0.958356440
1341846657.224195 -0.005172024 -0.012763642 -0.073224157 -0.000191441 -0.273262769 0.029566802 0.961484909
1341846657.292164 0.003994321 -0.015994366 -0.074767739 0.000453288 -0.254373670 0.026673045 0.966737986
1341846657.354367 0.013270035 -0.013577129 -0.083580524 0.000605408 -0.237165213 0.023315653 0.971189320
1341846657.386193 0.023272846 -0.019514102 -0.081875026 -0.000473557 -0.227324843 0.022235906 0.973564982
1341846657.418105 0.007628057 -0.023463214 -0.090877526 0.001916215 -0.212531179 0.021446573 0.976917028
1341846657.454277 0.019903153 -0.012566656 -0.077292830 0.005116190 -0.205457717 0.020482345 0.978438258
1341846657.486117 0.059728175 -0.021199457 -0.056521680 0.004055632 -0.198300749 0.021899806 0.979888141
1341846657.522092 0.019672558 -0.025968701 -0.081845179 0.007437833 -0.178002357 0.019165346 0.983815253
1341846657.554062 0.023731597 -0.024093166 -0.075243197 0.010204039 -0.171511203 0.019600628 0.984934270
1341846657.586078 0.061085824 -0.009309099 -0.061278909 0.011562741 -0.165041268 0.017839253 0.986057520
1341846657.622205 0.023297552 -0.027141988 -0.070463419 0.009469385 -0.145906031 0.012789639 0.989170492
1341846657.654161 0.021735810 -0.031216107 -0.074224427 0.010765325 -0.139130682 0.013352158 0.990125477
1341846657.686517 0.055386495 -0.014026002 -0.009836691 0.013072917 -0.132472232 0.011562749 0.991033018
1341846657.722061 0.028803632 -0.036936454 -0.059355889 0.012216369 -0.114360645 0.009144912 0.993322074
1341846657.754104 0.024275273 -0.026456671 -0.056759380 0.013917444 -0.105737314 0.007195342 0.994270623
1341846657.790066 0.083326936 -0.028359082 -0.073381782 0.009440288 -0.100812808 0.008014095 0.994828343
1341846657.822089 0.039813168 -0.055287097 -0.053449839 0.006449892 -0.075967208 0.004793775 0.997077942
1341846657.853972 0.047776498 -0.049594808 -0.079152033 0.010958883 -0.068343736 0.005948937 0.997583926
1341846657.889993 0.074189268 -0.033213932 -0.065963030 0.011451616 -0.060015820 0.006576310 0.998110056
1341846657.922046 0.044633579 -0.049037658 -0.034407374 0.010281452 -0.040613648 0.005740088 0.999105573
1341846657.954192 0.040939029 -0.032526091 -0.029193792 0.012790499 -0.032011405 0.007492834 0.999377549
1341846657.990141 0.057908304 -0.033495873 -0.027566224 0.009337704 -0.023567852 0.007950402 0.999647021
1341846658.022419 0.032673370 -0.046558376 -0.010599263 0.009693729 -0.011649032 0.008835692 0.999846101
1341846658.090215 0.038562063 -0.035586502 -0.021198088 0.012073856 0.002265746 0.008541969 0.999888062
1341846658.122355 0.025459794 -0.036702413 0.008945855 0.010364519 0.010780235 0.007271134 0.999861717
1341846658.158136 0.020562692 -0.031211613 -0.009184712 0.009794346 0.015371538 0.006705776 0.999811411
1341846658.190098 0.035322577 -0.036847614 -0.012758096 0.006591160 0.020052489 0.006760991 0.999754310
1341846658.226027 0.016843066 -0.046141706 0.005535592 0.007018345 0.027420381 0.005818232 0.999582410
1341846658.258133 0.020208152 -0.044352148 0.009226416 0.007829451 0.029434154 0.004853945 0.999524295
1341846658.290020 0.025668176 -0.041533239 0.017925734 0.007174815 0.032845456 0.001475397 0.999433577
1341846658.326239 0.011885958 -0.044083323 0.020051604 0.007231704 0.038061574 -0.002466638 0.999246180
1341846658.358248 0.003142514 -0.028874140 0.008867294 0.006100232 0.039191511 -0.005571249 0.999197543
1341846658.390215 0.015249086 -0.039963558 -0.003863598 0.000130976 0.037008587 -0.008306697 0.999280453
1341846658.426300 0.005715480 -0.051264223 0.006347812 -0.002911758 0.041810513 -0.011034848 0.999060392
1341846658.458168 -0.020325974 -0.048238296 0.010566026 -0.000855683 0.042489190 -0.009994298 0.999046564
1341846658.494176 -0.020518512 -0.018949639 0.010909419 -0.000337785 0.037900295 -0.007383011 0.999254227
1341846658.526214 -0.011872884 -0.026570290 0.012092439 -0.012215628 0.035235599 -0.008482303 0.999268353
1341846658.558129 -0.027486827 -0.009865728 0.011145836 -0.018631971 0.034933750 -0.008402213 0.999180615
1341846658.594206 -0.029520299 0.046486128 -0.004931766 -0.029080573 0.031601474 -0.009293048 0.999034226
1341846658.626105 -0.039657846 -0.009293905 0.018967770 -0.059872326 0.026433416 -0.011033194 0.997795045
1341846658.658181 -0.001537922 -0.018517215 0.004630549 -0.067053266 0.016427860 -0.004991793 0.997601688
1341846658.694141 -0.050930861 0.017017785 0.007081879 -0.070559725 0.024495589 -0.012038329 0.997134089
1341846658.726153 -0.059887581 -0.011075426 0.009180834 -0.091412954 0.022704711 -0.006399456 0.995533645
1341846658.762100 -0.034729481 -0.025717309 0.026204467 -0.097546183 0.011149089 -0.004048938 0.995160341
1341846658.794185 -0.009492658 -0.031283036 0.001206998 -0.102251232 0.007555747 -0.002530587 0.994726658
1341846658.826155 -0.006617423 -0.011601737 0.001894682 -0.109122097 0.009141338 -0.002428950 0.993983328
1341846658.862197 -0.034801632 -0.051775955 0.014480835 -0.123274110 0.010376669 -0.003357052 0.992312729
1341846658.894170 -0.003586426 -0.031440679 0.008100491 -0.121623330 0.006218733 -0.000537615 0.992556691
1341846658.962404 -0.037326042 -0.035494555 0.016820263 -0.137850761 0.017331306 0.001602188 0.990300059
1341846658.994217 -0.025878338 -0.050616991 0.021124749 -0.141946182 0.012909388 0.002522923 0.989786983
1341846659.030070 -0.015315621 -0.061204497 0.024380092 -0.141661212 0.012601512 -0.000450494 0.989834905
1341846659.062007 -0.025288591 -0.072073899 0.021657282 -0.139771685 0.013345083 0.000781421 0.990093529
1341846659.094100 -0.029959882 -0.043077894 0.017795349 -0.132533908 0.013365598 -0.000895273 0.991087914
1341846659.130368 -0.018647337 -0.049364984 0.017070713 -0.135376155 0.014579143 -0.002100060 0.990684748
1341846659.162537 -0.037608333 -0.060701493 0.018073799 -0.134152249 0.018714944 -0.002074680 0.990781844
1341846659.198696 -0.017300639 -0.056177132 0.013386585 -0.130816281 0.013536370 -0.001546052 0.991312981
1341846659.231286 0.002131438 -0.036827080 0.010762053 -0.128204972 0.014465773 -0.003981345 0.991634190
1341846659.263549 -0.022530112 -0.049541138 0.018016361 -0.131155789 0.020324647 -0.000826279 0.991153061
1341846659.298797 -0.015619774 -0.045002211 0.011355503 -0.130406231 0.017305868 -0.000115021 0.991309583
1341846659.331074 -0.006091126 -0.050397906 0.012956684 -0.133018568 0.017863704 0.000023102 0.990952551
1341846659.362420 -0.007799532 -0.053250317 0.014356425 -0.133465290 0.020433249 0.001225499 0.990842044
1341846659.398303 -0.022963461 -0.062841661 0.015964299 -0.132739872 0.022355579 0.003177878 0.990893662
1341846659.430262 -0.007409493 -0.049841177 0.010868302 -0.130355462 0.019440176 0.002916447 0.991272449
1341846659.466583 -0.020438168 -0.055871263 0.015907044 -0.132414430 0.024701416 0.002508175 0.990883410
1341846659.498531 -0.030562205 -0.063575394 0.014210090 -0.131918281 0.025792984 0.004587591 0.990914345
1341846659.530267 -0.021628251 -0.057262789 0.010272684 -0.128780603 0.022901278 0.003716063 0.991401672
1341846659.566571 -0.016100649 -0.044720639 0.010830227 -0.125666857 0.024855472 0.003154703 0.991756022
1341846659.598122 -0.022964554 -0.066222861 0.012145988 -0.128121749 0.028129641 0.004272338 0.991350234
1341846659.630209 -0.031324316 -0.061273601 0.008013293 -0.124363020 0.026796302 0.004661053 0.991863966
1341846659.666409 -0.028150097 -0.048266724 0.003408562 -0.122245759 0.026111467 0.002499299 0.992153168
1341846659.698237 -0.023349540 -0.080847003 0.011209551 -0.129614830 0.025872307 0.002904818 0.991222560
1341846659.734169 -0.040281035 -0.064766042 0.006327081 -0.125352591 0.023094798 0.002816263 0.991839409
1341846659.766421 -0.015894564 -0.047983900 0.013572667 -0.122691005 0.015811682 -0.000946894 0.992318511
1341846659.798087 -0.025104126 -0.065579608 0.009031332 -0.125652358 0.018343374 -0.001488206 0.991903603
1341846659.834075 -0.045057870 -0.074541770 0.003857838 -0.125478998 0.018317407 -0.000303703 0.991927147
1341846659.866481 -0.036880258 -0.059066761 0.005171316 -0.122076958 0.012660178 -0.000824066 0.992439568
1341846659.898128 -0.036510382 -0.073458448 0.004656812 -0.124485843 0.011738550 0.000513228 0.992151797
1341846659.934286 -0.037951227 -0.068125933 0.003700094 -0.120262198 0.009647822 0.001859273 0.992693543
1341846659.966354 -0.036937535 -0.064046510 0.004004356 -0.117322534 0.005152405 0.001078046 0.993079901
1341846660.002267 -0.030121561 -0.050371084 0.004743011 -0.114028864 0.002437886 -0.001139435 0.993473828
1341846660.034581 -0.039437987 -0.061968230 0.003697302 -0.114034630 0.003726987 -0.002706550 0.993466079
1341846660.066206 -0.038069919 -0.067093484 0.000730428 -0.110706918 -0.001826702 -0.001496585 0.993850291
1341846660.102245 -0.029425748 -0.055212542 0.003414855 -0.105112351 -0.006354852 -0.004016322 0.994431973
1341846660.140244 -0.028857421 -0.056122854 -0.002310794 -0.104481198 -0.005439137 -0.004936637 0.994499743
1341846660.202316 -0.036624245 -0.062759779 -0.002132460 -0.100958265 -0.011477251 -0.005413102 0.994809747
1341846660.234105 -0.031109728 -0.063153580 -0.001862421 -0.097939841 -0.011384500 -0.005908659 0.995109677
1341846660.270168 -0.045496207 -0.101514533 -0.013446756 -0.096651524 -0.009541198 -0.005355910 0.995258152
1341846660.302258 -0.048964180 -0.098726138 -0.009027189 -0.081942186 -0.014119890 -0.005905197 0.996519566
1341846660.334349 -0.035374198 -0.087835610 -0.010071825 -0.069452360 -0.016621113 -0.006785011 0.997423708
1341846660.370214 -0.042019285 -0.082511619 -0.014773969 -0.064455070 -0.014391907 -0.007929008 0.997785330
1341846660.401986 -0.042748149 -0.073800109 -0.019308988 -0.063016534 -0.016726352 -0.009239302 0.997829556
1341846660.438062 -0.036128160 -0.074439816 -0.011590241 -0.062148180 -0.018793024 -0.010362810 0.997836173
1341846660.470191 -0.039791729 -0.077805348 -0.011725098 -0.059655502 -0.018093038 -0.010076908 0.998004198
1341846660.502233 -0.045801356 -0.072193444 -0.014120346 -0.056894321 -0.019596115 -0.009191439 0.998145521
1341846660.537985 -0.037364844 -0.065612711 -0.014103306 -0.056125179 -0.021161789 -0.009427838 0.998154938
1341846660.570279 -0.037337523 -0.079019487 -0.012998778 -0.056935098 -0.019834133 -0.006561413 0.998159289
1341846660.602130 -0.045546785 -0.080844559 -0.022419700 -0.052960504 -0.021243926 -0.003303690 0.998365104
1341846660.638256 -0.030154599 -0.064287901 -0.022223298 -0.049971145 -0.025298595 -0.003848650 0.998422801
1341846660.670338 -0.023199786 -0.071312994 -0.016737211 -0.051883057 -0.022714784 -0.002855618 0.998390675
1341846660.706457 -0.039793752 -0.094393745 -0.023300780 -0.050013676 -0.018953383 0.000431294 0.998568594
1341846660.738241 -0.032151338 -0.079098724 -0.020748064 -0.041693214 -0.021690486 0.002882899 0.998890817
1341846660.770121 -0.018581450 -0.074448273 -0.020901598 -0.039000478 -0.019692536 0.002902925 0.999040902
1341846660.806117 -0.026092468 -0.091900356 -0.024654264 -0.036625702 -0.013865950 0.003031782 0.999228239
1341846660.838338 -0.033773616 -0.099123441 -0.027617868 -0.028025853 -0.013646221 0.006063228 0.999495625
1341846660.870203 -0.018392043 -0.086867489 -0.022740517 -0.019053450 -0.014513121 0.005877941 0.999695837
1341846660.906366 -0.017223876 -0.094010517 -0.028081661 -0.014905495 -0.008696610 0.005361595 0.999836743
1341846660.938063 -0.035683203 -0.113918141 -0.028519066 -0.006918262 -0.005360205 0.005940323 0.999944031
1341846660.974147 -0.024059955 -0.094979011 -0.028603857 0.007174757 -0.007221937 0.006858283 0.999924660
1341846661.006234 -0.022881880 -0.081378914 -0.022501945 0.012011361 -0.003581892 0.006585437 0.999899745
1341846661.038225 -0.031329881 -0.108405061 -0.031965483 0.012205845 -0.001894875 0.008716459 0.999885738
1341846661.074059 -0.030630933 -0.108003817 -0.032622337 0.025029276 -0.004172170 0.008392369 0.999642789
1341846661.106184 -0.020913443 -0.084115081 -0.027672792 0.034691982 -0.003820257 0.008258295 0.999356627
1341846661.138209 -0.040391929 -0.068913274 -0.015506342 0.034576811 -0.000396068 0.006505912 0.999380827
1341846661.174244 -0.030582091 -0.086970098 -0.010784831 0.033183984 -0.001486791 0.006753971 0.999425352
1341846661.206205 -0.031886045 -0.080490805 -0.009103933 0.037566893 -0.000754577 0.007164054 0.999268174
1341846661.242184 -0.033604316 -0.075437345 -0.013384971 0.039084084 -0.000499509 0.007595488 0.999206960
1341846661.274177 -0.028622722 -0.069118485 -0.014217718 0.038322091 -0.000171559 0.006945407 0.999241292
1341846661.308814 -0.032823123 -0.073600650 -0.015708644 0.036197104 -0.000024557 0.006752431 0.999321878
1341846661.342489 -0.033380818 -0.071265846 -0.013496295 0.036112841 -0.000978694 0.006024029 0.999329090
1341846661.374640 -0.032483190 -0.078481421 -0.012741842 0.034318462 -0.000810407 0.005123753 0.999397516
1341846661.410178 -0.031794950 -0.101218119 -0.033754922 0.035814490 -0.002660877 0.006773730 0.999331951
1341846661.442211 -0.024352584 -0.086244002 -0.032882299 0.040933806 -0.005133846 0.006481669 0.999127626
1341846661.474354 -0.026972044 -0.081353284 -0.033759866 0.040124729 -0.003267301 0.005163417 0.999175966
1341846661.510169 -0.035520151 -0.078714997 -0.041358747 0.038736165 -0.004300125 0.004958887 0.999227881
1341846661.542767 -0.026280673 -0.071006000 -0.047369238 0.034563780 -0.006548543 0.001603278 0.999379754
1341846661.574217 -0.030400701 -0.090257004 -0.037647441 0.030080982 -0.004913290 0.001753178 0.999533832
1341846661.610041 -0.042472098 -0.088770464 -0.039236739 0.033176292 -0.006810216 0.002553905 0.999423027
1341846661.642253 -0.031381283 -0.075238883 -0.041990161 0.034146536 -0.008782869 0.002340911 0.999375522
1341846661.678078 -0.037563376 -0.084799074 -0.039329134 0.031722788 -0.008035900 0.002932710 0.999460101
1341846661.710142 -0.036287349 -0.097558081 -0.036847487 0.034366067 -0.010480938 0.005233448 0.999340653
1341846661.742341 -0.033839501 -0.104801305 -0.039529610 0.041744798 -0.012216478 0.003235071 0.999048352
1341846661.778063 -0.031997424 -0.100253440 -0.039711218 0.051528413 -0.011777573 0.001816030 0.998600423
1341846661.810103 -0.032917671 -0.097293593 -0.039197035 0.058912341 -0.011296459 0.000749133 0.998198986
1341846661.842216 -0.033754528 -0.094643459 -0.037177697 0.067220852 -0.011607992 -0.000638658 0.997670412
1341846661.878157 -0.031213148 -0.096000947 -0.045320712 0.070754364 -0.010448777 -0.002217033 0.997436583
1341846661.910222 -0.033732671 -0.092006393 -0.037634604 0.072661906 -0.007568613 -0.003208101 0.997322738
1341846661.946090 -0.038918775 -0.099199511 -0.037576560 0.075019255 -0.006857749 -0.004565917 0.997148037
1341846662.010311 -0.040378198 -0.104665533 -0.038390204 0.089734949 -0.006223732 -0.006451392 0.995925307
1341846662.046195 -0.042424742 -0.100281887 -0.033048041 0.098763570 -0.007944291 -0.006999081 0.995054543
1341846662.078099 -0.034687061 -0.103721038 -0.043476004 0.103988007 -0.009115564 -0.007553437 0.994508088
1341846662.110672 -0.037020307 -0.115965292 -0.041732155 0.109662764 -0.006724399 -0.008185066 0.993912399
1341846662.146166 -0.040256094 -0.111188062 -0.044351239 0.117966041 -0.008023000 -0.006475463 0.992964089
1341846662.178168 -0.036327194 -0.112112671 -0.042274058 0.125487521 -0.008654376 -0.005454224 0.992042482
1341846662.214136 -0.039882228 -0.109318443 -0.043548163 0.138266072 -0.006436776 -0.004757478 0.990362763
1341846662.246167 -0.039622996 -0.109390505 -0.042895444 0.147772208 -0.008024697 -0.000435879 0.988988757
1341846662.278007 -0.030133614 -0.106164508 -0.047642790 0.152476639 -0.008062032 -0.002095211 0.988271952
1341846662.314144 -0.034700885 -0.105308406 -0.044441685 0.157826066 -0.005558839 -0.002300646 0.987448573
1341846662.346164 -0.040673353 -0.104127489 -0.044510633 0.162462682 -0.006828920 -0.002527676 0.986687839
1341846662.378069 -0.032894377 -0.114862263 -0.048440665 0.167541176 -0.007327337 -0.000886628 0.985837460
1341846662.414229 -0.035634473 -0.111855142 -0.048872493 0.174768239 -0.005591459 0.000174222 0.984593689
1341846662.446102 -0.037058294 -0.114285089 -0.051240359 0.180743143 -0.007115179 0.001556795 0.983503342
1341846662.482229 -0.036813255 -0.110008493 -0.042432729 0.190335393 -0.007744276 0.000755385 0.981688321
1341846662.514117 -0.048435386 -0.114021488 -0.030107331 0.199310139 -0.006120742 0.001872264 0.979915559
1341846662.546261 -0.040413495 -0.107569158 -0.045245823 0.206640631 -0.006369119 0.002769311 0.978392243
1341846662.582101 -0.037228663 -0.095382921 -0.031939410 0.210359067 -0.005555912 0.001615662 0.977607012
1341846662.620264 -0.040336091 -0.116725214 -0.045830831 0.212001979 -0.003853821 0.003164882 0.977256477
1341846662.682024 -0.035502519 -0.097179957 -0.030581132 0.221873641 -0.005556842 0.002963683 0.975055099
1341846662.714075 -0.039466895 -0.111179031 -0.044915415 0.222741276 -0.003785494 0.002239821 0.974867642
1341846662.750127 -0.043166991 -0.114434317 -0.070341013 0.227328598 -0.004344764 0.004411115 0.973798394
1341846662.782002 -0.043267947 -0.104134567 -0.072778650 0.230208412 -0.004403966 0.003101665 0.973126411
1341846662.814097 -0.056854565 -0.099506691 -0.077610113 0.227187380 -0.004362167 0.004224619 0.973832130
1341846662.850193 -0.043108165 -0.116705775 -0.066975243 0.227986678 -0.006216800 0.003390212 0.973638475
1341846662.882162 -0.039453283 -0.107342288 -0.073108234 0.230395824 -0.007100869 0.004616378 0.973060131
1341846662.918191 -0.042454489 -0.094891831 -0.089942858 0.229653791 -0.007827033 0.003184307 0.973235726
1341846662.956034 -0.042683713 -0.100401133 -0.078325279 0.229641721 -0.007768759 0.003791332 0.973236859
1341846663.018208 -0.040728252 -0.089907803 -0.069985263 0.235267922 -0.011829981 0.005080082 0.971845269
1341846663.049994 -0.038801990 -0.088234007 -0.071932979 0.234477371 -0.011989969 0.003249435 0.972042203
1341846663.118078 -0.042893972 -0.090006649 -0.064211339 0.237089276 -0.011619903 0.001858006 0.971416593
1341846663.150227 -0.039610866 -0.094209053 -0.063356891 0.238030389 -0.010804036 0.000433769 0.971197486
1341846663.186300 -0.041064121 -0.091127172 -0.071232781 0.236962423 -0.010178475 -0.000086954 0.971465468
1341846663.218442 -0.040001933 -0.086757392 -0.072404273 0.233121365 -0.010315267 -0.000144730 0.972392917
1341846663.250380 -0.040319357 -0.099495873 -0.070659563 0.226650119 -0.009890681 -0.001477100 0.973924875
1341846663.286056 -0.041658569 -0.083461121 -0.069312163 0.222616300 -0.009628512 -0.000998233 0.974858046
1341846663.318060 -0.040555365 -0.069823563 -0.054181769 0.214365885 -0.011597930 -0.000407147 0.976684451
1341846663.350114 -0.039346434 -0.075690657 -0.042124748 0.202828348 -0.012631846 0.002855719 0.979128659
1341846663.385985 -0.045574781 -0.074075826 -0.040268272 0.195237324 -0.012517905 0.001985688 0.980674148
1341846663.418056 -0.047589812 -0.072110526 -0.050676428 0.190244302 -0.015162840 0.001799656 0.981618047
1341846663.454044 -0.043825649 -0.068704240 -0.031520806 0.182430848 -0.016390335 0.003416150 0.983076096
1341846663.486091 -0.041791603 -0.062720485 -0.039302383 0.176204324 -0.017127568 0.004092237 0.984196067
1341846663.518394 -0.043057308 -0.067673028 -0.031807162 0.167358652 -0.019037796 0.006563224 0.985690415
1341846663.554251 -0.038207851 -0.066364907 -0.031756297 0.161641240 -0.019368950 0.005815865 0.986642361
1341846663.586143 -0.043709092 -0.064552166 -0.037366927 0.153458670 -0.019232366 0.006363994 0.987947404
1341846663.622145 -0.050292931 -0.074125960 -0.033353150 0.145738348 -0.020343065 0.004818711 0.989102244
1341846663.654099 -0.044868492 -0.074601509 -0.037796699 0.139734536 -0.021582479 0.004292583 0.989944458
1341846663.686099 -0.040467475 -0.067706607 -0.039686095 0.129827052 -0.021942653 0.005062545 0.991280913
1341846663.722109 -0.045735184 -0.072796293 -0.034570213 0.122092947 -0.021913158 0.004179626 0.992267907
1341846663.755694 -0.041184872 -0.065000877 -0.033568174 0.118192941 -0.021083912 0.003786930 0.992759526
1341846663.786304 -0.043234508 -0.014405219 -0.028336555 0.110912807 -0.018964576 0.003546327 0.993642807
1341846663.822090 -0.050858531 -0.041865841 -0.030368086 0.089157693 -0.017490171 0.001090765 0.995863378
1341846663.854115 -0.043245640 -0.065222256 -0.027814783 0.079625361 -0.018239234 0.000923332 0.996657550
1341846663.890140 -0.036601312 -0.019138254 -0.029745445 0.076720461 -0.016969508 0.001188781 0.996907532
1341846663.921987 -0.045399450 0.003015847 -0.036501747 0.058984991 -0.014022211 -0.003234874 0.998155117
1341846663.954282 -0.044721376 -0.031454977 -0.037610471 0.039569665 -0.013337169 -0.004317611 0.999118447
1341846663.990370 -0.034746982 -0.022869557 -0.035096727 0.031769227 -0.011830228 -0.005304550 0.999411106
1341846664.022124 -0.045479644 0.002420575 -0.035314474 0.021719506 -0.007752788 -0.006370157 0.999713719
1341846664.054171 -0.039828148 -0.015610859 -0.039528701 0.003646660 -0.007415342 -0.008516228 0.999929547
1341846664.090250 -0.045382969 -0.043925192 -0.022555867 -0.010523336 -0.004982637 -0.007955967 0.999900579
1341846664.122237 -0.048246674 -0.049605384 -0.021778423 -0.016853912 -0.004103444 -0.007973226 0.999817729
1341846664.158241 -0.052597016 -0.038858783 -0.028090494 -0.020926762 -0.004332011 -0.008616183 0.999734521
1341846664.190141 -0.036445122 -0.039827198 -0.028692685 -0.030802080 -0.006163009 -0.008452090 0.999470770
1341846664.222189 -0.048871703 -0.047797177 -0.022903070 -0.040326472 -0.002979529 -0.009823813 0.999133825
1341846664.258172 -0.048156518 -0.049282972 -0.025173405 -0.045109376 -0.003701292 -0.008939708 0.998935223
1341846664.290022 -0.039813865 -0.037868239 -0.029326459 -0.050039317 -0.003021796 -0.009202449 0.998700321
1341846664.322491 -0.045840137 -0.031308841 -0.025525728 -0.058792096 -0.000266904 -0.010647952 0.998213410
1341846664.358302 -0.044767667 -0.042900290 -0.034200694 -0.068682611 -0.000381501 -0.010402689 0.997584224
1341846664.390101 -0.038537033 -0.042868402 -0.034599300 -0.076059252 -0.001252279 -0.011549925 0.997035623
1341846664.426143 -0.043961991 -0.034089759 -0.035254456 -0.083331682 0.000944328 -0.012474442 0.996443331
1341846664.458304 -0.038895808 -0.042472497 -0.035253733 -0.093000636 0.000525337 -0.011287319 0.995601952
1341846664.490116 -0.032583587 -0.041236788 -0.032924939 -0.102346659 0.001314755 -0.012498210 0.994669378
1341846664.526173 -0.054305717 -0.041183610 -0.035754602 -0.110977262 0.005958545 -0.012569628 0.993725598
1341846664.558129 -0.045624536 -0.027666021 -0.035303511 -0.116073623 0.004170127 -0.012705182 0.993150592
1341846664.590129 -0.045368664 -0.033699337 -0.033479653 -0.124480762 0.006748019 -0.012864677 0.992115676
1341846664.626196 -0.050600275 -0.051744726 -0.029197369 -0.130650595 0.009686568 -0.011163164 0.991318285
1341846664.658276 -0.050195381 -0.063867092 -0.028068017 -0.129549339 0.008806447 -0.009899042 0.991484404
1341846664.694136 -0.041333064 -0.025844319 -0.031635359 -0.121861838 0.007775772 -0.011855033 0.992445827
1341846664.726667 -0.051029097 -0.035803873 -0.032092944 -0.127130419 0.012950483 -0.012732312 0.991719723
1341846664.758141 -0.062264495 -0.038895506 -0.032153741 -0.129022509 0.014777628 -0.012310324 0.991455138
1341846664.794104 -0.043848921 -0.030933151 -0.032068923 -0.128401160 0.010008363 -0.012534189 0.991592586
1341846664.826123 -0.052164316 -0.043999441 -0.030968647 -0.133341938 0.012962367 -0.011907118 0.990913808
1341846664.862093 -0.056029800 -0.036766723 -0.029856322 -0.133085698 0.012377509 -0.009006048 0.990986347
1341846664.894198 -0.048568904 -0.029059201 -0.032219432 -0.132546738 0.010515089 -0.008559633 0.991084039
1341846664.926270 -0.049231585 -0.036949173 -0.032178201 -0.135579914 0.013729785 -0.009001225 0.990630388
1341846664.962375 -0.062793225 -0.031959470 -0.037596829 -0.136572093 0.016363921 -0.008900895 0.990454972
1341846664.997077 -0.052022353 -0.025029896 -0.035759762 -0.137823969 0.014587249 -0.010175344 0.990297019
1341846665.026380 -0.049037289 -0.026818093 -0.036027711 -0.140660986 0.015305712 -0.011338356 0.989874601
1341846665.062417 -0.053339947 -0.037485637 -0.033473119 -0.144024670 0.016021701 -0.010643505 0.989387155
1341846665.094077 -0.043227810 -0.024117876 -0.036722757 -0.144047022 0.013719022 -0.010717115 0.989417672
1341846665.130160 -0.035902835 -0.041228317 -0.035415180 -0.152147502 0.015541818 -0.009950885 0.988185465
1341846665.162114 -0.066517584 -0.032212559 -0.036295138 -0.154387534 0.020481339 -0.009351698 0.987753808
1341846665.194100 -0.049420938 -0.028781852 -0.035585213 -0.156112537 0.016066352 -0.008930529 0.987568200
1341846665.230221 -0.037134252 -0.022352215 -0.045342885 -0.160427362 0.016541785 -0.008050474 0.986876190
1341846665.262005 -0.065225028 -0.016941741 -0.044006854 -0.168950856 0.022659082 -0.010592958 0.985307038
1341846665.300077 -0.053412251 -0.026492637 -0.043531999 -0.178899825 0.020517098 -0.009408568 0.983608365
1341846665.362294 -0.064823866 -0.023032185 -0.041836586 -0.187945977 0.027086817 -0.010844436 0.981745899
1341846665.398079 -0.053241182 -0.006703504 -0.046625804 -0.187813476 0.022214828 -0.010013695 0.981902361
1341846665.430162 -0.045449961 -0.028361645 -0.048872083 -0.200867176 0.022544987 -0.012701773 0.979276597
1341846665.462226 -0.039713621 -0.025553796 -0.047072940 -0.211089045 0.025544453 -0.011724667 0.977062643
1341846665.498226 -0.066555329 -0.027925909 -0.042561203 -0.217339724 0.028626125 -0.011306393 0.975610614
1341846665.530109 -0.057545088 -0.034162272 -0.040340967 -0.219446093 0.026539549 -0.011819710 0.975191951
1341846665.562222 -0.056564581 -0.033355795 -0.046258997 -0.220009729 0.028064484 -0.011538827 0.975025594
1341846665.598196 -0.071944885 -0.028412323 -0.042967230 -0.220876694 0.029665180 -0.011495681 0.974782705
1341846665.630107 -0.041642286 -0.021783436 -0.044793405 -0.222886413 0.024648242 -0.012392307 0.974453986
1341846665.666289 -0.037129208 -0.030322511 -0.044157587 -0.228842288 0.026280027 -0.011975870 0.973034978
1341846665.698060 -0.066724323 -0.026206812 -0.051934700 -0.231048003 0.030456429 -0.011535251 0.972397149
1341846665.730361 -0.054644156 -0.030032439 -0.049607012 -0.234359980 0.027761742 -0.012253308 0.971676111
1341846665.766193 -0.045626029 -0.029780006 -0.053594068 -0.238182545 0.028413020 -0.012040069 0.970730007
1341846665.798338 -0.061120335 -0.013928557 -0.072500132 -0.237865895 0.031989247 -0.010369706 0.970715702
1341846665.834237 -0.062547401 -0.012182593 -0.078340180 -0.241189182 0.032448310 -0.010789818 0.969875455
1341846665.866106 -0.061627373 -0.006840140 -0.080619723 -0.246196106 0.034995072 -0.011325448 0.968521833
1341846665.898073 -0.054455668 -0.007343777 -0.081911698 -0.253639579 0.036914747 -0.010202166 0.966540337
1341846665.934076 -0.055882290 -0.012271876 -0.082780316 -0.259490848 0.035997175 -0.009186379 0.965030730
1341846665.966137 -0.060518723 -0.015252423 -0.081243984 -0.264442742 0.037201867 -0.008715348 0.963644147
1341846665.998149 -0.064667672 -0.015023854 -0.080124974 -0.268616706 0.041458253 -0.008005977 0.962321281
1341846666.034210 -0.050043359 -0.003014322 -0.083273262 -0.266361147 0.037637997 -0.005488041 0.963122547
1341846666.072502 -0.063683592 -0.004626457 -0.083239287 -0.268185943 0.039924853 -0.005009077 0.962526441
1341846666.134147 -0.055789150 -0.002198022 -0.087875888 -0.275673181 0.041166142 -0.004430110 0.960359335
1341846666.166356 -0.071351267 -0.000034906 -0.088632464 -0.276531219 0.042834293 -0.004757841 0.960038066
1341846666.202327 -0.064813972 -0.009390131 -0.085618392 -0.280863196 0.043886375 -0.005813124 0.958726287
1341846666.234319 -0.058300786 -0.007386986 -0.086327314 -0.283196986 0.041238874 -0.005239130 0.958160400
1341846666.266322 -0.061720069 -0.029388031 -0.082551531 -0.292468965 0.039356504 -0.004521206 0.955454111
1341846666.302195 -0.075765558 -0.064494237 -0.070637919 -0.309849679 0.044859082 -0.002715186 0.949722826
1341846666.335080 -0.069721229 -0.009271685 -0.088723101 -0.310412198 0.043430209 -0.005156203 0.949595451
1341846666.370216 -0.068147413 -0.001861241 -0.089684531 -0.315271467 0.040167041 -0.003072982 0.948146164
1341846666.402019 -0.053300340 0.022195138 -0.098971784 -0.316792250 0.038199622 -0.000886193 0.947724998
1341846666.434088 -0.070813134 -0.003777627 -0.089452982 -0.327522337 0.042748030 0.000168456 0.943875909
1341846666.470060 -0.072306789 0.007356293 -0.093047023 -0.327070266 0.040581509 0.004804370 0.944116056
1341846666.502190 -0.072833419 -0.013600111 -0.083984822 -0.336841762 0.041633461 0.007281469 0.940612197
1341846666.534121 -0.078121044 -0.015010279 -0.084133804 -0.347662926 0.045596920 0.007662840 0.936478853
1341846666.570131 -0.069055863 -0.012214378 -0.087024048 -0.354713142 0.043659147 0.009213589 0.933909833
1341846666.602180 -0.072406732 -0.006061204 -0.095738754 -0.359073550 0.043717634 0.009384314 0.932237566
1341846666.638072 -0.070696250 0.031120993 -0.105091497 -0.358948976 0.044668175 0.011176196 0.932220697
1341846666.670134 -0.070459716 0.009486660 -0.094966754 -0.366222292 0.043174092 0.014380071 0.929414034
1341846666.738266 -0.069456771 0.022812948 -0.101638965 -0.368495494 0.040540978 0.013988288 0.928639770
1341846666.770390 -0.064511754 0.021744411 -0.098928072 -0.371281385 0.037744064 0.016374391 0.927608430
1341846666.802119 -0.073732488 0.019770268 -0.105107740 -0.372462958 0.036566906 0.019283099 0.927125871
1341846666.838108 -0.073841289 0.028111763 -0.110054925 -0.372561991 0.035625719 0.021398015 0.927076340
1341846666.870483 -0.033926737 0.039919216 -0.103320494 -0.374256611 0.027586589 0.023013055 0.926629007
1341846666.906019 -0.043910928 0.041700564 -0.108017936 -0.376574010 0.028546849 0.022778677 0.925666332
1341846666.937989 -0.039110869 0.048339345 -0.115950301 -0.378055632 0.025778765 0.021652156 0.925170541
1341846666.970036 -0.132345438 0.013438128 -0.128637552 -0.385821760 0.043723546 0.019636584 0.921327412
1341846667.006200 -0.056017831 0.025820367 -0.108970538 -0.388791382 0.028681023 0.020464996 0.920651853
1341846667.038153 -0.070760392 0.025297306 -0.121131942 -0.390453309 0.027616723 0.020067850 0.919989586
1341846667.074153 -0.014468806 0.074206635 -0.128289908 -0.388462424 0.015372354 0.017649721 0.921167254
1341846667.106156 -0.032463439 0.034552477 -0.113062397 -0.402594268 0.020702718 0.015608537 0.915011287
1341846667.138108 -0.053734355 0.052229624 -0.130296096 -0.397630632 0.020629341 0.014118329 0.917204976
1341846667.174105 0.329479188 0.263591558 -0.099119164 -0.362677872 -0.057515420 0.013505806 0.930039942
1341846667.206107 0.232819661 0.177610680 -0.108284354 -0.375911355 -0.034222219 0.012668283 0.925936818
1341846667.238075 0.144013569 0.132717103 -0.125744373 -0.377677470 -0.016674932 0.008909295 0.925744176
1341846667.274016 -0.082555480 0.037851173 -0.140897661 -0.384591788 0.026028121 0.000759334 0.922719419
1341846667.306189 -0.099282928 -0.058615703 -0.096527144 -0.394363284 0.031298123 -0.008469689 0.918382406
1341846667.342253 -0.132676482 0.084379286 -0.177281439 -0.351711929 0.034786627 -0.002922000 0.935457110
1341846667.374345 -0.105224982 0.025540940 -0.152185172 -0.354839712 0.027908670 -0.003627046 0.934503436
1341846667.406982 -0.097529188 -0.049230415 -0.107719138 -0.363075048 0.028248983 -0.014872272 0.931212842
1341846667.442109 -0.129155070 -0.070939548 -0.110940255 -0.354677737 0.033010639 -0.015525142 0.934276700
1341846667.474109 -0.108805120 -0.031270195 -0.117530629 -0.334751487 0.026888285 -0.017770214 0.941755116
1341846667.506006 -0.144388497 -0.015312836 -0.146439314 -0.317985356 0.034768581 -0.021452310 0.947215021
1341846667.542298 -0.176364437 -0.126810730 -0.095088474 -0.326540947 0.037277970 -0.019598385 0.944244266
1341846667.574196 -0.150605291 -0.093104832 -0.115566552 -0.303942651 0.030211344 -0.021872122 0.951959968
1341846667.610099 -0.167789355 -0.049474858 -0.140057564 -0.284370154 0.035268646 -0.024319099 0.957756937
1341846667.642293 -0.135975227 0.036206499 -0.169284999 -0.260737062 0.030030686 -0.019115616 0.964753270
1341846667.674072 -0.145746320 0.049004868 -0.179226592 -0.254974961 0.031556323 -0.018552072 0.966254532
1341846667.710179 -0.142757609 0.035449386 -0.174152032 -0.257019818 0.034152638 -0.020348033 0.965588093
1341846667.742255 -0.132566392 0.041947648 -0.177100554 -0.250795364 0.033035390 -0.020168755 0.967266023
1341846667.774114 -0.145776272 0.020002984 -0.168660998 -0.247754037 0.033733804 -0.019940794 0.968030155
1341846667.810099 -0.144067734 0.006306320 -0.163844436 -0.246655047 0.036740314 -0.022273460 0.968150496
1341846667.842103 -0.159378156 0.003980197 -0.153736711 -0.242805436 0.041098289 -0.024609832 0.968891501
1341846667.878139 -0.123161785 0.012389809 -0.157044932 -0.231891006 0.033514809 -0.022978945 0.971892655
1341846667.910558 -0.157260358 0.002327032 -0.154934496 -0.228087887 0.042609878 -0.025862388 0.972363830
1341846667.942116 -0.157806367 0.003396563 -0.151181251 -0.222758576 0.045998450 -0.026842250 0.973417819
1341846667.978287 -0.163557798 -0.011041235 -0.147234082 -0.218197629 0.046289045 -0.023982411 0.974511147
1341846668.010215 -0.151310936 -0.025147993 -0.142054066 -0.213369474 0.047008455 -0.025043625 0.975518584
1341846668.046247 -0.163502663 -0.016982824 -0.140850022 -0.203002065 0.052297357 -0.026929807 0.977409780
1341846668.078111 -0.162801281 -0.009278350 -0.144306302 -0.192166582 0.052340776 -0.023821903 0.979675949
1341846668.110130 -0.160045162 -0.013724659 -0.139358148 -0.185988262 0.054476477 -0.024411267 0.980736852
1341846668.146332 -0.170045868 -0.020067565 -0.135066077 -0.179978162 0.058961950 -0.026586045 0.981541932
1341846668.178208 -0.165817887 -0.004379768 -0.138872772 -0.164947927 0.055955078 -0.021590907 0.984477043
1341846668.211262 -0.161562726 -0.019250941 -0.128155380 -0.156073257 0.055114299 -0.024618044 0.985899329
1341846668.246163 -0.164955243 -0.012716651 -0.131106585 -0.142027959 0.056685001 -0.021498149 0.988004386
1341846668.278397 -0.164221928 -0.036980968 -0.126841784 -0.134235173 0.054384384 -0.018112434 0.989290237
1341846668.314248 -0.159801722 -0.019781791 -0.126398057 -0.121318601 0.053362578 -0.020163650 0.990973115
1341846668.346231 -0.172126472 -0.017507367 -0.129761398 -0.114322975 0.057288479 -0.019102870 0.991606474
1341846668.378099 -0.171806753 -0.013441388 -0.126051396 -0.108098879 0.055988315 -0.016590521 0.992423654
1341846668.414247 -0.175309330 -0.015806079 -0.123544797 -0.102245845 0.057134099 -0.017433034 0.992964029
1341846668.445965 -0.186413080 -0.035084475 -0.116809011 -0.098041303 0.059519187 -0.013507267 0.993309081
1341846668.478153 -0.185609281 -0.084539145 -0.116746500 -0.087364927 0.055212155 -0.008855375 0.994605780
1341846668.514213 -0.157758951 -0.045504976 -0.130294248 -0.065124214 0.050514374 -0.011340575 0.996533275
1341846668.546115 -0.168089628 -0.023263438 -0.127421662 -0.055121545 0.052542806 -0.014342388 0.996993065
1341846668.582467 -0.158613384 -0.053983763 -0.129100531 -0.053581152 0.049879063 -0.014088349 0.997217476
1341846668.614140 -0.164282978 -0.062286001 -0.128469542 -0.041007753 0.051718097 -0.015693383 0.997695982
1341846668.646312 -0.156068370 -0.033540882 -0.130905673 -0.023937138 0.049163099 -0.016792500 0.998362660
1341846668.682455 -0.166542411 -0.041012559 -0.128930971 -0.018561874 0.048293628 -0.018923923 0.998481393
1341846668.714133 -0.169897094 -0.061590023 -0.130360782 -0.009028413 0.045797002 -0.018079543 0.998746336
1341846668.746132 -0.164630190 -0.028444827 -0.133527398 0.004847078 0.042765621 -0.019974092 0.998873711
1341846668.782338 -0.159160897 -0.007388492 -0.142981723 0.007097708 0.041613512 -0.021113181 0.998885453
1341846668.814140 -0.159509048 -0.019300757 -0.137118116 0.003702772 0.042115573 -0.021528162 0.998873949
1341846668.850214 -0.174919426 -0.004578645 -0.129310787 0.005970093 0.043043934 -0.022531901 0.998801231
1341846668.882442 -0.170185775 0.001780493 -0.131031796 0.004232971 0.041164864 -0.024065908 0.998853505
1341846668.914289 -0.174484909 -0.008559123 -0.129855752 0.001930951 0.040627092 -0.026101854 0.998831511
1341846668.950088 -0.180045754 -0.007375466 -0.133165717 0.003554429 0.037570667 -0.029267259 0.998858929
1341846668.982227 -0.167695433 0.014508897 -0.138376802 0.003131709 0.032859992 -0.031225050 0.998967171
1341846669.014062 -0.170896068 0.011748876 -0.136732608 -0.005772173 0.031947486 -0.038804252 0.998719335
1341846669.050056 -0.180544987 0.012001315 -0.131447911 -0.010090063 0.029320542 -0.043700777 0.998563349
1341846669.082525 -0.170815602 0.017126881 -0.133880720 -0.013854673 0.024036743 -0.049252346 0.998400986
1341846669.118346 -0.175653175 0.029444464 -0.138133213 -0.022535669 0.023664342 -0.061597090 0.997565985
1341846669.150086 -0.178798869 0.011644357 -0.137561202 -0.030362068 0.020783067 -0.067543365 0.997037649
1341846669.182477 -0.165054023 0.013259891 -0.136163816 -0.031478558 0.014754720 -0.072945982 0.996729791
1341846669.218046 -0.155220389 0.015898157 -0.145945236 -0.038858701 0.014094013 -0.082432255 0.995739043
1341846669.250205 -0.156030223 0.011702782 -0.139781758 -0.043601684 0.011976283 -0.085986488 0.995269716
1341846669.286114 -0.160558835 0.019233894 -0.130582318 -0.043009464 0.010509877 -0.092162944 0.994759083
1341846669.318030 -0.151757151 0.020840306 -0.137591988 -0.045050416 0.010789943 -0.097643778 0.994142711
1341846669.350255 -0.168681383 0.019984711 -0.137782112 -0.046908781 0.010440778 -0.103005551 0.993519187
1341846669.418200 -0.142648116 0.022067711 -0.144831806 -0.055362985 0.003589712 -0.121745817 0.991009593
1341846669.450219 -0.158166528 0.026512865 -0.139895469 -0.058779120 0.004165560 -0.132720247 0.989400327
1341846669.486175 -0.164829656 0.028317580 -0.144845307 -0.061951131 0.002270461 -0.143451840 0.987713754
1341846669.518033 -0.155060187 0.032861821 -0.149284095 -0.068349443 0.002419912 -0.156284064 0.985341489
1341846669.554159 -0.153822795 0.016807090 -0.140755847 -0.076511860 0.003033474 -0.165072724 0.983304501
1341846669.586348 -0.145141944 0.021839201 -0.150783300 -0.079898357 0.000651651 -0.172411129 0.981779099
1341846669.617976 -0.156365678 0.031741526 -0.166103035 -0.086386397 0.005746731 -0.185522333 0.978818595
1341846669.654096 -0.170609728 0.025446493 -0.150833860 -0.091708601 0.011339845 -0.193376675 0.976763248
1341846669.686069 -0.170742452 0.022926290 -0.147839680 -0.092127971 0.012258669 -0.198993877 0.975583732
1341846669.718075 -0.159764141 0.032621570 -0.161753431 -0.093188442 0.012528272 -0.206306815 0.973959148
1341846669.754171 -0.155352965 0.039669618 -0.164761364 -0.098657042 0.015427886 -0.216069490 0.971258342
1341846669.786139 -0.158204928 0.029979235 -0.155479044 -0.104518332 0.017464867 -0.223605886 0.968902111
1341846669.822151 -0.152794674 0.034322724 -0.154940322 -0.106018007 0.017730024 -0.230562449 0.967102230
1341846669.854118 -0.145104989 0.041717228 -0.160705715 -0.110256389 0.018333532 -0.238711551 0.964636803
1341846669.886219 -0.151151612 0.040067319 -0.157232180 -0.116451554 0.021579688 -0.249342829 0.961145937
1341846669.922050 -0.158248603 0.033693485 -0.151637182 -0.120179392 0.023819938 -0.257188559 0.958563268
1341846669.954047 -0.148776114 0.039368201 -0.168150887 -0.122908711 0.023927160 -0.264612556 0.956190944
1341846669.986285 -0.141749859 0.048050735 -0.159644246 -0.128072083 0.027045012 -0.272816569 0.953119755
1341846670.022242 -0.156508252 0.034253668 -0.151637852 -0.134479746 0.032092169 -0.282771319 0.949171066
1341846670.054135 -0.146978140 0.042908121 -0.165074572 -0.135371625 0.033418190 -0.288875669 0.947158158
1341846670.090228 -0.149707183 0.038220041 -0.171953097 -0.141159803 0.036498517 -0.298240483 0.943289161
1341846670.121996 -0.149593249 0.026117209 -0.172378451 -0.146994472 0.040695202 -0.311172366 0.938034296
1341846670.154057 -0.142296597 0.038743291 -0.166879639 -0.148579672 0.045067128 -0.320263535 0.934518218
1341846670.190103 -0.149517491 0.038535442 -0.162766665 -0.153245702 0.048867647 -0.329964817 0.930188656
1341846670.222197 -0.147433266 0.037229557 -0.178938836 -0.154623598 0.052293587 -0.341479272 0.925607264
1341846670.258571 -0.139589176 0.037289329 -0.177476987 -0.155338570 0.056571983 -0.348116279 0.922759235
1341846670.290254 -0.135435551 0.046539884 -0.171793669 -0.155447647 0.059036687 -0.353552848 0.920516729
1341846670.358377 -0.143341273 0.053540912 -0.193447605 -0.151584610 0.073850848 -0.370928198 0.913225293
1341846670.390114 -0.144888043 0.038972590 -0.173085690 -0.153121620 0.080024354 -0.378261745 0.909432769
1341846670.422206 -0.148945063 0.047523398 -0.160622284 -0.148381203 0.088461109 -0.385923028 0.906212509
1341846670.464003 -0.171835169 0.040038273 -0.158892199 -0.144392893 0.100023612 -0.399130076 0.899911761
1341846670.526271 -0.137447625 0.023573276 -0.177047074 -0.137328863 0.108181231 -0.411623687 0.894429207
1341846670.566977 -0.154458791 0.033710226 -0.170551434 -0.135087982 0.115879141 -0.416894674 0.891359687
1341846670.596103 -0.151196420 0.039555099 -0.177370340 -0.130540207 0.118196614 -0.419987500 0.890280485
1341846670.628412 -0.151785016 0.034815632 -0.174612939 -0.128838241 0.120747581 -0.423765898 0.888393581
1341846670.664027 -0.157244354 0.025346536 -0.175360620 -0.126360491 0.124554686 -0.429993689 0.885225713
1341846670.696002 -0.159677967 0.020886019 -0.183847174 -0.120323464 0.129763857 -0.435605496 0.882570922
1341846670.728093 -0.164678007 0.015586914 -0.194536775 -0.114778921 0.134760603 -0.442990839 0.878876865
1341846670.764128 -0.152954221 0.021483570 -0.174899697 -0.109302521 0.139270112 -0.446591407 0.877047837
1341846670.796059 -0.170157492 0.010772238 -0.182367086 -0.105816536 0.148225144 -0.454644889 0.871854424
1341846670.832246 -0.153860658 0.018824048 -0.187541872 -0.095833614 0.149804294 -0.452878445 0.873656511
1341846670.863970 -0.150776893 0.023518560 -0.192061722 -0.089853749 0.151268691 -0.450578958 0.875227213
1341846670.896139 -0.163875312 -0.013198435 -0.210646242 -0.089593880 0.155973032 -0.456155479 0.871531725
1341846670.932028 -0.190085560 -0.000055199 -0.160409555 -0.080331706 0.167579100 -0.453804731 0.871507525
1341846670.964063 -0.149071023 0.009923492 -0.181307897 -0.064424060 0.162509903 -0.442344457 0.879642785
1341846671.000270 -0.171031326 -0.005306399 -0.199202001 -0.059871480 0.164698362 -0.446028501 0.877694964
1341846671.032112 -0.175888032 -0.020652061 -0.212656066 -0.053476818 0.170683458 -0.450874865 0.874482274
1341846671.064030 -0.146327674 -0.022075024 -0.220519036 -0.043429203 0.169666886 -0.452720553 0.874283254
1341846671.101398 -0.167398006 -0.008792674 -0.197852910 -0.036498711 0.173942998 -0.459136903 0.870405018
1341846671.132289 -0.187256977 -0.031668313 -0.200607941 -0.031019017 0.177989885 -0.466715395 0.865756392
1341846671.168159 -0.241695613 -0.038684152 -0.228971452 -0.023157127 0.183429569 -0.473953962 0.860921025
1341846671.200149 -0.179401577 -0.009479295 -0.198590606 -0.004053689 0.171224251 -0.472678423 0.864431024
1341846671.232280 -0.174789503 -0.023339465 -0.210658133 0.006088561 0.168290898 -0.479050756 0.861482084
1341846671.268147 -0.168358982 -0.024689749 -0.212711856 0.016097588 0.169700101 -0.480328679 0.860364556
1341846671.300337 -0.155973166 -0.022048630 -0.202165663 0.025655687 0.164701313 -0.479742110 0.861430585
1341846671.336125 -0.172944590 -0.024617948 -0.208339900 0.030394740 0.163699299 -0.486592501 0.857616723
1341846671.368236 -0.160977423 -0.026747089 -0.212616950 0.036721848 0.162890181 -0.488097936 0.856667221
1341846671.400327 -0.156182110 -0.024772894 -0.202998698 0.042165477 0.158669695 -0.489466935 0.856427550
1341846671.436064 -0.170397833 -0.031268798 -0.213061661 0.046082381 0.156111717 -0.497121960 0.852276564
1341846671.468197 -0.161751300 -0.032781336 -0.225183830 0.051542394 0.154069752 -0.502618492 0.849105775
1341846671.504294 -0.139794990 -0.026879765 -0.211814255 0.055531744 0.146731615 -0.502017140 0.850508571
1341846671.536197 -0.159152254 -0.037085179 -0.203941032 0.057665195 0.139598593 -0.512045264 0.845574737
1341846671.568120 -0.174646273 -0.028092027 -0.214584634 0.065512285 0.139181778 -0.522796154 0.838463306
1341846671.604188 -0.149435490 -0.031600215 -0.210182518 0.071068145 0.130397797 -0.524287224 0.838491917
1341846676.532743 -0.019768849 0.069034718 -0.245567605 0.014379099 -0.027608912 0.078433186 0.996433258
1341846676.564052 -0.021238893 0.086857922 -0.241521925 0.014303214 -0.022721102 0.078952171 0.996516824
1341846676.596566 -0.024748120 0.080735132 -0.246337622 0.009618306 -0.020045415 0.077772282 0.996723235
1341846676.632057 -0.014824704 0.076756820 -0.244633690 0.008266867 -0.017649718 0.075044483 0.996989727
1341846676.690079 -0.010478135 0.076611742 -0.254622132 0.007724576 -0.012965077 0.071204744 0.997347534
1341846676.726102 0.002828924 0.076707304 -0.253002673 0.008392615 -0.010449882 0.067536443 0.997626781
1341846676.758419 0.007535368 0.070107400 -0.256658107 0.009633509 -0.007331716 0.068921916 0.997548580
1341846676.790227 0.008958934 0.076279119 -0.255639821 0.011947908 -0.006108046 0.068586864 0.997554898
1341846676.826179 0.026223322 0.069344968 -0.267229497 0.011264056 -0.003695304 0.067738466 0.997632682
1341846676.858331 0.025744962 0.075108841 -0.251275450 0.013415496 0.000190735 0.068722837 0.997545600
1341846676.894086 0.021779098 0.084154747 -0.254978448 0.014868511 -0.000495694 0.070459493 0.997403681
1341846676.926062 0.039012678 0.085208714 -0.259764671 0.014353151 -0.001690287 0.069349222 0.997487783
1341846676.958080 0.032287586 0.080038302 -0.253502846 0.013888357 0.001449354 0.068171255 0.997575879
1341846676.994140 0.031560175 0.081033409 -0.259565562 0.015388313 0.000074134 0.069801867 0.997442186
1341846677.026242 0.045547627 0.087256275 -0.262306899 0.016398296 -0.002404053 0.070302963 0.997388005
1341846677.094244 0.042989817 0.081267856 -0.260063887 0.013263511 -0.002480510 0.068894476 0.997532666
1341846677.126108 0.047422964 0.078185543 -0.257926077 0.014865501 -0.004257411 0.069848858 0.997437716
1341846677.162066 0.052185588 0.079260916 -0.257125884 0.016705343 -0.004126120 0.070632681 0.997353971
1341846677.194068 0.048476942 0.082942612 -0.263264567 0.016193327 -0.004421232 0.070145003 0.997395575
1341846677.226206 0.062701128 0.076125793 -0.260361642 0.014930085 -0.005641667 0.069855213 0.997429430
1341846677.262033 0.066709831 0.071046442 -0.255707502 0.016995760 -0.003433637 0.070441097 0.997365236
1341846677.294125 0.058441792 0.079432197 -0.266257554 0.019307347 -0.003645964 0.070827641 0.997295022
1341846677.326503 0.070378073 0.081266016 -0.259340823 0.017761329 -0.004719319 0.069720536 0.997397244
1341846677.362194 0.071289062 0.074549131 -0.261032492 0.017411474 -0.001590234 0.069229759 0.997447491
1341846677.394280 0.067401215 0.073260352 -0.261306554 0.018699864 -0.000766831 0.070089646 0.997365117
1341846677.430058 0.073328756 0.073867112 -0.256241083 0.019054210 -0.000306439 0.068372361 0.997477829
1341846677.468326 0.079007730 0.072020032 -0.263574034 0.019587107 0.002234401 0.068943307 0.997425735
1341846677.530161 0.085094310 0.070468716 -0.261953622 0.023759197 0.004439206 0.067651473 0.997416198
1341846677.562051 0.087414265 0.073224418 -0.258355945 0.025204029 0.006830499 0.066545032 0.997441649
1341846677.594105 0.087678112 0.071829334 -0.259545535 0.025453322 0.008026988 0.065890022 0.997469902
1341846677.630227 0.092948772 0.076458953 -0.258978039 0.026753023 0.008000514 0.064585261 0.997521460
1341846677.662033 0.091092631 0.079234518 -0.261435926 0.028057043 0.009719044 0.064617120 0.997468293
1341846677.730320 0.092860386 0.079412997 -0.262203187 0.027514230 0.009601479 0.064426325 0.997496903
1341846677.763691 0.094473250 0.077923715 -0.258381993 0.028611505 0.010372402 0.064725749 0.997438908
1341846677.798630 0.092261277 0.080648623 -0.261317670 0.028959678 0.008994308 0.064618357 0.997449219
1341846677.830104 0.101320446 0.077124283 -0.257816494 0.027922496 0.008684751 0.063070692 0.997580588
1341846677.862185 0.103611931 0.068437740 -0.256784111 0.029813379 0.010707400 0.062278315 0.997555971
1341846677.898344 0.096882865 0.069187395 -0.258607179 0.033181075 0.011281298 0.062885605 0.997405231
1341846677.930181 0.103212379 0.071012467 -0.261120230 0.035580613 0.010891069 0.061707921 0.997400403
1341846677.966256 0.109994628 0.065907367 -0.260176271 0.037569232 0.012204017 0.061276678 0.997338891
1341846677.998516 0.100593224 0.064802542 -0.264737874 0.042502102 0.012693300 0.062558502 0.997055113
1341846678.030368 0.103255741 0.067203924 -0.267083257 0.045639656 0.010109009 0.062238436 0.996966004
1341846678.066187 0.116329961 0.064274438 -0.264909327 0.046888608 0.009988479 0.061750453 0.996939600
1341846678.098076 0.099539004 0.060919739 -0.271941066 0.048386715 0.012024328 0.061799414 0.996842504
1341846678.134082 0.105409890 0.061470531 -0.272038311 0.050108586 0.008257851 0.062833481 0.996731102
1341846678.166092 0.115278646 0.060691372 -0.273048788 0.051188763 0.007823764 0.062141314 0.996723115
1341846678.204293 0.107417673 0.056073174 -0.275629610 0.052258462 0.009338617 0.062684715 0.996620536
1341846678.266209 0.112297006 0.057057478 -0.279693782 0.056407884 0.005666365 0.063036725 0.996399701
1341846678.298316 0.106236376 0.058200479 -0.283506811 0.057097662 0.005117132 0.063170552 0.996354938
1341846678.334135 0.110722542 0.054042101 -0.282103151 0.056489784 0.002815931 0.062919274 0.996414661
1341846678.366593 0.116781496 0.050096512 -0.279768646 0.057684738 0.002607927 0.062513575 0.996372283
1341846678.402292 0.111975722 0.054035563 -0.279155642 0.059679810 0.002964597 0.062828876 0.996233940
1341846678.439991 0.116644464 0.052928798 -0.278994620 0.060300957 0.002422257 0.062504478 0.996218383
