1341846647.802247 0.000000000 0.000000000 0.000000000 0.000000000 0.000000000 0.000000000 1.000000000
1341846647.834093 0.002043259 -0.002682710 -0.001541599 0.000253797 0.000020178 0.001427732 0.999998927
1341846647.866652 0.001744109 -0.004648697 -0.007925907 0.001208461 0.002664343 0.003194925 0.999990582
1341846647.901972 0.005738335 0.003462046 -0.005957746 0.002565673 0.004365626 0.003238937 0.999981940
1341846647.934224 0.003405853 0.004029191 -0.007757573 0.001365959 0.005027644 0.003462088 0.999980450
1341846647.970225 0.011850489 0.001469665 -0.006290498 0.000548556 0.002211487 0.004673341 0.999986470
1341846648.002341 0.012638347 0.009726082 -0.008220350 0.001038229 0.001411015 0.004460358 0.999988496
1341846648.034343 0.015945649 0.008925847 -0.007234308 -0.001714320 0.000032028 0.004153626 0.999989867
1341846648.070164 0.013631106 -0.001612771 -0.007472348 -0.004390748 -0.002592436 0.005796477 0.999970198
1341846648.102152 0.012818711 -0.002946898 -0.009888869 -0.003829833 -0.005492591 0.006703513 0.999955118
1341846648.138185 0.027444726 0.005700416 -0.011526504 -0.003181774 -0.009147973 0.006807346 0.999929905
1341846648.170568 0.023079349 0.002881336 -0.015959788 -0.006593586 -0.009916795 0.005820795 0.999912143
1341846648.202106 0.018011676 -0.000903573 -0.012285184 -0.008402203 -0.013042628 0.006860082 0.999856114
1341846648.238157 0.016969588 -0.000676982 -0.013121307 -0.007713312 -0.017707407 0.007030278 0.999788761
1341846648.270152 0.013490608 0.004890203 -0.023508767 -0.008716499 -0.021869354 0.005310124 0.999708772
1341846648.302183 0.015919939 0.006632520 -0.021636073 -0.013953662 -0.027120905 -0.000352819 0.999534726
1341846648.338170 0.032629069 0.001506693 -0.027747475 -0.017637972 -0.035251625 -0.004494210 0.999212682
1341846648.370216 0.030768344 0.000008122 -0.027415205 -0.019829489 -0.041458055 -0.006126916 0.998924673
1341846648.406052 0.027042445 0.000120365 -0.029935390 -0.020917220 -0.050734613 -0.004883074 0.998481154
1341846648.438342 0.030443212 0.004414496 -0.026523169 -0.019939210 -0.057027198 -0.002831217 0.998169482
1341846648.470076 0.038453653 0.011135422 -0.033563886 -0.019915430 -0.063805468 -0.001328678 0.997762740
1341846648.506263 0.059255145 0.004217694 -0.027928365 -0.024785768 -0.073785752 -0.000856032 0.996965706
1341846648.538249 0.056613646 0.004433063 -0.028221736 -0.027570829 -0.079111911 -0.002530910 0.996481180
1341846648.570179 0.080471441 -0.005269704 -0.029171687 -0.033135515 -0.086343698 -0.002750175 0.995710433
1341846648.606081 0.068625115 -0.009278298 -0.035352528 -0.035931405 -0.087901182 -0.004759461 0.995469570
1341846648.638395 0.082877815 -0.015849967 -0.026076203 -0.037172709 -0.100538500 -0.004798075 0.994226933
1341846648.674053 0.087426066 -0.010248179 -0.027503354 -0.034568246 -0.104623049 -0.005868205 0.993893623
1341846648.706058 0.096622564 -0.014556821 -0.035077550 -0.036596056 -0.112176076 -0.002956795 0.993009806
1341846648.738116 0.121288747 -0.014319899 -0.019956993 -0.037155535 -0.126630187 -0.001328960 0.991253018
1341846648.774049 0.126849949 -0.017439764 -0.008274440 -0.034472074 -0.129608959 -0.001900817 0.990963936
1341846648.805941 0.110941127 -0.021255376 -0.024470961 -0.033568591 -0.128606826 -0.000447827 0.991127253
1341846648.838602 0.113401562 -0.016197501 -0.017467020 -0.033541244 -0.137075543 0.001570857 0.989991307
1341846648.874088 0.151167065 -0.010932341 -0.007466111 -0.034751151 -0.147026494 0.001560156 0.988520682
1341846648.906165 0.142747089 -0.024726063 -0.016458824 -0.039103590 -0.150327399 0.002449839 0.987859607
1341846648.942154 0.149849117 -0.034252312 -0.030502498 -0.040236399 -0.166319013 0.004805348 0.985239029
1341846648.974090 0.166415080 -0.010216929 -0.010066282 -0.039177615 -0.180553198 0.004572406 0.982774019
1341846649.006157 0.147175416 -0.010170544 0.009912867 -0.042623937 -0.181652233 0.000324714 0.982438564
1341846649.042101 0.157644168 -0.019397128 0.011320297 -0.043693312 -0.191161230 0.002129188 0.980583370
1341846649.074128 0.172893345 -0.012554545 0.000447288 -0.044142298 -0.199849188 -0.005858436 0.978814304
1341846649.106188 0.169378400 -0.012086897 0.013050869 -0.046644486 -0.200658977 -0.017280800 0.978397489
1341846649.142042 0.163988888 -0.010621252 0.008503299 -0.049035773 -0.201476872 -0.017866863 0.978101909
1341846649.174442 0.173525512 -0.009172758 0.021626476 -0.051210571 -0.208767161 -0.021075094 0.976396203
1341846649.216152 0.202546388 -0.012235026 0.035480853 -0.052569456 -0.214601055 -0.023683628 0.974998415
1341846649.248048 0.209889948 -0.014313133 0.033882432 -0.055091418 -0.214915156 -0.021437826 0.974841952
1341846649.280075 0.212079063 -0.004757236 0.018922061 -0.057408325 -0.216490448 -0.021198586 0.974364758
1341846649.316071 0.210658073 -0.005676377 0.032926515 -0.062447593 -0.217520446 -0.021866145 0.973810554
1341846649.348041 0.216983482 -0.013586088 0.049846034 -0.065361075 -0.221441880 -0.017359484 0.972825825
1341846649.383973 0.218415722 -0.019294886 0.052703232 -0.064980015 -0.225765467 -0.014324736 0.971906543
1341846649.416053 0.236380383 -0.005665234 0.038558282 -0.063044734 -0.226534531 -0.019604972 0.971762896
1341846649.448084 0.241107330 -0.007716937 0.046677470 -0.068349145 -0.224484831 -0.019130947 0.971889377
1341846649.484154 0.241053447 -0.017176762 0.063546762 -0.072682858 -0.227403179 -0.017342497 0.970929563
1341846649.516198 0.242410526 -0.015671916 0.070331149 -0.071493112 -0.229446784 -0.020382937 0.970477939
1341846649.552101 0.250317663 -0.019750349 0.074318960 -0.070320122 -0.228302121 -0.025103264 0.970722973
1341846649.616167 0.254620016 -0.029225769 0.064572245 -0.071103834 -0.230694354 -0.018648537 0.970245659
1341846649.678101 0.272867471 -0.037998017 0.077381551 -0.071416847 -0.235803738 -0.019668145 0.968973339
1341846649.710937 0.278133065 -0.041526947 0.067829020 -0.070159540 -0.241319641 -0.019164367 0.967716515
1341846649.746112 0.286404431 -0.041189294 0.074512877 -0.068247579 -0.249303952 -0.024642427 0.965703130
1341846649.778019 0.288478792 -0.042326376 0.069987349 -0.066526219 -0.253152192 -0.025623571 0.964796185
1341846649.810257 0.298268110 -0.040772293 0.059679560 -0.064783901 -0.261495024 -0.026406135 0.962666154
1341846649.846059 0.312887430 -0.037617497 0.040817812 -0.066055521 -0.271231174 -0.028554786 0.959820271
1341846649.878137 0.308302224 -0.035563726 0.068498120 -0.070448808 -0.276392043 -0.030249432 0.957981944
1341846649.914184 0.322918802 -0.051793795 0.097241595 -0.072782680 -0.285345972 -0.024553284 0.955341578
1341846649.952612 0.330507517 -0.042719472 0.089417718 -0.069316976 -0.287705690 -0.023199094 0.954925299
1341846650.014156 0.343410105 -0.046318650 0.100215241 -0.070024028 -0.291851789 -0.013529494 0.953800857
1341846650.046184 0.357768476 -0.036297951 0.119491793 -0.068110399 -0.296942145 -0.010588768 0.952404439
1341846650.078250 0.365170360 -0.033124167 0.132087827 -0.065888420 -0.296955556 -0.011755119 0.952542901
1341846650.114215 0.373912603 -0.042448059 0.128804564 -0.066163987 -0.297223836 -0.007482532 0.952483237
1341846650.146137 0.375163674 -0.044285223 0.144463360 -0.064712554 -0.300584674 -0.005533698 0.951541126
1341846650.182236 0.383586466 -0.037489086 0.148083538 -0.059153382 -0.300588340 -0.007833581 0.951885581
1341846650.214164 0.393202364 -0.042552754 0.141815409 -0.058537692 -0.299487203 -0.006847281 0.952278256
1341846650.246084 0.396734506 -0.041766994 0.147069246 -0.060019009 -0.301036030 -0.007563315 0.951692104
1341846650.282167 0.407183945 -0.054428879 0.154575557 -0.057907645 -0.300738841 -0.011798799 0.951873779
1341846650.314158 0.408998728 -0.052136742 0.141322121 -0.054067113 -0.296287060 -0.014788414 0.953452706
1341846650.350453 0.409206569 -0.060379460 0.132477552 -0.056980956 -0.295586109 -0.015940346 0.953482032
1341846650.382075 0.412785590 -0.057311490 0.147442326 -0.057790700 -0.296558172 -0.019571394 0.953063726
1341846650.414224 0.409334451 -0.055805944 0.164187491 -0.055383857 -0.292866558 -0.020971661 0.954317570
1341846650.450353 0.411198139 -0.050307177 0.152356327 -0.053941697 -0.287306756 -0.017462416 0.956159055
1341846650.484849 0.415560752 -0.044965219 0.146818325 -0.054400779 -0.284382999 -0.020096842 0.956955075
1341846650.514091 0.412458509 -0.054361109 0.172015354 -0.056510974 -0.280214190 -0.021906137 0.958022296
1341846650.550746 0.399445802 -0.065611035 0.165139347 -0.052487466 -0.271861613 -0.021310357 0.960667551
1341846650.582069 0.399520606 -0.056899671 0.153035894 -0.047207631 -0.265459597 -0.020828035 0.962740242
1341846650.618092 0.389948905 -0.053051565 0.144258827 -0.045991909 -0.258332580 -0.024729190 0.964643717
1341846650.650422 0.383520216 -0.054211035 0.146923617 -0.045233045 -0.251259953 -0.028263934 0.966448963
1341846650.682114 0.369497359 -0.059380896 0.137632802 -0.044643216 -0.242819980 -0.029767103 0.968586266
1341846650.718110 0.360356063 -0.061458088 0.129698038 -0.044189665 -0.236648068 -0.032584511 0.970042884
1341846650.750112 0.352947563 -0.054609895 0.133772716 -0.041772977 -0.230171740 -0.035681270 0.971598089
1341846650.782116 0.324356735 -0.070836417 0.125248998 -0.042642459 -0.217542276 -0.034946714 0.974492550
1341846650.818115 0.305714279 -0.068914317 0.118212715 -0.039053936 -0.211559638 -0.033260241 0.976017952
1341846650.850139 0.308617860 -0.052877832 0.118581995 -0.036690984 -0.209135458 -0.033777311 0.976614177
1341846650.886238 0.299813747 -0.034927893 0.130474165 -0.034687467 -0.197737530 -0.035852063 0.978984833
1341846650.918288 0.284287006 -0.067404307 0.112599753 -0.040416453 -0.185968131 -0.032743476 0.981177986
1341846650.950233 0.270663500 -0.061199315 0.105535097 -0.039316587 -0.178494364 -0.030154005 0.982692599
1341846650.986247 0.261376411 -0.052557342 0.114634410 -0.038949799 -0.168491691 -0.028897904 0.984509170
1341846651.050482 0.229506344 -0.059486214 0.079146124 -0.037914068 -0.146735132 -0.022055492 0.988202870
1341846651.086169 0.221439734 -0.054491848 0.079394579 -0.041215636 -0.140107140 -0.020378120 0.989068210
1341846651.118423 0.209001258 -0.073426552 0.083681419 -0.043711800 -0.129883602 -0.016378546 0.990429819
1341846651.154189 0.199936017 -0.068543494 0.072756775 -0.039064396 -0.122741386 -0.013391836 0.991579115
1341846651.186391 0.185946062 -0.062966898 0.072367467 -0.039523140 -0.116158105 -0.010063736 0.992393017
1341846651.218036 0.175987989 -0.067210756 0.070329458 -0.042122193 -0.110521458 -0.010725150 0.992922783
1341846651.254031 0.155026749 -0.063185558 0.066142574 -0.041463226 -0.103693798 -0.011408581 0.993679166
1341846651.286406 0.139684647 -0.063203886 0.059033293 -0.043124590 -0.097432368 -0.013095248 0.994221151
1341846651.318309 0.127130777 -0.067388557 0.064047769 -0.045324989 -0.092951052 -0.015243432 0.994521677
1341846651.354135 0.116333023 -0.061992664 0.057632633 -0.043102663 -0.086181834 -0.017735930 0.995188594
1341846651.386180 0.102284268 -0.070269004 0.058664739 -0.044097971 -0.078518435 -0.016044492 0.995807588
1341846651.422237 0.080053993 -0.060141508 0.052000269 -0.042277213 -0.073368520 -0.017921690 0.996247232
1341846651.492135 0.046310388 -0.056044079 0.053507935 -0.044185948 -0.063038088 -0.026748771 0.996673644
1341846651.560316 0.019993024 -0.064768590 0.039923709 -0.041821580 -0.044038542 -0.027922168 0.997763455
1341846651.622176 0.013798654 -0.075883262 0.032174565 -0.035552610 -0.035563298 -0.026747162 0.998376608
1341846651.654223 0.001678894 -0.078115523 0.029463533 -0.032415323 -0.031248115 -0.025245907 0.998666823
1341846651.690127 -0.010829516 -0.081250533 0.021280870 -0.028685333 -0.028007979 -0.022778699 0.998936355
1341846651.722318 -0.019167228 -0.075959697 0.009947641 -0.024405422 -0.024105886 -0.020788010 0.999195218
1341846651.754212 -0.033898681 -0.070304088 0.003040495 -0.021885986 -0.019661861 -0.020024216 0.999366522
1341846651.790200 -0.042945508 -0.064485952 -0.017272368 -0.022683682 -0.014165193 -0.020619169 0.999429643
1341846651.822233 -0.061397616 -0.080050915 -0.014582204 -0.024361206 -0.006720448 -0.019786080 0.999484837
1341846651.858213 -0.063261770 -0.088821977 -0.013695579 -0.017000824 -0.003281607 -0.013000471 0.999765575
1341846651.890237 -0.090095513 -0.082400322 -0.026009222 -0.008964591 0.005155956 -0.011880639 0.999875963
1341846651.922186 -0.092951737 -0.069702737 -0.043718714 -0.005130100 0.008422587 -0.009552009 0.999905705
1341846651.958047 -0.111176856 -0.076918840 -0.044855703 -0.004022290 0.012750301 -0.007052789 0.999885738
1341846651.990020 -0.110105298 -0.087752923 -0.036659405 0.000773041 0.016791623 -0.000647242 0.999858499
1341846652.022081 -0.137854457 -0.071664385 -0.046924058 0.009044623 0.024753539 0.000773522 0.999652326
1341846652.058058 -0.158851281 -0.057928294 -0.053423405 0.011040894 0.027907653 0.000792865 0.999549210
1341846652.090106 -0.165247396 -0.054710586 -0.057747386 0.009402079 0.030018531 -0.000308538 0.999505103
1341846652.126257 -0.167404726 -0.062142316 -0.064528264 0.005982182 0.033226877 0.000636714 0.999429762
1341846652.158232 -0.183630750 -0.059554059 -0.061970539 0.004612831 0.036419887 0.001250150 0.999325156
1341846652.190049 -0.189561486 -0.062672608 -0.063633345 0.003689003 0.037789382 0.001039415 0.999278367
1341846652.225981 -0.200911388 -0.066031262 -0.065739796 0.004766116 0.045403097 -0.001635435 0.998955965
1341846652.258089 -0.212622046 -0.072046906 -0.088302329 0.006041884 0.052090172 0.002018349 0.998622000
1341846652.290189 -0.241287693 -0.071585543 -0.056570917 0.009318569 0.055802222 0.005985134 0.998380423
1341846652.326148 -0.246021643 -0.077143870 -0.067331776 0.015851108 0.057720050 0.008270483 0.998172700
1341846652.358184 -0.256620735 -0.061405569 -0.061601631 0.020870924 0.061981644 0.009044793 0.997818053
1341846652.394279 -0.272533685 -0.062168814 -0.060664698 0.021361189 0.064580522 0.008120339 0.997650802
1341846652.426287 -0.280503660 -0.066414431 -0.058305260 0.022451570 0.067069337 0.006891534 0.997471869
1341846652.458277 -0.294161201 -0.067643233 -0.057914335 0.025031863 0.071479119 0.008290651 0.997093439
1341846652.494100 -0.299904287 -0.068679363 -0.080942191 0.027641512 0.073219627 0.008001436 0.996900558
1341846652.526469 -0.311904550 -0.060575627 -0.059915125 0.027868751 0.078910261 0.006194138 0.996472895
1341846652.562089 -0.324779391 -0.075021684 -0.081368610 0.026689878 0.086547703 0.005042152 0.995877385
1341846652.594254 -0.333187670 -0.068318017 -0.068664871 0.029966548 0.099010095 0.003626240 0.994628489
1341846652.626356 -0.349616379 -0.074035414 -0.080474176 0.030795960 0.111170411 0.001082944 0.993323505
1341846652.662152 -0.342640370 -0.066668332 -0.105287313 0.032695588 0.125469208 -0.001668144 0.991557181
1341846652.694113 -0.333421409 -0.073798642 -0.129367724 0.030907193 0.148888633 -0.003464913 0.988364756
1341846652.726378 -0.275195986 -0.082237236 -0.105067283 0.031097775 0.167204827 -0.005117214 0.985418320
1341846652.762129 -0.316663027 -0.060139369 -0.105575584 0.034020856 0.201363489 -0.007410672 0.978897572
1341846652.794152 -0.359765470 -0.077040941 -0.106956609 0.029909184 0.238934740 -0.004387211 0.970564961
1341846652.830250 -0.377007723 -0.067568794 -0.046085224 0.029602861 0.274020851 -0.011036817 0.961204648
1341846652.862014 -0.368397981 -0.060918387 -0.023215666 0.029145436 0.291591793 -0.008918112 0.956057131
1341846652.894426 -0.377080649 -0.068435244 -0.046762675 0.027070165 0.308811188 -0.006521263 0.950715721
1341846652.930346 -0.365679681 -0.060491890 -0.030817404 0.031023595 0.326977819 -0.001468316 0.944521546
1341846652.962213 -0.372287869 -0.053966656 -0.024607494 0.030449295 0.342064053 -0.002330240 0.939180255
1341846653.030292 -0.398229778 -0.084827349 -0.060295671 0.021301391 0.372393906 -0.000384776 0.927830219
1341846653.062672 -0.386386991 -0.075830325 -0.041252837 0.025291301 0.386302561 0.001755183 0.922023654
1341846653.099024 -0.394587904 -0.073952176 -0.028989777 0.023646450 0.402612984 -0.001437045 0.915063679
1341846653.130475 -0.385938078 -0.071162015 -0.008048877 0.020498939 0.420269042 -0.001384089 0.907166898
1341846653.162620 -0.397966832 -0.076801114 -0.011879534 0.019741872 0.435714096 0.000198427 0.899868548
1341846653.198437 -0.401420534 -0.080920741 -0.013645351 0.019950045 0.446897060 0.005342675 0.894346952
1341846653.230042 -0.400122344 -0.076684520 0.014202505 0.021351561 0.460674703 0.004794304 0.887299240
1341846653.298380 -0.422235250 -0.068897747 0.029848337 0.021341825 0.487697870 0.008563423 0.872709572
1341846653.330162 -0.406419218 -0.076782651 0.067848057 0.019720666 0.502127409 0.009103889 0.864520848
1341846653.366319 -0.421163440 -0.083026633 0.086979032 0.018341012 0.513086855 0.013381188 0.858036399
1341846653.398226 -0.416725218 -0.083738394 0.086545691 0.018206079 0.521638989 0.016205601 0.852818012
1341846653.430060 -0.429446459 -0.080644123 0.082348555 0.020950889 0.529576302 0.018764909 0.847795844
1341846653.466341 -0.428287864 -0.079344995 0.080789223 0.022495205 0.534776032 0.016437396 0.844534397
1341846653.498194 -0.435601592 -0.080070809 0.082867727 0.022698214 0.539580941 0.016575487 0.841464460
1341846653.530205 -0.431643367 -0.080778234 0.085648566 0.021937812 0.541980803 0.013645108 0.839993656
1341846653.566601 -0.431766510 -0.081098855 0.085573822 0.021883221 0.542968392 0.010721279 0.839399457
1341846653.598213 -0.430566192 -0.081561118 0.085600331 0.021535613 0.543798447 0.011571822 0.838859677
1341846653.634793 -0.429313868 -0.082097955 0.085970268 0.021759296 0.542547524 0.012644545 0.839648068
1341846653.666143 -0.430943370 -0.081481479 0.084939823 0.022431618 0.540947020 0.013161601 0.840654433
1341846653.698738 -0.432735920 -0.081519067 0.085260212 0.021827187 0.537342727 0.015373640 0.842941284
1341846653.734313 -0.433276236 -0.081404455 0.084495217 0.018175211 0.531944811 0.015079098 0.846449673
1341846653.766275 -0.449183762 -0.075862877 0.084461048 0.017473873 0.529805124 0.015773257 0.847792685
1341846653.802358 -0.433180302 -0.078892633 0.074936315 0.016569437 0.524000227 0.017216153 0.851382852
1341846653.834226 -0.443934143 -0.070965029 0.063102990 0.016453283 0.513868451 0.018133752 0.857519448
1341846653.866214 -0.430574834 -0.072147414 0.083833694 0.016164029 0.508881330 0.018774249 0.860480130
1341846653.902170 -0.452426970 -0.071717441 0.063068017 0.013769409 0.500216246 0.020031264 0.865559280
1341846653.934160 -0.440287590 -0.076416105 0.070233971 0.011019888 0.491817176 0.019420462 0.870412111
1341846653.966155 -0.445492953 -0.075241342 0.068320185 0.009029576 0.486057281 0.018893503 0.873676062
1341846654.002169 -0.438514501 -0.077353358 0.072240070 0.004490023 0.476326853 0.017883299 0.879074931
1341846654.034140 -0.476840675 -0.067165650 0.059491917 0.003499863 0.468468577 0.019410763 0.883259892
1341846654.070172 -0.465946943 -0.070473276 0.064650640 0.005343349 0.456805766 0.020567872 0.889312565
1341846654.102438 -0.468408376 -0.078622945 0.065131828 0.009260161 0.448045522 0.024210824 0.893634915
1341846654.134349 -0.460339606 -0.080493443 0.066509202 0.012928956 0.436400115 0.024666220 0.899321556
1341846654.170244 -0.461706281 -0.074604593 0.069866925 0.016378136 0.425203562 0.023349421 0.904648244
1341846654.202087 -0.451668203 -0.072907768 0.062648267 0.018164298 0.407698572 0.019614354 0.912725151
1341846654.234434 -0.443607509 -0.076047406 0.067201227 0.019067403 0.399430156 0.016258229 0.916421115
1341846654.270041 -0.451045275 -0.072466761 0.032826573 0.020569663 0.386183083 0.017514778 0.922026455
1341846654.302117 -0.444038957 -0.070582792 0.039439842 0.020559980 0.369987518 0.014886969 0.928689897
1341846654.338026 -0.448100150 -0.073496252 0.046027496 0.018354654 0.363155723 0.011444959 0.931477368
1341846654.369979 -0.437656254 -0.066508830 0.051404759 0.019997191 0.351144761 0.015666343 0.935976505
1341846654.402172 -0.461779475 -0.062894098 0.072832108 0.021868410 0.335186809 0.014021771 0.941793501
1341846654.438133 -0.406828374 -0.050062072 0.042707860 0.021647114 0.313024104 0.013618467 0.949400783
1341846654.470186 -0.397864312 -0.058456983 0.051679298 0.018101325 0.303825498 0.013927053 0.952453911
1341846654.502267 -0.435082108 -0.068018548 0.032923073 0.017307851 0.287306666 0.012160184 0.957605064
1341846654.539064 -0.369324565 -0.062845066 0.004257053 0.018677955 0.260665834 0.014501012 0.965139449
1341846654.570053 -0.363787264 -0.054858118 0.010009751 0.016419236 0.256388128 0.011336562 0.966367960
1341846654.606030 -0.381370336 -0.069710240 0.036906824 0.013907446 0.246433645 0.007348178 0.969032049
1341846654.637980 -0.340328515 -0.077823430 -0.006158113 0.016750259 0.218475968 0.008875718 0.975658178
1341846654.670155 -0.329436749 -0.064762615 -0.007734671 0.021414448 0.211993992 0.009743026 0.976987720
1341846654.706022 -0.319568515 -0.060019612 0.001437791 0.024359375 0.198187590 0.009612704 0.979814231
1341846654.738497 -0.324098140 -0.072276212 -0.011811614 0.027796049 0.178584367 0.012611452 0.983451068
1341846654.774056 -0.315368414 -0.062120896 -0.026423573 0.030342214 0.170541897 0.015106023 0.984767258
1341846654.806040 -0.292211741 -0.055833306 -0.034232005 0.029068597 0.156538725 0.015483910 0.987122536
1341846654.838060 -0.289275855 -0.063385017 -0.038371973 0.028394995 0.139840662 0.015907491 0.989638984
1341846654.874136 -0.276220113 -0.043765355 -0.039767444 0.029677290 0.126743600 0.016667182 0.991351366
1341846654.906209 -0.263388097 -0.042760450 -0.035160091 0.025740232 0.115044676 0.016370682 0.992891788
1341846654.938214 -0.259292454 -0.067711994 -0.051689565 0.024732733 0.098044783 0.016539486 0.994737148
1341846654.974334 -0.253688633 -0.067163929 -0.066815674 0.029454572 0.079840064 0.019132391 0.996188700
1341846655.006124 -0.244203627 -0.040603451 -0.050341263 0.031968381 0.067672014 0.019365374 0.997007310
1341846655.042239 -0.260397911 -0.059883736 -0.071578451 0.028529124 0.051995780 0.018110836 0.998075426
1341846655.074179 -0.249542445 -0.064420640 -0.069008276 0.030686049 0.028134085 0.019715361 0.998938501
1341846655.106132 -0.235709667 -0.053980038 -0.071240261 0.032494232 0.013943851 0.018583497 0.999201834
1341846655.142070 -0.193450958 -0.047081340 -0.090880729 0.032823849 -0.011256163 0.016751561 0.999257326
1341846655.174000 -0.191095263 -0.037406955 -0.062560298 0.032690160 -0.033382010 0.020399928 0.998699546
1341846655.206124 -0.198626190 -0.034664012 -0.059733927 0.030612715 -0.042599548 0.018746970 0.998447120
1341846655.242079 -0.196263984 -0.043989208 -0.059206791 0.030839857 -0.055594187 0.019529274 0.997785926
1341846655.274211 -0.171582401 -0.053529445 -0.076930985 0.032774054 -0.063750550 0.016360952 0.997293353
1341846655.310175 -0.167676404 -0.050524037 -0.074470773 0.039459307 -0.064869992 0.022143947 0.996867359
1341846655.342236 -0.160041854 -0.048584696 -0.065776154 0.046994913 -0.071279794 0.027116090 0.995979607
1341846655.374134 -0.139530316 -0.049410362 -0.077987850 0.048381735 -0.075576164 0.027147777 0.995595515
1341846655.410207 -0.137263224 -0.054253601 -0.075619303 0.049714800 -0.075796343 0.030012354 0.995430887
1341846655.442262 -0.125145003 -0.048252262 -0.067336209 0.055974633 -0.086976290 0.034343168 0.994043529
1341846655.474205 -0.126754075 -0.044252120 -0.081497058 0.056743830 -0.096545354 0.032052804 0.993192732
1341846655.510277 -0.133569390 -0.037615210 -0.089055270 0.053423591 -0.105873302 0.029074240 0.992517710
1341846655.542135 -0.120076366 -0.041329503 -0.089879483 0.048690937 -0.114926264 0.031118227 0.991691887
1341846655.578132 -0.107266359 -0.042633355 -0.077368617 0.046303343 -0.124094807 0.032823682 0.990645766
1341846655.642348 -0.111825295 -0.045895375 -0.089077368 0.039556544 -0.142302230 0.029416967 0.988594949
1341846655.678110 -0.113214612 -0.049772408 -0.081581227 0.039335553 -0.151668906 0.031202208 0.987155378
1341846655.710074 -0.088660866 -0.044134207 -0.076245174 0.041094244 -0.166703403 0.032941971 0.984599471
1341846655.748050 -0.091612309 -0.036110558 -0.088190779 0.038700316 -0.176263750 0.032650493 0.983039856
1341846655.810222 -0.090797499 -0.048097663 -0.096343212 0.034500260 -0.193930686 0.035350267 0.979770839
1341846655.846257 -0.084805563 -0.035935529 -0.114112325 0.033892713 -0.203810841 0.034845818 0.977802753
1341846655.910355 -0.072642140 -0.042516381 -0.112936266 0.026858445 -0.223854408 0.033570632 0.973673940
1341846655.946240 -0.071896799 -0.035271507 -0.111673817 0.026289523 -0.233921930 0.031132367 0.971401155
1341846655.978412 -0.061745763 -0.029711438 -0.102055237 0.023720259 -0.242076397 0.031168791 0.969466269
1341846656.014188 -0.063921772 -0.019053848 -0.083728611 0.022511212 -0.244913787 0.030672695 0.968798041
1341846656.046211 -0.050226189 -0.032791562 -0.098177031 0.018815024 -0.249334112 0.032914162 0.967675149
1341846656.078165 -0.055395328 -0.029462468 -0.104936861 0.019213608 -0.252418160 0.033758700 0.966838300
1341846656.114220 -0.056806225 -0.023287933 -0.109340981 0.018002348 -0.256380886 0.033651199 0.965822101
1341846656.146158 -0.051487856 -0.034438744 -0.119620994 0.014694560 -0.262322336 0.033201855 0.964296997
1341846656.178154 -0.048248347 -0.025219575 -0.115155920 0.015644707 -0.268683493 0.032714576 0.962545693
1341846656.214132 -0.043481842 -0.022318851 -0.104502916 0.015633365 -0.274720699 0.032435052 0.960849702
1341846656.246093 -0.034586266 -0.023513896 -0.097827256 0.015921894 -0.278954208 0.033432346 0.959590197
1341846656.282181 -0.040185794 -0.016435625 -0.110755809 0.016303139 -0.280189008 0.032279588 0.959263444
1341846656.314258 -0.033343367 -0.023364211 -0.116210341 0.013838798 -0.285516530 0.031173700 0.957766652
1341846656.346094 -0.029909246 -0.016934793 -0.118989266 0.012925308 -0.289463520 0.029615179 0.956643462
1341846656.382222 -0.029696215 -0.025953829 -0.119954281 0.008953198 -0.293645173 0.029420728 0.955419660
1341846656.414253 -0.058809724 -0.025494967 -0.120976739 0.010703566 -0.299761504 0.027433284 0.953559577
1341846656.446177 -0.047092468 -0.011035567 -0.125616938 0.009747362 -0.308495551 0.027105151 0.950789571
1341846656.482260 -0.047991458 -0.020859316 -0.123401023 0.003206052 -0.314348221 0.026351411 0.948936522
1341846656.519461 -0.026632916 -0.020050986 -0.124529958 0.004305109 -0.324072540 0.028063450 0.945606112
1341846656.582247 -0.015803367 -0.020811157 -0.140091538 -0.001455055 -0.329406917 0.027826397 0.943776786
1341846656.614195 -0.020527534 -0.021218697 -0.138670892 -0.002686125 -0.331278026 0.027614677 0.943125188
1341846656.649995 -0.009776145 -0.024204841 -0.147179648 -0.003286264 -0.333478868 0.028535496 0.942319870
1341846656.682076 -0.021414205 -0.019053854 -0.145380825 -0.002897916 -0.336515665 0.027306175 0.941277444
1341846656.714216 -0.013902359 -0.015851270 -0.149548471 -0.003956605 -0.341205329 0.027766397 0.939570248
1341846656.749974 -0.011711061 -0.016389001 -0.148160905 -0.006869603 -0.342926413 0.028141247 0.938915491
1341846656.782653 -0.012716696 -0.022837060 -0.142685354 -0.007650095 -0.345038086 0.028543979 0.938123345
1341846656.824388 -0.011446998 -0.016919672 -0.154020876 -0.007145862 -0.347500563 0.028651601 0.937214673
1341846656.856226 -0.006883290 -0.005957748 -0.128480643 -0.009070442 -0.350192934 0.027703121 0.936223865
1341846656.892050 -0.007822849 -0.012483216 -0.114359125 -0.011659870 -0.348409772 0.028721051 0.936829686
1341846656.924099 -0.007422086 -0.011423916 -0.123749420 -0.011595313 -0.347031802 0.027749797 0.937371016
1341846656.956112 -0.002042379 -0.004708954 -0.111479983 -0.012499581 -0.342875481 0.026233470 0.938931286
1341846656.992122 -0.003711473 -0.006700215 -0.119767129 -0.014090382 -0.334901571 0.027666936 0.941741467
1341846657.024108 -0.002721995 -0.006756630 -0.108386844 -0.014254181 -0.333278865 0.028958991 0.942275643
1341846657.056121 0.010703869 -0.007463185 -0.098349720 -0.015466770 -0.329586536 0.031101003 0.943486214
1341846657.092006 -0.022040639 -0.009173010 -0.086325645 -0.011290637 -0.315296948 0.030206287 0.948445022
1341846657.124027 0.003513362 -0.021369260 -0.100116581 -0.006715412 -0.307552010 0.035151366 0.950858057
1341846657.155973 0.016393907 -0.014413256 -0.099104896 -0.002460373 -0.297473550 0.039713103 0.953900576
1341846657.192094 0.002811357 -0.010093765 -0.103864968 0.000786492 -0.279585242 0.036948338 0.959409356
1341846657.224195 0.009129532 -0.010851897 -0.099483356 0.003435111 -0.270544499 0.033663791 0.962112606
1341846657.292164 0.004725177 -0.013349425 -0.098989867 0.004787880 -0.250519544 0.029838938 0.967639744
1341846657.354367 0.013350137 -0.009338100 -0.099884562 0.004834379 -0.233017907 0.026327789 0.972103953
1341846657.386193 0.021132063 -0.020035312 -0.090274975 0.002855247 -0.223849103 0.025690952 0.974280953
1341846657.418105 0.021825271 -0.016799977 -0.092466265 0.006367921 -0.212526903 0.025575893 0.976799667
1341846657.454277 0.030133324 -0.017043034 -0.091710329 0.007153499 -0.203431427 0.025294807 0.978736281
1341846657.486117 0.050221018 -0.019387625 -0.094999291 0.007573002 -0.192853063 0.024540210 0.980891466
1341846657.522092 0.040822592 -0.029587826 -0.089439943 0.009865548 -0.178458109 0.023040615 0.983628213
1341846657.554062 0.046069458 -0.018965023 -0.059051011 0.013916884 -0.172195897 0.024308281 0.984664381
1341846657.586078 0.068700656 -0.017284431 -0.064598382 0.013366350 -0.163457304 0.019269606 0.986271620
1341846657.622205 0.050114360 -0.027714781 -0.066017769 0.012687061 -0.146885350 0.019377192 0.988882303
1341846657.654161 0.034271330 -0.023345483 -0.052870810 0.014740686 -0.137324199 0.017262839 0.990266025
1341846657.686517 0.062259320 -0.024855813 -0.044150468 0.014830490 -0.130756974 0.015764887 0.991178155
1341846657.722061 0.054967437 -0.030506754 -0.046892002 0.015708679 -0.114701986 0.013540700 0.993183434
1341846657.754104 0.046242263 -0.022713335 -0.050505679 0.016955344 -0.104808196 0.012222997 0.994272828
1341846657.790066 0.066926807 -0.016321994 -0.069282815 0.013829626 -0.095473751 0.005771979 0.995319128
1341846657.822089 0.041471072 -0.037399311 -0.036054492 0.010448589 -0.074166827 0.002039059 0.997189045
1341846657.853972 0.047196958 -0.035216074 -0.037697509 0.014665788 -0.064238891 0.008362534 0.997791767
1341846657.889993 0.060927149 -0.028888566 -0.059593514 0.013890480 -0.054819122 0.005430712 0.998384953
1341846657.922046 0.052462809 -0.041258655 -0.038066637 0.013030565 -0.038715027 0.007208138 0.999139369
1341846657.954192 0.038380455 -0.030847393 -0.048207041 0.014968650 -0.028084153 0.011157707 0.999431252
1341846657.990141 0.040517442 -0.034062169 -0.040755931 0.011236506 -0.017573714 0.009541111 0.999736905
1341846658.022419 0.022093870 -0.042273030 -0.006607952 0.012234056 -0.006857278 0.011253585 0.999838352
1341846658.090215 0.034476474 -0.034714691 -0.014025414 0.014364033 0.006186464 0.009456712 0.999832988
1341846658.122355 0.016273227 -0.035116535 -0.001499096 0.013036967 0.015632750 0.009843983 0.999744356
1341846658.158136 0.017236011 -0.031216361 -0.003043421 0.011801389 0.019219579 0.009872838 0.999696910
1341846658.190098 0.031448167 -0.035640758 -0.004676543 0.009291480 0.023343528 0.008397008 0.999649048
1341846658.226027 0.014667642 -0.044515233 0.011480033 0.009330393 0.031746306 0.007015077 0.999427795
1341846658.258133 0.007356337 -0.036241908 0.005808786 0.012463882 0.034849893 0.005620341 0.999299049
1341846658.290020 0.013455412 -0.037547879 0.015887246 0.011006689 0.037933234 0.002330036 0.999216974
1341846658.326239 0.004332868 -0.037545681 0.016965773 0.011428214 0.042421523 -0.000783328 0.999034166
1341846658.358248 -0.001834529 -0.018438289 0.000247009 0.010890516 0.042437062 -0.001108296 0.999039173
1341846658.390215 0.015547834 -0.033026982 -0.010163983 0.003102012 0.039750863 -0.004917622 0.999192715
1341846658.426300 0.014938619 -0.040709235 0.008084788 0.000449493 0.042872854 -0.006177764 0.999061286
1341846658.458168 -0.008581048 -0.044436920 0.007800690 0.001796366 0.044176921 -0.005111593 0.999009013
1341846658.494176 -0.027853971 -0.020059010 0.004095634 0.001991834 0.042819608 -0.005532806 0.999065578
1341846658.526214 -0.013641436 -0.029976500 0.005239324 -0.010682532 0.039317470 -0.005330153 0.999155521
1341846658.558129 -0.009067494 -0.027090771 -0.000397123 -0.020389369 0.034804679 -0.000509588 0.999185979
1341846658.594206 -0.010142679 -0.033362951 0.005151702 -0.045622814 0.030379219 -0.002428730 0.998493731
1341846658.626105 -0.025838254 -0.034440100 0.017710421 -0.062775373 0.027486607 -0.004895335 0.997637093
1341846658.658181 -0.026754381 -0.030071184 0.013345012 -0.066455267 0.023956446 -0.006000098 0.997483730
1341846658.694141 -0.022938194 -0.006657246 0.002910242 -0.075048693 0.022393571 -0.000402003 0.996928334
1341846658.726153 -0.036234569 -0.018947240 0.006972172 -0.091424897 0.021530252 -0.001275288 0.995578349
1341846658.762100 -0.022444887 -0.023826301 0.015790153 -0.095059425 0.012508803 0.001356608 0.995392084
1341846658.794185 -0.001044754 -0.029718086 0.006962398 -0.099359155 0.008537700 0.002432022 0.995012045
1341846658.826155 -0.033036519 -0.023083523 0.001685980 -0.110256426 0.017042913 0.001140911 0.993756354
1341846658.862197 -0.047424939 -0.045043454 0.020064931 -0.119406283 0.016001539 0.000761854 0.992716193
1341846658.894170 -0.010029790 -0.043573193 0.004562344 -0.121883921 0.010917106 0.004551422 0.992473900
1341846658.962404 -0.046046365 -0.043123499 0.020169543 -0.137381122 0.022200381 0.006257715 0.990249693
1341846658.994217 -0.041206528 -0.047291711 0.021039907 -0.138876542 0.019227860 0.005311900 0.990108788
1341846659.030070 -0.037951119 -0.049352877 0.021968428 -0.137649581 0.020135680 0.003523767 0.990270019
1341846659.062007 -0.050743870 -0.052348070 0.023169920 -0.133089975 0.021373335 0.004241709 0.990864396
1341846659.094100 -0.049941320 -0.041144572 0.013017524 -0.130000368 0.020403692 0.004165194 0.991295218
1341846659.130368 -0.033375259 -0.048394270 0.012131753 -0.132727817 0.020644864 0.001057872 0.990936935
1341846659.162537 -0.039309848 -0.052338660 0.022388082 -0.130140379 0.021983206 0.002665911 0.991248250
1341846659.198696 -0.046856210 -0.058530688 0.014100836 -0.128854766 0.021949688 0.001299070 0.991419673
1341846659.231286 -0.022773413 -0.045662023 0.006617578 -0.127888128 0.023002034 0.001842939 0.991520107
1341846659.263549 -0.043115940 -0.049285311 0.015528506 -0.128656283 0.027521845 0.004405887 0.991297483
1341846659.298797 -0.029943177 -0.053699732 0.015718082 -0.129833251 0.023672996 0.004930724 0.991240978
1341846659.331074 -0.029335430 -0.043558024 0.010283397 -0.129278451 0.025693465 0.004095122 0.991266906
1341846659.362420 -0.038650621 -0.049790602 0.016596744 -0.130302191 0.029325452 0.005747196 0.991023839
1341846659.398303 -0.051580276 -0.055075433 0.013925091 -0.128497139 0.030915178 0.007370484 0.991200507
1341846659.430262 -0.032615386 -0.046023056 0.006399894 -0.126906857 0.027362419 0.007364756 0.991509795
1341846659.466583 -0.038315695 -0.046738729 0.007991126 -0.128092960 0.031417158 0.006588830 0.991242528
1341846659.498531 -0.046033014 -0.050789744 0.017221335 -0.127027676 0.031972922 0.008730401 0.991345286
1341846659.530267 -0.034391269 -0.049985673 0.009261474 -0.124830507 0.028383199 0.007304725 0.991745114
1341846659.566571 -0.040713612 -0.048634872 0.000344486 -0.123281412 0.032732677 0.006016245 0.991813540
1341846659.598122 -0.047111992 -0.061128899 0.013012482 -0.124604546 0.035518501 0.008442896 0.991534591
1341846659.630209 -0.043344904 -0.052113220 0.012325482 -0.120108500 0.031898379 0.009215066 0.992205381
1341846659.666409 -0.033645336 -0.046373427 0.000143466 -0.119202137 0.030595113 0.006232332 0.992378891
1341846659.698237 -0.048183508 -0.060286555 0.013795311 -0.122867338 0.033391498 0.006377422 0.991840661
1341846659.734169 -0.035286054 -0.052677989 0.013985942 -0.120484188 0.024896191 0.006950772 0.992378652
1341846659.766421 -0.023258833 -0.057250921 0.009103486 -0.121697880 0.020791534 0.003714856 0.992342472
1341846659.798087 -0.037788909 -0.060882714 0.013591172 -0.122170329 0.023626730 0.003247565 0.992222548
1341846659.834075 -0.053964641 -0.067328461 0.015422147 -0.121633023 0.022792170 0.003866090 0.992305875
1341846659.866481 -0.044197362 -0.062720537 0.011412223 -0.120154060 0.017314091 0.003660969 0.992597520
1341846659.898128 -0.041240718 -0.065349303 0.009575764 -0.120234452 0.015644064 0.003624038 0.992615640
1341846659.934286 -0.037612304 -0.055124123 0.011085059 -0.115407169 0.012577919 0.004935306 0.993226349
1341846659.966354 -0.040373184 -0.069216445 0.008503839 -0.115970172 0.008805140 0.005454259 0.993198693
1341846660.002267 -0.039858188 -0.066793352 0.006925172 -0.114712641 0.007509170 0.002761679 0.993366480
1341846660.034581 -0.045242392 -0.072032608 0.008094207 -0.113676034 0.007699446 0.003402010 0.993482172
1341846660.066206 -0.054604359 -0.062305320 0.004644630 -0.107374743 0.003853024 0.003566723 0.994204760
1341846660.102245 -0.040164530 -0.074201882 0.000152719 -0.106096476 -0.001008185 0.000227371 0.994355321
1341846660.140244 -0.049071014 -0.060813617 0.000486895 -0.102991991 0.001501809 -0.000681856 0.994680822
1341846660.202316 -0.047183145 -0.067968220 0.000596899 -0.099308997 -0.006409376 -0.001743716 0.995034456
1341846660.234105 -0.044583686 -0.081411354 -0.002585175 -0.099141590 -0.005600255 -0.001369219 0.995056629
1341846660.270168 -0.065813817 -0.109016143 -0.007609984 -0.096725501 -0.002431141 -0.002111034 0.995305896
1341846660.302258 -0.054884057 -0.119667187 -0.005970096 -0.084832378 -0.009077352 -0.001685460 0.996352494
1341846660.334349 -0.046149645 -0.080147676 -0.013408964 -0.065003775 -0.011305710 -0.003156969 0.997815967
1341846660.370214 -0.044858433 -0.075995199 -0.011012678 -0.060002290 -0.010584394 -0.004438094 0.998132229
1341846660.401986 -0.049363937 -0.066901751 -0.011219067 -0.058397982 -0.012253587 -0.006037005 0.998199880
1341846660.438062 -0.049966779 -0.092451081 -0.012919973 -0.063605480 -0.013252272 -0.006368520 0.997866809
1341846660.470191 -0.051777463 -0.075720899 -0.008009106 -0.056417555 -0.012817579 -0.006960973 0.998300731
1341846660.502233 -0.051737882 -0.064203300 -0.009724861 -0.052595258 -0.015143984 -0.005608855 0.998485327
1341846660.537985 -0.042819228 -0.055439580 -0.012668791 -0.051536504 -0.016891556 -0.006520333 0.998506963
1341846660.570279 -0.049104828 -0.073612228 -0.012197420 -0.053310420 -0.014500850 -0.003637062 0.998466074
1341846660.602130 -0.056068059 -0.075605594 -0.013504820 -0.049522065 -0.015761187 0.000182131 0.998648643
1341846660.638256 -0.042767767 -0.055139404 -0.018956523 -0.045529641 -0.019749749 0.000419038 0.998767674
1341846660.670338 -0.025621021 -0.064929716 -0.014582593 -0.047909994 -0.018723365 0.001072183 0.998675585
1341846660.706457 -0.046063118 -0.084602244 -0.014747430 -0.046096209 -0.014536803 0.003660065 0.998824537
1341846660.738241 -0.040902842 -0.073241130 -0.018199049 -0.037807427 -0.016826442 0.006117689 0.999124646
1341846660.770121 -0.027082535 -0.076083489 -0.020286962 -0.036724526 -0.015353625 0.005121936 0.999194384
1341846660.806117 -0.031572610 -0.092011817 -0.018922571 -0.034577642 -0.010144527 0.006566515 0.999328971
1341846660.838338 -0.037871968 -0.090508595 -0.021720218 -0.024259491 -0.009606118 0.009124945 0.999617875
1341846660.870203 -0.032232642 -0.079738334 -0.023395380 -0.014991215 -0.008934903 0.008219925 0.999813914
1341846660.906366 -0.019537795 -0.090616502 -0.027488001 -0.011771997 -0.004793154 0.008456124 0.999883473
1341846660.938063 -0.035273917 -0.116734825 -0.023441749 -0.006225762 -0.001627517 0.009888520 0.999930382
1341846660.974147 -0.034122869 -0.097148225 -0.031605419 0.008755518 -0.002439237 0.009520404 0.999913394
1341846661.006234 -0.028722011 -0.077826917 -0.021525843 0.015445982 0.000932681 0.009590008 0.999834299
1341846661.038225 -0.047016785 -0.091904946 -0.026768807 0.017020490 0.004219973 0.009708610 0.999799073
1341846661.074059 -0.036643665 -0.097000763 -0.021411639 0.028907003 0.000094134 0.010654776 0.999525309
1341846661.106184 -0.029335493 -0.077402055 -0.025069155 0.038546294 0.001218011 0.010869877 0.999196947
1341846661.138209 -0.038907830 -0.075364560 -0.023520270 0.036185980 0.002962619 0.010422998 0.999286354
1341846661.174244 -0.033399899 -0.086994246 -0.020955512 0.036337387 0.002883653 0.009123526 0.999293745
1341846661.206205 -0.035610858 -0.084266677 -0.022793533 0.040121187 0.003809146 0.009594876 0.999141514
1341846661.242184 -0.034947008 -0.074363381 -0.020364877 0.042270001 0.003786931 0.010301030 0.999045968
1341846661.274177 -0.033151910 -0.070793003 -0.027046688 0.041179188 0.004372751 0.009050064 0.999101222
1341846661.308814 -0.036890715 -0.082383052 -0.023153627 0.037642967 0.003840378 0.009694020 0.999236882
1341846661.342489 -0.032952867 -0.071884170 -0.021042112 0.039201312 0.003094477 0.008918081 0.999186754
1341846661.374640 -0.033643004 -0.084079370 -0.018741913 0.036162686 0.002991371 0.007835126 0.999310732
1341846661.410178 -0.024147043 -0.101005867 -0.037597444 0.038462058 -0.000470631 0.010495533 0.999204814
1341846661.442211 -0.028153356 -0.076635152 -0.026978979 0.045359101 -0.001082359 0.009866366 0.998921454
1341846661.474354 -0.023763748 -0.068900794 -0.027003279 0.044960160 0.000137921 0.009232542 0.998946071
1341846661.510169 -0.026176739 -0.067868188 -0.028895121 0.043160807 -0.001794306 0.009200354 0.999024153
1341846661.542767 -0.011732904 -0.058719043 -0.029292025 0.038967840 -0.005187888 0.006650012 0.999204874
1341846661.574217 -0.026048910 -0.081137538 -0.027166259 0.034110405 -0.001954311 0.005788742 0.999399364
1341846661.610041 -0.035353266 -0.076218307 -0.025124110 0.037876450 -0.003869625 0.006165298 0.999255896
1341846661.642253 -0.023312069 -0.065519027 -0.025694333 0.038030304 -0.005743765 0.006011870 0.999242008
1341846661.678078 -0.029784545 -0.078398362 -0.027725225 0.035165459 -0.005276568 0.006617930 0.999345660
1341846661.710142 -0.035952263 -0.094047062 -0.028699037 0.037358642 -0.006884288 0.007988096 0.999246299
1341846661.742341 -0.039427407 -0.108058564 -0.035378158 0.043546308 -0.007570885 0.004966184 0.999010384
1341846661.778063 -0.037375450 -0.091328576 -0.032539889 0.055068064 -0.007135997 0.002769806 0.998453259
1341846661.810103 -0.043636568 -0.092251398 -0.031157471 0.061926164 -0.006009469 0.002087666 0.998060465
1341846661.842216 -0.037512682 -0.085904308 -0.028825473 0.070667550 -0.007218083 0.001593304 0.997472525
1341846661.878157 -0.031809829 -0.087603219 -0.038769510 0.074621335 -0.006619310 0.000401593 0.997189879
1341846661.910222 -0.033472285 -0.087054603 -0.034764793 0.076003581 -0.003979486 -0.000862176 0.997099221
1341846661.946090 -0.037970744 -0.090091340 -0.030200046 0.079100162 -0.003246455 -0.001159918 0.996860683
1341846662.010311 -0.043658886 -0.101396136 -0.036679156 0.092880651 -0.001868580 -0.004244249 0.995666444
1341846662.046195 -0.041215654 -0.101778820 -0.040839456 0.100804105 -0.004616247 -0.003155545 0.994890571
1341846662.078099 -0.039869089 -0.102049239 -0.039864738 0.106551416 -0.004513058 -0.005233325 0.994283199
1341846662.110672 -0.041801266 -0.103770360 -0.037131608 0.113159291 -0.002177258 -0.005763266 0.993557751
1341846662.146166 -0.040463343 -0.101643257 -0.038965069 0.121433705 -0.004141377 -0.003329589 0.992585361
1341846662.178168 -0.040290229 -0.100092016 -0.042238656 0.129031345 -0.004167142 -0.002536283 0.991628528
1341846662.214136 -0.041177157 -0.102835827 -0.037589241 0.141256571 -0.002011514 -0.001712142 0.989969492
1341846662.246167 -0.041461248 -0.097326733 -0.044217266 0.151398897 -0.003880238 0.002846437 0.988461018
1341846662.278007 -0.037868127 -0.099302642 -0.058619332 0.155536026 -0.003425122 0.000187587 0.987824261
1341846662.314144 -0.040095884 -0.097204186 -0.050285645 0.161400616 -0.001104753 0.000715218 0.986888051
1341846662.346164 -0.041931290 -0.099009112 -0.047663245 0.165539339 -0.002684426 0.001614399 0.986198187
1341846662.378069 -0.040775228 -0.098957084 -0.049957275 0.171772569 -0.002562333 0.001578420 0.985132039
1341846662.414229 -0.041817352 -0.097545110 -0.049137924 0.178876787 -0.000708160 0.003017180 0.983866572
1341846662.446102 -0.038876738 -0.097400546 -0.048474774 0.185302109 -0.002935917 0.004518624 0.982666790
1341846662.482229 -0.041911237 -0.095278241 -0.043405950 0.194198787 -0.002866255 0.003986268 0.980949879
1341846662.514117 -0.041777492 -0.099172264 -0.040293522 0.202542305 -0.002031212 0.007341680 0.979243875
1341846662.546261 -0.041352667 -0.097826131 -0.044871550 0.210318968 -0.002073458 0.006650508 0.977608025
1341846662.582101 -0.042509291 -0.103819862 -0.036853373 0.212044865 -0.000787581 0.004429969 0.977249563
1341846662.620264 -0.040961713 -0.104088217 -0.044285253 0.215044111 0.000622489 0.008193700 0.976569772
1341846662.682024 -0.041073903 -0.102399215 -0.043388680 0.223714560 -0.000539717 0.005816475 0.974637210
1341846662.714075 -0.043856755 -0.104094408 -0.037626848 0.225179479 0.000687086 0.007793682 0.974285901
1341846662.750127 -0.041443303 -0.104095832 -0.034814842 0.230707973 -0.000855511 0.008081095 0.972989082
1341846662.782002 -0.041168269 -0.104213960 -0.038040861 0.232106194 -0.001179748 0.008522931 0.972652376
1341846662.814097 -0.041598812 -0.100663036 -0.050639596 0.228919819 -0.001621272 0.008362413 0.973408043
1341846662.850193 -0.040612563 -0.103121668 -0.037774991 0.231412634 -0.002818752 0.007546636 0.972822309
1341846662.882162 -0.040432595 -0.105204858 -0.038718164 0.232869536 -0.003569985 0.008893396 0.972460747
1341846662.918191 -0.041604422 -0.102541856 -0.045262724 0.231413096 -0.004774033 0.008307958 0.972808361
1341846662.956034 -0.042276282 -0.104308888 -0.037672900 0.232079446 -0.004497311 0.008372227 0.972650409
1341846663.018208 -0.040449105 -0.101964712 -0.037769079 0.237275779 -0.008333606 0.008884163 0.971365929
1341846663.049994 -0.041078266 -0.103141032 -0.037707809 0.236216009 -0.008425227 0.006843095 0.971639931
1341846663.118078 -0.039938584 -0.103600688 -0.036788754 0.238628104 -0.008324457 0.006298824 0.971054912
1341846663.150227 -0.039712328 -0.103454582 -0.042452883 0.239908174 -0.007137664 0.004582838 0.970758498
1341846663.186300 -0.039437391 -0.101894550 -0.042598773 0.238867685 -0.006810693 0.003948054 0.971020222
1341846663.218442 -0.040908810 -0.099221751 -0.051327795 0.234945625 -0.006582082 0.003786553 0.971978843
1341846663.250380 -0.040075000 -0.101496801 -0.050080329 0.228623345 -0.006350286 0.002921822 0.973489881
1341846663.286056 -0.039938588 -0.100995615 -0.047089510 0.223778427 -0.006251493 0.003663639 0.974613130
1341846663.318060 -0.039230812 -0.102879852 -0.045083720 0.214454025 -0.007907393 0.005819072 0.976684749
1341846663.350114 -0.038554281 -0.095888808 -0.055472918 0.204231098 -0.008461033 0.005131520 0.978872657
1341846663.385985 -0.037045144 -0.099251874 -0.053315993 0.195271969 -0.009236898 0.005086708 0.980692387
1341846663.418056 -0.038824689 -0.101655595 -0.050454237 0.189972043 -0.011965350 0.006657551 0.981693983
1341846663.454044 -0.037207693 -0.096249528 -0.058099009 0.182649672 -0.012934941 0.007779953 0.983062148
1341846663.486091 -0.039114948 -0.093393385 -0.062137641 0.175922528 -0.013072922 0.007742297 0.984286726
1341846663.518394 -0.042290796 -0.094651856 -0.057787828 0.167578906 -0.014890051 0.010132584 0.985694110
1341846663.554251 -0.040598981 -0.097186342 -0.054134663 0.161461726 -0.014908619 0.009069262 0.986724675
1341846663.586143 -0.038453728 -0.098733090 -0.055511512 0.153270155 -0.015435086 0.009678092 0.988016367
1341846663.622145 -0.041441683 -0.090795107 -0.055642307 0.146540552 -0.017138889 0.010111707 0.989004433
1341846663.654099 -0.040970296 -0.088484339 -0.057051647 0.141147777 -0.018096177 0.009282897 0.989779592
1341846663.686099 -0.041516069 -0.056829941 -0.032406915 0.134138823 -0.018043162 0.008978357 0.990757585
1341846663.722109 -0.040799405 -0.069816366 -0.029282058 0.125033230 -0.018801250 0.008535942 0.991937637
1341846663.755694 -0.040010426 -0.072354704 -0.031385023 0.120331645 -0.017549448 0.007545557 0.992549896
1341846663.786304 -0.042877361 -0.037563484 -0.034880761 0.111034296 -0.015547286 0.004021060 0.993686855
1341846663.822090 -0.040673986 -0.038222395 -0.030690851 0.092466183 -0.014918177 0.005566740 0.995588481
1341846663.854115 -0.039833840 -0.059337623 -0.027096044 0.083346628 -0.014358383 0.004903018 0.996405125
1341846663.890140 -0.041337330 -0.018926173 -0.030298049 0.078806952 -0.012335226 0.002097253 0.996811390
1341846663.921987 -0.047124829 -0.035109155 -0.034455094 0.053949457 -0.010130682 0.000394782 0.998492181
1341846663.954282 -0.037989091 -0.036745720 -0.042148348 0.040897842 -0.010641083 0.002389370 0.999103844
1341846663.990370 -0.031761222 -0.028391181 -0.040170293 0.033117503 -0.008549720 0.001465148 0.999413848
1341846664.022124 -0.043381914 -0.016195610 -0.033652138 0.020016115 -0.004697818 -0.000753332 0.999788344
1341846664.054171 -0.040508028 -0.021732869 -0.038913257 0.004501056 -0.003930027 -0.002247714 0.999979615
1341846664.090250 -0.050088212 -0.035632119 -0.037935391 -0.008296005 -0.000794134 -0.004102739 0.999956846
1341846664.122237 -0.047737323 -0.053615261 -0.028486039 -0.014836350 -0.000540779 -0.004210780 0.999880910
1341846664.158241 -0.056371439 -0.042718489 -0.036191225 -0.019090423 -0.000048144 -0.005065445 0.999804914
1341846664.190141 -0.047886025 -0.035773456 -0.034738228 -0.028210917 -0.000884804 -0.006234545 0.999582171
1341846664.222189 -0.051969759 -0.051485747 -0.030133232 -0.038495101 0.001012349 -0.005301800 0.999244213
1341846664.258172 -0.052913498 -0.054606657 -0.031688198 -0.043360215 0.000645282 -0.005525254 0.999044061
1341846664.290022 -0.044301964 -0.039831012 -0.036515381 -0.047824662 0.001041145 -0.005863287 0.998838007
1341846664.322491 -0.053507991 -0.034730695 -0.036737096 -0.057403926 0.004397632 -0.007613895 0.998312354
1341846664.358302 -0.041283417 -0.056111529 -0.037110928 -0.069586076 0.002051778 -0.004758873 0.997562468
1341846664.390101 -0.041194487 -0.053898320 -0.035784107 -0.076541968 0.002072161 -0.006236698 0.997044683
1341846664.426143 -0.039984778 -0.049456086 -0.035385676 -0.084077589 0.003166716 -0.006861302 0.996430576
1341846664.458304 -0.045707971 -0.042205069 -0.038403682 -0.091483362 0.004693250 -0.007151215 0.995769858
1341846664.490116 -0.032457653 -0.043800056 -0.035095230 -0.101194531 0.004283631 -0.006744895 0.994834602
1341846664.526173 -0.044523764 -0.045788534 -0.037086181 -0.109730802 0.007128933 -0.007877240 0.993904591
1341846664.558129 -0.048876904 -0.036628440 -0.039156191 -0.115565449 0.007394941 -0.005895074 0.993254840
1341846664.590129 -0.037263822 -0.032161817 -0.033459283 -0.122284427 0.007578975 -0.005843530 0.992448926
1341846664.626196 -0.053492226 -0.063841701 -0.029904626 -0.130870342 0.012835795 -0.006158101 0.991297245
1341846664.658276 -0.032650124 -0.084524840 -0.031536169 -0.131798968 0.008299766 -0.004745920 0.991230369
1341846664.694136 -0.045183957 -0.047953621 -0.032250032 -0.123892941 0.010967528 -0.005647996 0.992218912
1341846664.726667 -0.051319689 -0.059144147 -0.032311641 -0.129236236 0.015614161 -0.007558824 0.991462052
1341846664.758141 -0.062443819 -0.048670154 -0.030641766 -0.128691450 0.017374089 -0.007013897 0.991507649
1341846664.794104 -0.046805140 -0.057970975 -0.032934017 -0.131458372 0.012932349 -0.006603701 0.991215348
1341846664.826123 -0.052997019 -0.052795988 -0.031951588 -0.132941663 0.015559589 -0.007080791 0.990976453
1341846664.862093 -0.050412942 -0.054577470 -0.030605666 -0.134741217 0.013917231 -0.004430506 0.990773141
1341846664.894198 -0.034102470 -0.061243892 -0.031814560 -0.136440963 0.010376346 -0.003252516 0.990588546
1341846664.926270 -0.035499718 -0.052278802 -0.034797844 -0.136376306 0.013889495 -0.004170636 0.990550935
1341846664.962375 -0.046430498 -0.051830519 -0.038102135 -0.138019666 0.016077876 -0.003210793 0.990293741
1341846664.997077 -0.053189721 -0.042712528 -0.037535746 -0.138904914 0.017386554 -0.004689057 0.990141988
1341846665.026380 -0.050169691 -0.052996412 -0.036365196 -0.143441901 0.017929059 -0.005929302 0.989478528
1341846665.062417 -0.052092012 -0.053531311 -0.031101793 -0.144885525 0.018466197 -0.005362259 0.989261568
1341846665.094077 -0.045620561 -0.037079059 -0.041583832 -0.144213304 0.016394638 -0.004936740 0.989398479
1341846665.130160 -0.045648411 -0.040038496 -0.042726554 -0.150067091 0.019885294 -0.004691174 0.988464653
1341846665.162114 -0.059288722 -0.044846505 -0.039172895 -0.154612482 0.021830892 -0.004278214 0.987724721
1341846665.194100 -0.058199313 -0.032096215 -0.039400786 -0.154356197 0.020079227 -0.003223590 0.987805963
1341846665.230221 -0.027708579 -0.029096752 -0.048981134 -0.159721017 0.017265221 -0.002849149 0.987007082
1341846665.262005 -0.047866087 -0.022204004 -0.045718417 -0.168456465 0.022346472 -0.004850753 0.985443830
1341846665.300077 -0.056127295 -0.022038769 -0.046169728 -0.175932139 0.023451939 -0.004294410 0.984113514
1341846665.362294 -0.064895056 -0.032937925 -0.041828774 -0.187651828 0.029407898 -0.005297274 0.981781006
1341846665.398079 -0.053757627 -0.018174399 -0.051128671 -0.187976301 0.024745595 -0.004423268 0.981851816
1341846665.430162 -0.038520005 -0.036070593 -0.055211373 -0.200710103 0.024257911 -0.007998408 0.979317605
1341846665.462226 -0.042843744 -0.034841191 -0.054471962 -0.211416915 0.029280746 -0.007150040 0.976931095
1341846665.498226 -0.052053969 -0.048117943 -0.050741091 -0.219135389 0.029070824 -0.006864130 0.975237131
1341846665.530109 -0.049265541 -0.039917052 -0.049448960 -0.218390018 0.028042099 -0.007087402 0.975432813
1341846665.562222 -0.064078905 -0.048360214 -0.049879558 -0.220895991 0.032814685 -0.006781226 0.974721551
1341846665.598196 -0.053232934 -0.044260614 -0.050308939 -0.221716240 0.029551568 -0.005016142 0.974650443
1341846665.630107 -0.046299081 -0.035427552 -0.056690909 -0.223417848 0.028722310 -0.005555432 0.974283636
1341846665.666289 -0.046920002 -0.039419606 -0.063016608 -0.227948859 0.031363718 -0.005509288 0.973152220
1341846665.698060 -0.060706299 -0.051466729 -0.060961396 -0.233549327 0.032314196 -0.005300223 0.971793413
1341846665.730361 -0.035725988 -0.040560752 -0.058180690 -0.234061360 0.027256893 -0.005475075 0.971824229
1341846665.766193 -0.043306969 -0.034212288 -0.065821737 -0.236682564 0.031120511 -0.006084445 0.971069455
1341846665.798338 -0.046489097 -0.040881466 -0.068436921 -0.241073564 0.032560959 -0.004955534 0.969947815
1341846665.834237 -0.040969804 -0.043232866 -0.068367735 -0.245649993 0.031429768 -0.006495735 0.968827128
1341846665.866106 -0.034758188 -0.032103948 -0.069691017 -0.249352008 0.032656729 -0.006372129 0.967841148
1341846665.898073 -0.020183267 -0.002617586 -0.078155294 -0.250669718 0.032827519 -0.006319690 0.967495263
1341846665.934076 -0.038247272 0.001619626 -0.090351634 -0.254471660 0.035326190 -0.004982623 0.966421962
1341846665.966137 -0.057250015 -0.015066193 -0.086812750 -0.262222081 0.038852401 -0.005341465 0.964210331
1341846665.998149 -0.043313187 -0.007987320 -0.085113429 -0.265402973 0.039969273 -0.004191139 0.963299632
1341846666.034210 -0.040809106 0.003931928 -0.092496216 -0.262732863 0.038693711 -0.001377056 0.964091480
1341846666.072502 -0.048673198 0.000130132 -0.091294259 -0.264731973 0.039560966 -0.001579753 0.963508904
1341846666.134147 -0.038389042 0.002172574 -0.097104430 -0.272216737 0.040378053 -0.001272067 0.961387575
1341846666.166356 -0.048613250 0.002373304 -0.096331179 -0.273589671 0.041044902 -0.001625043 0.960968971
1341846666.202327 -0.052126005 -0.000334654 -0.098416686 -0.276320368 0.044050559 -0.002063380 0.960053265
1341846666.234319 -0.040908791 0.006347634 -0.100791350 -0.277644306 0.040365629 -0.001647791 0.959834158
1341846666.266322 -0.042817377 -0.004268311 -0.102006562 -0.284340203 0.038437940 -0.000982983 0.957952082
1341846666.302195 -0.063948460 -0.084964275 -0.065817885 -0.313257664 0.044619188 -0.001266887 0.948618591
1341846666.335080 -0.054725315 -0.054731362 -0.075291224 -0.318000019 0.042726558 -0.002867706 0.947123110
1341846666.370216 -0.053367294 -0.039230082 -0.080149174 -0.320891649 0.039406568 -0.000981420 0.946295261
1341846666.402019 -0.059655517 -0.037235692 -0.081197277 -0.326791137 0.041345090 0.001294942 0.944190919
1341846666.434088 -0.049167298 0.010781344 -0.101237088 -0.322298557 0.040960185 0.005202853 0.945737183
1341846666.470060 -0.055772509 0.010641728 -0.099253237 -0.324015796 0.039759636 0.009295865 0.945170105
1341846666.502190 -0.055552263 -0.036593791 -0.082038447 -0.339535058 0.040768418 0.012288922 0.939629138
1341846666.534121 -0.051220592 -0.019495457 -0.088729858 -0.347038835 0.042823449 0.010983405 0.936808169
1341846666.570131 -0.047594294 -0.008422818 -0.093599103 -0.352239400 0.041805241 0.013418965 0.934879482
1341846666.602180 -0.049734011 0.010507036 -0.098492108 -0.354906380 0.041385569 0.015409959 0.933858275
1341846666.638072 -0.051126380 0.008801341 -0.099328481 -0.361314595 0.043175533 0.015524631 0.931314468
1341846666.670134 -0.071383409 0.051284339 -0.116918012 -0.355961621 0.045087203 0.016883405 0.933259547
1341846666.738266 -0.070470273 0.057812072 -0.123376027 -0.358610630 0.042662308 0.017840892 0.932341158
1341846666.770390 -0.070359543 0.051821765 -0.118683711 -0.362393498 0.040742237 0.020128518 0.930916667
1341846666.802119 -0.071086645 0.051627252 -0.123180375 -0.363527626 0.037903506 0.023221251 0.930522323
1341846666.838108 -0.064808212 0.060920361 -0.125814676 -0.363786727 0.035669319 0.025514141 0.930449307
1341846666.870483 -0.066034757 0.069974422 -0.133510366 -0.364416331 0.035725687 0.026118778 0.930184007
1341846666.906019 -0.075284317 0.069256946 -0.138324261 -0.367030978 0.036533326 0.025627350 0.929137647
1341846666.937989 -0.071965858 0.076722585 -0.143325984 -0.368994087 0.033752009 0.024393341 0.928498328
1341846666.970036 -0.053558007 0.068275377 -0.137251288 -0.375118524 0.030185653 0.025780454 0.926126480
1341846667.006200 -0.069739729 0.070636518 -0.138874546 -0.376630694 0.032951266 0.022909079 0.925493777
1341846667.038153 -0.085756294 0.045647845 -0.145953149 -0.382538050 0.032389171 0.023477059 0.923073351
1341846667.074153 -0.038672104 0.115453355 -0.164629236 -0.376418382 0.021658320 0.020763677 0.925963819
1341846667.106156 -0.073675193 0.072284609 -0.145963237 -0.391518325 0.029844720 0.017928755 0.919511437
1341846667.138108 -0.069850102 0.062794164 -0.138837695 -0.393308192 0.024999049 0.017990004 0.918890655
1341846667.174105 -0.049997061 0.067565650 -0.148549885 -0.389490366 0.020826988 0.015047474 0.920672059
1341846667.206107 -0.061753560 0.054480448 -0.145933256 -0.390177697 0.025836039 0.010421197 0.920318007
1341846667.238075 -0.076184079 0.047626249 -0.139087781 -0.388082325 0.027333608 0.007944399 0.921185017
1341846667.274016 -0.062363941 0.039777197 -0.154592618 -0.380971670 0.024288928 0.002054262 0.924265325
1341846667.306189 -0.098797150 -0.025686663 -0.119270980 -0.384932995 0.033463251 -0.003861670 0.922329605
1341846667.342253 -0.062606856 -0.013230611 -0.123937875 -0.369770676 0.023362994 -0.000969076 0.928828776
1341846667.374345 -0.033958130 0.011851072 -0.134493828 -0.357063472 0.016755616 -0.000598018 0.933929622
1341846667.406982 -0.067996457 -0.033738513 -0.127826720 -0.357459873 0.025481503 -0.009604417 0.933531404
1341846667.442109 -0.081198283 -0.083294012 -0.105899319 -0.355218709 0.026645396 -0.008559652 0.934364200
1341846667.474109 -0.091112822 -0.067029200 -0.126607031 -0.338603735 0.026567820 -0.011025586 0.940489292
1341846667.506006 -0.106613651 -0.073925309 -0.123906076 -0.328195393 0.030241162 -0.016654806 0.943978727
1341846667.542298 -0.111049287 -0.153344080 -0.096525058 -0.329032034 0.028630909 -0.013482015 0.943788350
1341846667.574196 -0.097962543 -0.092892736 -0.125163481 -0.301429480 0.023783393 -0.016506230 0.953048885
1341846667.610099 -0.108298302 -0.041471280 -0.147813350 -0.280765951 0.027441924 -0.018537162 0.959204733
1341846667.642293 -0.141162232 0.019779101 -0.167844683 -0.261669338 0.033372633 -0.015060968 0.964462817
1341846667.674072 -0.149678096 0.034610257 -0.175726071 -0.255825371 0.034532476 -0.015513864 0.965981483
1341846667.710179 -0.151238114 0.037820853 -0.171895862 -0.254787415 0.037898071 -0.017773010 0.966090679
1341846667.742255 -0.135771766 0.007054605 -0.165202409 -0.255709916 0.035546865 -0.018093202 0.965930402
1341846667.774114 -0.140624329 0.006143115 -0.162675992 -0.248500720 0.035166308 -0.016101075 0.967859209
1341846667.810099 -0.149694040 0.001099646 -0.164385647 -0.245437875 0.040303349 -0.019012805 0.968387544
1341846667.842103 -0.145985484 0.000874378 -0.156733602 -0.240834549 0.041124903 -0.020450264 0.969478846
1341846667.878139 -0.110317364 0.007586226 -0.161608860 -0.230088294 0.033902466 -0.017481752 0.972421944
1341846667.910558 -0.129101396 0.012604780 -0.162530139 -0.223955974 0.040712755 -0.020121926 0.973540604
1341846667.942116 -0.152107418 -0.013216779 -0.149755940 -0.223747820 0.047627654 -0.022472266 0.973223269
1341846667.978287 -0.154508635 -0.007343475 -0.151049256 -0.215303466 0.047388829 -0.019405238 0.975203633
1341846668.010215 -0.155393749 -0.023590714 -0.147898972 -0.210491464 0.050669808 -0.022066217 0.976032257
1341846668.046247 -0.153833821 -0.017639596 -0.144260615 -0.200907588 0.053514916 -0.021947743 0.977901161
1341846668.078111 -0.159701660 -0.027842224 -0.139099896 -0.193822041 0.054737095 -0.019942999 0.979305446
1341846668.110130 -0.162787125 -0.027730942 -0.140086964 -0.186099142 0.058135837 -0.022081144 0.980560958
1341846668.146332 -0.182503670 -0.032615922 -0.132910863 -0.180007815 0.063765541 -0.022994723 0.981326818
1341846668.178208 -0.162293598 -0.021147070 -0.135528222 -0.166099727 0.057874043 -0.019281393 0.984220326
1341846668.211262 -0.174304008 -0.034436386 -0.126759052 -0.157645464 0.059914451 -0.021586021 0.985440075
1341846668.246163 -0.182507098 -0.028377187 -0.130998656 -0.143100530 0.062627524 -0.020292237 0.987516224
1341846668.278397 -0.197228462 -0.056386411 -0.118735209 -0.135668591 0.062711552 -0.016617505 0.988627911
1341846668.314248 -0.178867087 -0.044164237 -0.120799802 -0.123706296 0.059719659 -0.017959381 0.990357399
1341846668.346231 -0.194991112 -0.024945009 -0.121840298 -0.114011526 0.064107187 -0.017233666 0.991259098
1341846668.378099 -0.189631790 -0.033444293 -0.118913576 -0.109818757 0.061802819 -0.014298902 0.991925299
1341846668.414247 -0.189220056 -0.032772079 -0.118419923 -0.103285827 0.062132273 -0.015526062 0.992587805
1341846668.445965 -0.178062037 -0.042283505 -0.119887531 -0.097119845 0.060501423 -0.013211953 0.993344247
1341846668.478153 -0.216888368 -0.064083204 -0.100960836 -0.082137324 0.064990453 -0.010132437 0.994448066
1341846668.514213 -0.184588164 -0.029898563 -0.119260021 -0.061656725 0.059190784 -0.012487369 0.996262491
1341846668.546115 -0.183332503 -0.027372694 -0.117356837 -0.054673873 0.059051476 -0.013950870 0.996658921
1341846668.582467 -0.178245798 -0.036929652 -0.119461626 -0.049301036 0.057221457 -0.015003962 0.997030556
1341846668.614140 -0.197391108 -0.057350256 -0.121452816 -0.039444793 0.061129477 -0.018537324 0.997177839
1341846668.646312 -0.180060878 -0.028162155 -0.132408679 -0.021029882 0.056325950 -0.015413335 0.998071909
1341846668.682455 -0.176009938 -0.035045579 -0.125851080 -0.015568218 0.053122900 -0.017192181 0.998318613
1341846668.714133 -0.174826413 -0.040163226 -0.131958961 -0.003222710 0.049828257 -0.016889447 0.998609781
1341846668.746132 -0.180114895 -0.015050285 -0.132248878 0.009369371 0.048829321 -0.018426822 0.998593211
1341846668.782338 -0.169530585 0.009091341 -0.125790223 0.012257837 0.046962466 -0.017829360 0.998662293
1341846668.814140 -0.167816788 -0.001305353 -0.123698018 0.008981159 0.046927404 -0.019373614 0.998670042
1341846668.850214 -0.166183025 0.003486207 -0.126568243 0.009710764 0.045552757 -0.017749906 0.998757005
1341846668.882442 -0.167802170 0.008670023 -0.128595337 0.007691954 0.044786058 -0.019967467 0.998767376
1341846668.914289 -0.174936473 -0.003451949 -0.130250558 0.005177360 0.044672392 -0.022882076 0.998726189
1341846668.950088 -0.173278809 0.000461810 -0.127589613 0.007284001 0.040371317 -0.024986854 0.998845696
1341846668.982227 -0.162598297 0.023481030 -0.133838430 0.006521012 0.036024515 -0.027982626 0.998937726
1341846669.014062 -0.163984939 0.014025078 -0.140147895 -0.003109929 0.034739241 -0.034755345 0.998787045
1341846669.050056 -0.172123671 0.016637230 -0.133612260 -0.007086501 0.032069765 -0.039419569 0.998682797
1341846669.082525 -0.165173724 0.029100921 -0.141554803 -0.010183398 0.027023941 -0.045995537 0.998524129
1341846669.118346 -0.164817959 0.029205069 -0.139875829 -0.020035174 0.025900228 -0.056764692 0.997850478
1341846669.150086 -0.174462542 0.019529980 -0.134427801 -0.026529409 0.023788739 -0.063282773 0.997359335
1341846669.182477 -0.164008901 0.019304138 -0.133971229 -0.028250584 0.018439204 -0.069890939 0.996984005
1341846669.218046 -0.154313684 0.024039883 -0.140610829 -0.034914974 0.017567808 -0.078939445 0.996112883
1341846669.250205 -0.162172869 0.018521298 -0.132923454 -0.040235642 0.016633760 -0.082600564 0.995631218
1341846669.286114 -0.153639644 0.015089252 -0.131261796 -0.041473482 0.013001272 -0.087667048 0.995201170
1341846669.318030 -0.146938264 0.022028487 -0.136317432 -0.042598259 0.013573413 -0.093147941 0.994647980
1341846669.350255 -0.158963308 0.024915390 -0.141158760 -0.043598458 0.012734165 -0.098812059 0.994069040
1341846669.418200 -0.150747359 0.031964011 -0.139416844 -0.051840823 0.008397046 -0.119254164 0.991473913
1341846669.450219 -0.149168193 0.010246465 -0.137279645 -0.059998561 0.005738934 -0.130133078 0.989662886
1341846669.486175 -0.147953704 0.035387021 -0.148155272 -0.058716580 0.003418611 -0.139732733 0.988440871
1341846669.518033 -0.144833386 0.029776040 -0.142614692 -0.066875748 0.004454032 -0.152481303 0.986031055
1341846669.554159 -0.147043183 0.038544126 -0.134184554 -0.070837714 0.005995527 -0.161900714 0.984242976
1341846669.586348 -0.142861784 0.043474883 -0.137630552 -0.073984474 0.004393035 -0.169787839 0.982689738
1341846669.617976 -0.128487140 0.003087839 -0.157712802 -0.089021645 0.003942782 -0.180745766 0.979484856
1341846669.654096 -0.152044117 0.037041340 -0.136710867 -0.087586164 0.012015578 -0.189240769 0.977942884
1341846669.686069 -0.148214296 0.025415648 -0.140787572 -0.089479618 0.011949957 -0.195129976 0.976613998
1341846669.718075 -0.131697819 0.031807307 -0.155680418 -0.090698898 0.011088635 -0.200542539 0.975414455
1341846669.754171 -0.129186079 0.007629961 -0.162219062 -0.101660609 0.013132295 -0.210555181 0.972192943
1341846669.786139 -0.135064960 0.027540958 -0.146585152 -0.102596276 0.016968379 -0.219154999 0.970132530
1341846669.822151 -0.135747522 0.005538091 -0.161521405 -0.109354869 0.017201019 -0.226871416 0.967613041
1341846669.854118 -0.139990389 0.026263282 -0.167096779 -0.111280978 0.020349160 -0.235028625 0.965382814
1341846669.886219 -0.151370227 0.022296011 -0.156194210 -0.118380018 0.024506953 -0.245183900 0.961909771
1341846669.922050 -0.143876985 0.028122421 -0.149955094 -0.119658247 0.024959443 -0.253925741 0.959468961
1341846669.954047 -0.130102918 0.022814933 -0.169736773 -0.123879194 0.023700327 -0.259608388 0.957442284
1341846669.986285 -0.130152002 0.023614388 -0.173602626 -0.130804062 0.027174044 -0.268485099 0.953974664
1341846670.022242 -0.138309494 0.037052069 -0.159201875 -0.132380962 0.032779086 -0.279148608 0.950514019
1341846670.054135 -0.122349352 0.039169662 -0.167504907 -0.133753121 0.032835227 -0.284564704 0.948712170
1341846670.090228 -0.118714020 0.036893729 -0.168066785 -0.138975233 0.035214279 -0.293765098 0.945065022
1341846670.121996 -0.130877703 0.036562048 -0.167979002 -0.143610358 0.042121202 -0.306731999 0.939956069
1341846670.154057 -0.114661619 0.043039981 -0.172667444 -0.145652696 0.044548884 -0.315521538 0.936614573
1341846670.190103 -0.118495122 0.041745409 -0.166605681 -0.149859548 0.047620591 -0.324030101 0.932887375
1341846670.222197 -0.124764323 0.025532607 -0.168975592 -0.154476106 0.051394265 -0.337360770 0.927191198
1341846670.258571 -0.122118413 0.039129242 -0.170341849 -0.153322816 0.057093374 -0.344048589 0.924588025
1341846670.290254 -0.123339668 0.042821772 -0.166022211 -0.154928744 0.060127776 -0.350699216 0.921624541
1341846670.358377 -0.157434061 0.038259082 -0.183628917 -0.155040652 0.078312121 -0.367920965 0.913489878
1341846670.390114 -0.144682065 0.037403047 -0.167734683 -0.153310835 0.083297119 -0.373879045 0.910918117
1341846670.422206 -0.151130021 0.049331531 -0.154998064 -0.148558646 0.091828033 -0.382336080 0.907368183
1341846670.464003 -0.163384408 0.028177157 -0.171426266 -0.144854084 0.101096526 -0.394248754 0.901867330
1341846670.526271 -0.153943568 0.018900327 -0.184069470 -0.138697416 0.113748550 -0.408668220 0.894882441
1341846670.566977 -0.151531488 0.026943108 -0.172558501 -0.135825545 0.118496917 -0.411134094 0.893576324
1341846670.596103 -0.144711971 0.034737673 -0.185113311 -0.130676270 0.120364428 -0.415914088 0.891880929
1341846670.628412 -0.147035539 0.031887468 -0.176243827 -0.128499076 0.123799831 -0.421429425 0.889133751
1341846670.664027 -0.151574433 0.035591617 -0.186421379 -0.123863354 0.128713191 -0.427419811 0.886229694
1341846670.696002 -0.171654016 0.012588995 -0.177609816 -0.121541053 0.134959042 -0.436280310 0.881290734
1341846670.728093 -0.169477433 0.014555197 -0.177227050 -0.114939608 0.139568105 -0.442145258 0.878531277
1341846670.764128 -0.174516261 0.014334686 -0.184832424 -0.110966422 0.146103665 -0.447774619 0.875121772
1341846670.796059 -0.180597991 0.011298264 -0.188244149 -0.105798423 0.153605238 -0.454267114 0.871122003
1341846670.832246 -0.166179389 0.018880783 -0.183136299 -0.095964387 0.155740201 -0.452964127 0.872559071
1341846670.863970 -0.161247909 0.020802636 -0.191842675 -0.090682149 0.156821862 -0.449870259 0.874528706
1341846670.896139 -0.174082398 -0.004168361 -0.191048935 -0.088669084 0.162411675 -0.454322815 0.871407449
1341846670.932028 -0.160521969 0.003929822 -0.176153794 -0.076441579 0.167564675 -0.448852241 0.874420047
1341846670.964063 -0.153419986 0.012530517 -0.165936470 -0.063991122 0.167066574 -0.441306859 0.879341841
1341846671.000270 -0.172353715 0.001809310 -0.180708691 -0.059103966 0.169225156 -0.443247318 0.878294587
1341846671.032112 -0.171035320 0.002144046 -0.199574798 -0.050505634 0.175788656 -0.446948230 0.875662506
1341846671.064030 -0.169541568 -0.010471938 -0.191236973 -0.044040885 0.177953601 -0.451324970 0.873326242
1341846671.101398 -0.160915047 -0.011211786 -0.197790980 -0.036178675 0.176852271 -0.456173241 0.871389866
1341846671.132289 -0.172858000 -0.021729203 -0.192167431 -0.027734429 0.180336803 -0.465816379 0.865866363
1341846671.168159 -0.157283068 -0.027238607 -0.235099316 -0.015186663 0.176436722 -0.469279438 0.865110517
1341846671.200149 -0.163589522 -0.013725363 -0.176550180 -0.002338531 0.172555059 -0.469263107 0.866032004
1341846671.232280 -0.169454843 -0.014610413 -0.211832315 0.007304027 0.172282651 -0.475901604 0.862428546
1341846671.268147 -0.152373418 -0.016671281 -0.200672820 0.018710567 0.172224864 -0.474913597 0.862812579
1341846671.300337 -0.145733416 -0.016060639 -0.207195371 0.026870539 0.167861328 -0.476351589 0.862664342
1341846671.336125 -0.166790307 -0.026475009 -0.218573004 0.030351119 0.167027339 -0.482694507 0.859177947
1341846671.368236 -0.154483914 -0.030942500 -0.219005466 0.036878318 0.165940821 -0.484753549 0.857972980
1341846671.400327 -0.145915762 -0.030171607 -0.219432026 0.042263240 0.161332697 -0.486777246 0.857457578
1341846671.436064 -0.159544453 -0.028760228 -0.221041411 0.047005661 0.159337476 -0.493113488 0.853956163
1341846671.468197 -0.155392662 -0.030067399 -0.222637162 0.052078877 0.157968566 -0.497659326 0.851274848
1341846671.504294 -0.169185117 -0.023955911 -0.229053423 0.053858299 0.155171469 -0.501615345 0.849354506
1341846671.536197 -0.162779063 -0.032689087 -0.216709897 0.058642142 0.144706890 -0.511940360 0.844711781
1341846671.568120 -0.160365015 -0.028859776 -0.226336390 0.066428475 0.141611576 -0.519031703 0.840321064
1341846671.604188 -0.156310409 -0.031880327 -0.226319402 0.070367366 0.136027232 -0.522351682 0.838864505
1341846671.704027 -0.149733722 -0.039079264 -0.248227000 0.089585163 0.112581015 -0.537784278 0.830715418
1341846676.424250 -0.043930050 0.056913778 -0.219942808 0.023803225 -0.036037229 0.080506839 0.995817959
