1341846226.817920 0.000000000 0.000000000 0.000000000 0.000000000 0.000000000 0.000000000 1.000000000
1341846226.850323 0.003694864 -0.001296987 0.001884105 0.000742410 -0.000483322 -0.002455852 0.999996603
1341846226.881894 0.007466256 0.002677801 0.000851235 0.001635453 0.000388563 -0.003043796 0.999993920
1341846226.917980 -0.002523025 0.001421554 0.001719820 0.000643913 0.000478650 -0.003419432 0.999993801
1341846226.950000 -0.003241969 -0.004281866 0.006259895 0.000867137 -0.001619869 -0.003139687 0.999993384
1341846226.985981 -0.000364240 -0.001192995 0.002798384 0.003015930 -0.002593023 -0.003602418 0.999985576
1341846227.017919 0.000680095 0.001713760 0.000979066 0.003041061 -0.003524450 -0.003725385 0.999982238
1341846227.050040 0.002246413 -0.003808328 0.004145690 0.002149074 -0.004246200 -0.004482851 0.999978602
1341846227.085982 0.005337738 -0.002301447 0.002805760 0.003091044 -0.004441847 -0.005037776 0.999972641
1341846227.118052 0.005940418 0.000593454 0.005564169 0.003859161 -0.004418704 -0.005356226 0.999968469
1341846227.149935 0.004478651 0.000290680 0.003882699 0.004501197 -0.004667461 -0.004949514 0.999966741
1341846227.186053 0.002955671 0.003993065 0.000770396 0.004634582 -0.005350477 -0.005719937 0.999958575
1341846227.218443 0.006620169 -0.001250745 0.005796912 0.002942938 -0.006179392 -0.007451278 0.999948800
1341846227.253944 0.010101262 -0.004363169 0.007628334 0.003875481 -0.006408845 -0.009073886 0.999930799
1341846227.285981 0.003150358 -0.003632715 0.004868822 0.005124244 -0.006034659 -0.010366668 0.999914944
1341846227.320064 0.006938631 -0.002088186 0.004837158 0.005383281 -0.008263027 -0.011292619 0.999887586
1341846227.353969 0.002453305 0.000788538 0.004924081 0.006211638 -0.009397901 -0.013646958 0.999843419
1341846227.385846 0.001232547 0.008428890 0.000352780 0.006579864 -0.011696154 -0.014338030 0.999807119
1341846227.418015 -0.001673807 0.010028619 0.000121430 0.005345921 -0.014615132 -0.016891839 0.999736190
1341846227.453997 0.001934586 0.007193170 0.001288014 0.003757404 -0.017653650 -0.020677477 0.999623239
1341846227.485981 0.003176458 0.005643004 0.002036190 0.002763058 -0.018744076 -0.023219202 0.999550819
1341846227.521976 0.001380335 0.001942445 0.005596273 0.002259052 -0.020289591 -0.023548482 0.999514222
1341846227.553980 -0.000182245 -0.002765070 0.005583454 0.003403627 -0.022419257 -0.024866849 0.999433577
1341846227.586047 0.004067975 0.004735838 0.003988524 0.006036417 -0.023323724 -0.027980255 0.999318123
1341846227.622081 0.007692538 0.008900654 0.003421685 0.006045430 -0.023106022 -0.031086378 0.999231279
1341846227.653945 0.002551025 0.000938137 0.006713814 0.004916433 -0.022891754 -0.030693274 0.999254584
1341846227.686038 0.010543947 -0.010287554 0.009605219 0.006569362 -0.024894848 -0.030612558 0.999199688
1341846227.721966 0.018777335 -0.000868157 0.008690276 0.010093148 -0.023673194 -0.031566437 0.999170303
1341846227.754130 0.017868362 -0.003422173 0.007903066 0.010839734 -0.020665050 -0.031577859 0.999228835
1341846227.789951 0.019590626 -0.005778289 0.005835865 0.011884638 -0.018884739 -0.029505616 0.999315560
1341846227.821920 0.020697646 -0.006239092 0.004388192 0.012290165 -0.017184319 -0.029121492 0.999352574
1341846227.854275 0.011776373 -0.011458368 0.003248587 0.011663499 -0.013600215 -0.030217946 0.999382734
1341846227.889935 0.012730723 -0.008253703 0.003725209 0.012456000 -0.012066010 -0.029154724 0.999424458
1341846227.921967 0.014321861 -0.013559424 0.002113876 0.011696398 -0.011409778 -0.028159916 0.999469876
1341846227.958123 0.019081954 -0.010230009 0.002403252 0.012400338 -0.010744022 -0.029160194 0.999440074
1341846227.989985 0.019403480 -0.010901186 0.001440756 0.011273181 -0.008379812 -0.030562002 0.999434173
1341846228.021937 0.019520536 -0.019836783 0.004173139 0.010379297 -0.007833299 -0.029629959 0.999476314
1341846228.058222 0.011892297 -0.022863965 0.003857014 0.012220535 -0.006358663 -0.029184068 0.999479115
1341846228.090097 0.027206030 -0.005654791 0.000522052 0.014300713 -0.007302917 -0.029116599 0.999447048
1341846228.121845 0.032774918 -0.004788040 0.000537468 0.011073003 -0.006164014 -0.027046733 0.999553859
1341846228.157875 0.027878234 -0.006802509 0.000884185 0.008411988 -0.005697169 -0.023309682 0.999676645
1341846228.189872 0.029546181 -0.002320289 0.001030696 0.006689780 -0.006392942 -0.022055112 0.999713957
1341846228.225994 0.029385339 -0.007616350 0.004535716 0.004325835 -0.006411754 -0.023316199 0.999698222
1341846228.258336 0.024832973 -0.012107744 0.010864068 0.004673506 -0.006469441 -0.023257600 0.999697626
1341846228.289941 0.028203309 -0.012981666 0.011407719 0.005147467 -0.007350745 -0.022264332 0.999711871
1341846228.326018 0.033833276 -0.013406628 0.011182571 0.005723296 -0.007408326 -0.022578649 0.999701262
1341846228.358243 0.034124106 -0.009403063 0.010146141 0.006582027 -0.005611099 -0.022552403 0.999708235
1341846228.389779 0.029765863 -0.011152684 0.008473505 0.005875476 -0.004627258 -0.021439271 0.999742210
1341846228.426073 0.041744661 -0.032601099 0.004904053 0.002817717 -0.005856825 -0.021936974 0.999738216
1341846228.493915 0.036976933 -0.031762570 -0.000998772 0.003152604 -0.002891024 -0.020497471 0.999780774
1341846228.525907 0.038461804 -0.038690701 -0.003584801 0.001542117 -0.004039052 -0.019373495 0.999802947
1341846228.558208 0.037397470 -0.032616675 0.001485718 0.002617535 -0.003168867 -0.019313153 0.999805033
1341846228.593899 0.032626458 -0.035392884 -0.001779315 0.002355045 -0.002029058 -0.018631613 0.999821603
1341846228.626021 0.034798801 -0.031879473 -0.001597794 0.002694491 -0.003988044 -0.017033972 0.999843359
1341846228.658069 0.036528807 -0.026296340 -0.001620407 0.002543889 -0.005247965 -0.016507961 0.999846756
1341846228.693942 0.037615653 -0.008246519 0.002189899 0.004864986 -0.004315667 -0.017393485 0.999827564
1341846228.726069 0.033118162 -0.007390934 0.004351433 0.004474564 -0.002258789 -0.017670350 0.999831319
1341846228.762090 0.037999392 -0.038248960 -0.003584354 -0.000633527 -0.003346657 -0.015150803 0.999879420
1341846228.794000 0.038944948 -0.037430998 -0.004254219 0.000804343 -0.003988378 -0.014378209 0.999888361
1341846228.825934 0.040920120 -0.031299736 -0.003457543 0.002514687 -0.003548910 -0.013963941 0.999893010
1341846228.862015 0.037259221 -0.032043204 -0.005807058 0.002440888 -0.003079702 -0.012180168 0.999918103
1341846228.893856 0.039505240 -0.036357082 -0.006841497 0.002070086 -0.004631066 -0.011657717 0.999919176
1341846228.926548 0.041775241 -0.028881634 -0.006183938 0.003383437 -0.004723901 -0.012803765 0.999901116
1341846228.961940 0.037545171 -0.017253036 -0.003205245 0.004888454 -0.003258788 -0.012554264 0.999903917
1341846228.994040 0.037771370 -0.015198772 -0.004119907 0.004122909 -0.003203011 -0.011513295 0.999920130
1341846229.029897 0.040483154 -0.022884581 0.000589135 0.003259677 -0.003828012 -0.011241760 0.999924183
1341846229.061870 0.040875040 -0.024208695 -0.001089865 0.004333396 -0.003347910 -0.011109281 0.999923289
1341846229.094829 0.036522210 -0.016681220 -0.000866471 0.005469004 -0.002183019 -0.010220272 0.999930441
1341846229.129930 0.038110074 -0.019722244 -0.002820053 0.004348208 -0.001803822 -0.009546360 0.999943376
1341846229.161882 0.040600613 -0.032148149 -0.006972450 0.001800021 -0.001841076 -0.010435504 0.999942183
1341846229.197882 0.036788952 -0.015076318 -0.001306547 0.005126576 -0.001029106 -0.010017508 0.999936163
1341846229.229812 0.034032568 -0.013394318 -0.002131576 0.006786615 -0.001243060 -0.010131662 0.999924898
1341846229.261994 0.032206967 -0.014973894 -0.003099210 0.007609262 -0.001407174 -0.010863261 0.999911070
1341846229.297920 0.029165059 -0.010918632 -0.006989645 0.008332264 -0.001146354 -0.012300742 0.999888957
1341846229.329933 0.036156911 -0.015268542 -0.006370638 0.007551340 -0.003089717 -0.011792870 0.999897182
1341846229.361996 0.037470616 -0.022492155 -0.006576399 0.006467131 -0.003834459 -0.011541247 0.999905109
1341846229.398029 0.027390709 -0.027544053 -0.006276390 0.008231386 -0.002029159 -0.012378411 0.999887407
1341846229.430182 0.033821899 -0.026169360 -0.008310332 0.010875294 -0.003224960 -0.011148497 0.999873519
1341846229.471963 0.036930803 -0.022750003 -0.010088456 0.012117055 -0.003720167 -0.010577788 0.999863744
1341846229.530149 0.039874706 -0.021212451 -0.008104645 0.014177145 -0.003318741 -0.008111934 0.999861062
1341846229.566064 0.041313801 -0.022220006 -0.007852457 0.014287839 -0.003589678 -0.006497884 0.999870360
1341846229.630063 0.037900791 -0.014562540 -0.008069842 0.018837461 -0.000812060 -0.005163151 0.999808908
1341846229.665946 0.037280090 -0.013875654 -0.008757439 0.018150736 -0.000256584 -0.003556035 0.999828935
1341846229.698150 0.040821012 -0.022272563 -0.006097824 0.018164156 -0.000503661 -0.002844800 0.999830842
1341846229.733828 0.039329194 -0.015108369 -0.006712817 0.022433000 0.001406173 -0.002795882 0.999743462
1341846229.765937 0.029486079 -0.013686342 -0.014076689 0.022748284 0.004392523 -0.002720924 0.999727905
1341846229.798002 0.032150272 -0.010418179 -0.011271942 0.021241229 0.003776859 -0.002857600 0.999763191
1341846229.833857 0.047985472 -0.017945163 -0.005206021 0.020403398 0.001562190 -0.002055753 0.999788463
1341846229.865928 0.050100170 -0.020815857 -0.004885959 0.021412140 0.002288697 -0.002257205 0.999765575
1341846229.897926 0.046721712 -0.012326236 -0.005759845 0.022135839 0.003105777 -0.003320785 0.999744594
1341846229.939857 0.048056241 -0.009303240 -0.009422987 0.020706294 0.003011740 -0.003057333 0.999776363
1341846230.002061 0.037300609 -0.007742302 -0.013059285 0.017892180 0.005986714 -0.004583323 0.999811471
1341846230.033858 0.038979199 -0.008659022 -0.008916426 0.015301663 0.005200395 -0.005282954 0.999855459
1341846230.065938 0.043402202 -0.012827825 -0.008880322 0.014629834 0.005304125 -0.004171883 0.999870181
1341846230.103878 0.035312150 -0.008413612 -0.011079292 0.015301663 0.007337330 -0.004056409 0.999847770
1341846230.144719 0.039612442 -0.009029824 -0.012484451 0.013987859 0.006781492 -0.003928185 0.999871433
1341846230.172747 0.038573425 -0.014252027 -0.009282619 0.013101839 0.007500366 -0.002522840 0.999882877
1341846230.208544 0.038945314 -0.013558439 -0.009540998 0.014090767 0.008113493 -0.001501084 0.999866664
1341846230.271971 0.041429073 -0.016838508 -0.006791992 0.012582997 0.007649886 -0.000888794 0.999891162
1341846230.334051 0.039373226 -0.023111127 -0.007602665 0.015712721 0.008343103 -0.000815553 0.999841392
1341846230.370031 0.042715020 -0.027288321 -0.006913031 0.016900865 0.008848417 -0.002131813 0.999815762
1341846230.401932 0.044033580 -0.023892699 -0.009360497 0.019438395 0.009617361 -0.002623622 0.999761343
1341846230.437965 0.040123343 -0.023121387 -0.010924257 0.021434082 0.010765320 -0.002575314 0.999709010
1341846230.469920 0.041969877 -0.024615264 -0.012294758 0.022207420 0.010975733 -0.003640694 0.999686539
1341846230.501933 0.041599028 -0.014674343 -0.014941527 0.023317399 0.011220572 -0.004629354 0.999654412
1341846230.537834 0.051355306 -0.012781480 -0.013595625 0.023105999 0.009149953 -0.003716777 0.999684215
1341846230.569803 0.050326295 -0.018714599 -0.010128750 0.023930997 0.008933214 -0.003496802 0.999667585
1341846230.601945 0.045599699 -0.020744771 -0.011989950 0.025433408 0.008710129 -0.003692450 0.999631763
1341846230.637789 0.030851204 -0.022413947 -0.013942108 0.026159663 0.010861496 -0.004987008 0.999586344
1341846230.670057 0.038971238 -0.013100375 -0.014790683 0.027034547 0.009204987 -0.004350642 0.999582648
1341846230.705937 0.053358857 -0.017557668 -0.014457299 0.025230354 0.005738106 -0.004988756 0.999652743
1341846230.737932 0.059036992 -0.018229827 -0.014380572 0.025746468 0.004820643 -0.002191174 0.999654472
1341846230.769960 0.057421882 -0.016583361 -0.015535426 0.026961476 0.004826234 -0.001482370 0.999623716
1341846230.805852 0.048163325 -0.014662682 -0.012078916 0.027870160 0.005702711 -0.003456078 0.999589264
1341846230.837804 0.042713657 -0.021536771 -0.014108388 0.026977677 0.006281883 -0.005804115 0.999599457
1341846230.869829 0.051488392 -0.020269442 -0.013288484 0.028275264 0.005493043 -0.004008319 0.999577045
1341846230.905851 0.060439955 -0.015179200 -0.007220103 0.029576600 0.003767196 -0.002389115 0.999552548
1341846230.937917 0.036412820 -0.014087358 -0.012783386 0.029409207 0.006225513 -0.006295769 0.999528229
1341846230.973933 0.051561784 -0.010987571 -0.006583020 0.030578906 0.003568514 -0.004569239 0.999515533
1341846231.006047 0.057522137 -0.014653661 -0.006147455 0.031080579 0.002738826 -0.003567947 0.999506772
1341846231.037936 0.046739608 -0.019837292 -0.019353023 0.030499138 0.003472249 -0.003883596 0.999521255
1341846231.074310 0.054138314 -0.019639755 -0.014781517 0.030462967 0.001828366 -0.003934858 0.999526501
1341846231.106085 0.058512885 -0.023776233 -0.014007470 0.031167701 0.000794908 -0.003381486 0.999508142
1341846231.138083 0.054167960 -0.018128833 -0.013166197 0.033136003 0.000703101 -0.003215573 0.999445438
1341846231.174011 0.057683885 -0.018286856 -0.013478413 0.032946695 -0.000287971 -0.003984534 0.999449134
1341846231.205909 0.057115212 -0.020366870 -0.013473615 0.033624306 -0.000233815 -0.005095643 0.999421537
1341846231.241869 0.055181213 -0.014661707 -0.016725337 0.035463545 0.000365154 -0.004780798 0.999359488
1341846231.273832 0.051697806 -0.023248995 -0.017078996 0.034283131 0.000485200 -0.005607303 0.999396324
1341846231.305846 0.055434622 -0.021733046 -0.017757963 0.035787322 -0.000404799 -0.004662352 0.999348462
1341846231.341923 0.052272387 -0.019604545 -0.019504528 0.035787869 0.000067423 -0.003254629 0.999354124
1341846231.410022 0.044712555 -0.018258026 -0.018252704 0.033579070 0.000499972 -0.005583828 0.999420345
1341846231.442103 0.047421739 -0.018666979 -0.014301698 0.033316419 -0.000268984 -0.004171894 0.999436080
1341846231.484245 0.042352080 -0.015237286 -0.013363414 0.034135334 -0.000503867 -0.003646631 0.999410391
1341846231.516816 0.041494630 -0.013838119 -0.016928369 0.033101030 -0.000320894 -0.004377277 0.999442339
1341846231.547853 0.043472640 -0.011365622 -0.019324927 0.031576712 0.000592816 -0.006156643 0.999482155
1341846231.583898 0.046696059 -0.010912049 -0.017149910 0.028694594 0.001832957 -0.008234520 0.999552608
1341846231.615993 0.050446019 -0.019723190 -0.009862529 0.026132353 0.003029011 -0.011174612 0.999591410
1341846231.648015 0.033750888 -0.040307194 -0.006595963 0.025102036 0.005172781 -0.014533915 0.999565840
1341846231.683822 0.036924288 -0.040186398 -0.009914346 0.030322090 0.003071975 -0.014227289 0.999434173
1341846231.716153 0.040369481 -0.037393395 -0.007293662 0.037250180 0.001779597 -0.013173110 0.999217570
1341846231.747846 0.046892747 -0.028091058 -0.011467816 0.041835908 -0.000931354 -0.013098060 0.999038219
1341846231.783993 0.044051904 -0.017016141 -0.018518638 0.043975048 -0.001037121 -0.014232184 0.998930693
1341846231.817027 0.049085002 -0.018309310 -0.017077232 0.043479770 -0.001722214 -0.013814492 0.998957336
1341846231.852317 0.044154208 -0.018546419 -0.018365636 0.042435076 -0.001321566 -0.013966077 0.999000728
1341846231.909867 0.043041408 -0.014690924 -0.015084064 0.039457519 -0.003587342 -0.011650614 0.999146879
1341846231.945837 0.044750430 -0.013438253 -0.012374610 0.039999921 -0.004686168 -0.010721959 0.999131143
1341846231.978027 0.051356606 -0.015201073 -0.012213471 0.039420534 -0.005856217 -0.010906698 0.999146044
1341846232.009966 0.054703895 -0.013029347 -0.013115725 0.038299289 -0.006934646 -0.010079734 0.999191403
1341846232.045845 0.047818955 -0.020172955 -0.010519488 0.036958441 -0.007268712 -0.009512874 0.999245107
1341846232.077961 0.043000698 -0.019520545 -0.014102659 0.037341330 -0.007728059 -0.008713921 0.999234676
1341846232.109864 0.046438083 -0.023122441 -0.011725527 0.036495220 -0.008726710 -0.009641624 0.999249220
1341846232.145999 0.035957385 -0.019864971 -0.009639729 0.036894966 -0.007173170 -0.010109252 0.999242246
1341846232.178314 0.041258235 -0.029797964 -0.023665067 0.035039041 -0.006848217 -0.010841273 0.999303699
1341846232.215951 0.049210269 -0.023898331 -0.002359030 0.036816239 -0.008272002 -0.009582866 0.999241889
1341846232.252037 0.049762726 -0.016613536 -0.009082889 0.038472001 -0.008444885 -0.008428028 0.999188423
1341846232.283944 0.050816819 -0.013532602 -0.010546231 0.039537668 -0.008582861 -0.007235235 0.999155045
1341846232.319867 0.050436292 -0.021259576 -0.010840751 0.037909053 -0.008489595 -0.005479306 0.999230087
1341846232.351854 0.055941049 -0.017261935 -0.012073457 0.036485832 -0.008839908 -0.006764349 0.999272168
1341846232.383877 0.050434835 -0.018694868 -0.007921933 0.034148838 -0.007880743 -0.008802696 0.999346912
1341846232.419782 0.049798336 -0.026422314 -0.004966394 0.032533702 -0.008685154 -0.010926136 0.999373198
1341846232.451780 0.055724721 -0.026685555 -0.005836227 0.033825457 -0.010040773 -0.010992718 0.999316871
1341846232.484170 0.061149154 -0.028479751 -0.003893136 0.034409877 -0.010482209 -0.009890608 0.999303877
1341846232.519889 0.053239997 -0.031268343 -0.004591107 0.034879852 -0.009507704 -0.009551906 0.999300659
1341846232.551877 0.054560233 -0.025545638 -0.006455659 0.036397465 -0.009871089 -0.009469914 0.999243736
1341846232.583846 0.046768475 -0.022449868 0.000537836 0.038519375 -0.008357831 -0.011027953 0.999162018
1341846232.619798 0.059898864 -0.027486581 -0.006073172 0.039298821 -0.009718819 -0.008656542 0.999142766
1341846232.651799 0.063862249 -0.025508862 0.000375901 0.040713128 -0.010094731 -0.008131063 0.999086797
1341846232.688092 0.060880959 -0.024068523 -0.002429290 0.042564113 -0.009083601 -0.009192695 0.999010146
1341846232.719804 0.056886941 -0.032990802 -0.005083655 0.043286510 -0.007654844 -0.010878282 0.998974144
1341846232.751767 0.054480683 -0.022184487 -0.009199046 0.046833199 -0.006549855 -0.011398935 0.998816192
1341846232.787894 0.054782610 -0.021863976 -0.009709560 0.048867706 -0.005838281 -0.011993336 0.998716176
1341846232.819886 0.051855918 -0.023896320 -0.010034746 0.050577335 -0.004168428 -0.013043128 0.998626292
1341846232.855850 0.062041767 -0.023387806 -0.008210178 0.052525964 -0.004940588 -0.012522539 0.998528838
1341846232.887989 0.067657232 -0.030401129 -0.005880532 0.053049881 -0.005167142 -0.012816205 0.998496234
1341846232.919822 0.067007199 -0.030617855 -0.004832707 0.053635530 -0.004581901 -0.013397145 0.998460174
1341846232.955993 0.069200069 -0.027829338 -0.005887278 0.055147242 -0.004758322 -0.012938500 0.998383045
1341846232.987965 0.069791913 -0.026300011 -0.008652294 0.054971728 -0.004057756 -0.013120851 0.998393476
1341846233.023868 0.061479725 -0.029302133 -0.009275128 0.053024139 -0.000937740 -0.014132111 0.998492777
1341846233.055880 0.066002168 -0.028941838 -0.007627043 0.051936645 -0.000184559 -0.014566717 0.998544097
1341846233.087872 0.062872507 -0.033357564 -0.007131923 0.050464366 0.000417924 -0.014941007 0.998614013
1341846233.124060 0.062081840 -0.032774568 -0.006148360 0.051679228 -0.000305203 -0.016179943 0.998532593
1341846233.155902 0.052818466 -0.035523821 -0.006685714 0.053477932 -0.000175313 -0.017294640 0.998419225
1341846233.218177 0.062426686 -0.026085764 -0.013495073 0.058626745 -0.002118940 -0.018981025 0.998097241
1341846233.249926 0.053580273 -0.022277176 -0.010203062 0.057587791 -0.000938117 -0.020610509 0.998127222
1341846233.286015 0.054587033 -0.021499135 -0.009603561 0.057074431 -0.000632683 -0.022334173 0.998119891
1341846233.317870 0.054876540 -0.021723762 -0.009021180 0.057615694 0.000590085 -0.021818407 0.998100221
1341846233.349815 0.052717276 -0.020612650 -0.010820014 0.058626484 0.001204675 -0.020835381 0.998061776
1341846233.385857 0.050418109 -0.019889345 -0.008253461 0.058870994 0.000708108 -0.020319236 0.998058498
1341846233.417990 0.051764466 -0.020171784 -0.010188455 0.058799449 -0.000032338 -0.020051904 0.998068392
1341846233.453822 0.052760568 -0.017760614 -0.011019928 0.059968114 -0.000980011 -0.018940698 0.998020113
1341846233.485912 0.052797668 -0.022207003 -0.006820405 0.060510952 -0.001907716 -0.020810546 0.997948766
1341846233.517954 0.054138627 -0.024128713 -0.009022309 0.059941728 -0.003041080 -0.021579575 0.997963965
1341846233.553882 0.053014811 -0.022544384 -0.006389949 0.060154941 -0.003803309 -0.021786550 0.997943997
1341846233.585968 0.052331083 -0.021297140 -0.003740633 0.061636187 -0.004507031 -0.021464515 0.997857690
1341846233.621898 0.053076852 -0.020085050 -0.004198655 0.062850468 -0.004435089 -0.020955384 0.997793078
1341846233.654396 0.053687178 -0.020756988 -0.004624505 0.062454361 -0.003498650 -0.021803211 0.997803509
1341846233.685848 0.053884149 -0.021326210 -0.007569565 0.061678126 -0.002565887 -0.022292102 0.997843802
1341846233.721879 0.053432301 -0.022604767 -0.009327753 0.060695574 -0.002109982 -0.021807559 0.997915804
1341846233.753961 0.052385896 -0.023056662 -0.007429922 0.060220055 -0.001791839 -0.021381466 0.997954488
1341846233.822009 0.053087275 -0.026155021 -0.006825141 0.058327071 -0.000482526 -0.020319451 0.998090565
1341846233.853971 0.051079262 -0.028279081 -0.002065277 0.057101522 -0.000166504 -0.020587595 0.998156071
1341846233.889920 0.051258303 -0.029251123 -0.004733725 0.056194261 -0.000511873 -0.020822160 0.998202562
1341846233.922045 0.052377228 -0.025690202 -0.003447125 0.055918191 -0.001321569 -0.021455651 0.998203933
1341846233.953967 0.055159379 -0.025906026 -0.002666673 0.055413943 -0.002538170 -0.020836025 0.998242795
1341846233.989945 0.054447573 -0.023223309 -0.004993406 0.055415899 -0.003471526 -0.020997772 0.998236537
1341846234.021936 0.050046872 -0.022515101 -0.006964211 0.054487385 -0.003340776 -0.021219183 0.998283386
1341846234.053904 0.052138515 -0.023719713 -0.003897217 0.053916235 -0.003435091 -0.021412756 0.998309970
1341846234.089899 0.054006603 -0.023621904 -0.004111081 0.053814620 -0.003164979 -0.021975556 0.998304069
1341846234.158063 0.055196803 -0.025299408 -0.001876730 0.053247053 -0.003187058 -0.021528384 0.998344183
1341846234.189961 0.055363487 -0.024830451 -0.002412470 0.054314807 -0.002988050 -0.020993577 0.998298705
1341846234.222130 0.053514972 -0.023298074 -0.004565084 0.053979043 -0.001976341 -0.020802712 0.998323381
1341846234.257875 0.055652499 -0.025492456 -0.003206559 0.052313127 -0.002069142 -0.020657390 0.998414934
1341846234.289820 0.057538733 -0.026442558 -0.000874647 0.051989842 -0.001520445 -0.020145494 0.998443246
1341846234.321998 0.054548249 -0.024011437 -0.000075541 0.053450648 -0.000185940 -0.021698553 0.998334706
1341846234.357904 0.053372443 -0.021356432 -0.001531163 0.054287367 -0.000061873 -0.022637675 0.998268723
1341846234.389919 0.058312159 -0.028344236 -0.000541284 0.053663161 -0.001769525 -0.021233140 0.998331785
1341846234.425915 0.057277914 -0.027023612 0.000639427 0.055019215 -0.002217142 -0.020021105 0.998282075
1341846234.457800 0.059510421 -0.020585431 -0.002333220 0.055464603 -0.002739219 -0.019788232 0.998260796
1341846234.490016 0.058274239 -0.026630575 -0.000831626 0.051504057 -0.003134006 -0.020149810 0.998464584
1341846234.525867 0.060468208 -0.026420712 0.003509837 0.050770819 -0.003441660 -0.019534312 0.998513341
1341846234.557961 0.059043895 -0.025223218 0.001599228 0.050493456 -0.003247310 -0.018778436 0.998542547
1341846234.593900 0.058383409 -0.028623471 0.001971200 0.048376005 -0.003959011 -0.017058151 0.998675644
1341846234.658173 0.057390925 -0.025264045 0.003610870 0.048120547 -0.005948394 -0.015259276 0.998707294
1341846234.694104 0.058528725 -0.027263915 0.005315830 0.047362465 -0.007370882 -0.014519452 0.998745024
1341846234.725911 0.059451953 -0.026963670 0.005025994 0.047895920 -0.008952841 -0.013224900 0.998724639
1341846234.758643 0.059548445 -0.027474483 0.005113489 0.048798367 -0.009625996 -0.013123193 0.998676062
1341846234.793907 0.056307975 -0.025246562 0.003176622 0.048203371 -0.009025787 -0.013757591 0.998701990
1341846234.826106 0.056019839 -0.027436543 0.003568108 0.046994023 -0.008863566 -0.014099303 0.998756349
1341846234.862270 0.060917594 -0.028493544 0.007860259 0.047114998 -0.010074162 -0.013412804 0.998748600
1341846234.893971 0.058114503 -0.028112514 0.007824960 0.048285224 -0.010166571 -0.013035811 0.998696804
1341846234.926031 0.058127049 -0.024132991 0.007226289 0.049605172 -0.010136912 -0.014180955 0.998616815
1341846234.961979 0.055791959 -0.026075976 0.005881510 0.049727324 -0.009777727 -0.014874215 0.998604178
1341846234.994016 0.055070177 -0.026570521 0.003100878 0.050216682 -0.010208450 -0.015510298 0.998565733
1341846235.026311 0.054112125 -0.024149479 -0.001120294 0.049078863 -0.010960215 -0.016413450 0.998599887
1341846235.061915 0.060870294 -0.023397405 0.002424785 0.047740638 -0.011736399 -0.016499925 0.998654485
1341846235.094075 0.058845375 -0.026163144 0.003525333 0.046654414 -0.011366032 -0.016603446 0.998708427
1341846235.130068 0.056640707 -0.025893712 0.003248555 0.047323655 -0.011513033 -0.015956596 0.998685777
1341846235.162449 0.056108009 -0.025042102 0.003064153 0.048533484 -0.012765615 -0.015617087 0.998617828
1341846235.193917 0.057274774 -0.025590543 0.002166052 0.049205218 -0.013413006 -0.015144947 0.998583794
1341846235.229939 0.059567805 -0.024336519 0.004638695 0.050383776 -0.013113464 -0.015842956 0.998518169
1341846235.261811 0.058989294 -0.027567068 0.004936554 0.050020125 -0.013412411 -0.016124826 0.998527944
1341846235.294134 0.056194641 -0.024257785 0.003990672 0.051626131 -0.013184144 -0.016964173 0.998435318
1341846235.329890 0.056399904 -0.024428712 0.001654460 0.051492397 -0.013193036 -0.018091034 0.998422325
1341846235.361974 0.057300404 -0.021588834 -0.000458178 0.049953256 -0.012532882 -0.020709347 0.998458207
1341846235.398097 0.054523394 -0.022893853 0.000794811 0.047484033 -0.012010542 -0.021793548 0.998561978
1341846235.462163 0.054877970 -0.027047455 0.002891461 0.047192257 -0.012244297 -0.022351779 0.998560607
1341846235.498142 0.057012655 -0.024509283 0.002996689 0.046578940 -0.012531198 -0.024182107 0.998543262
1341846235.529989 0.057466425 -0.026256518 0.006854692 0.045390192 -0.012849700 -0.024816705 0.998578370
1341846235.561921 0.059187919 -0.027564155 0.004840848 0.046517488 -0.013624882 -0.024618737 0.998521090
1341846235.597951 0.055210430 -0.025609449 0.001575874 0.047026448 -0.013158349 -0.025438474 0.998482943
1341846235.630160 0.054566626 -0.027579334 0.002326253 0.045625996 -0.013480484 -0.025821170 0.998533845
1341846235.667679 0.057451628 -0.028606489 0.005604244 0.046411254 -0.014532994 -0.024729349 0.998510540
1341846235.705783 0.057453606 -0.027654549 0.003618042 0.047839131 -0.014697678 -0.025472779 0.998422027
1341846235.730392 0.057296250 -0.027993944 0.004950721 0.048066251 -0.014602926 -0.026767636 0.998378634
1341846235.766032 0.059917010 -0.029133420 0.006185568 0.049350221 -0.015136057 -0.027020123 0.998301208
1341846235.797942 0.056992467 -0.025534665 0.003751283 0.051000092 -0.015094009 -0.027160922 0.998215139
1341846235.833964 0.055868205 -0.025841668 0.002094041 0.051250689 -0.014700458 -0.026903417 0.998215139
1341846235.866037 0.055069804 -0.024551822 -0.000270764 0.051621281 -0.014656840 -0.026098086 0.998218060
1341846235.898007 0.057069816 -0.027404094 0.002445814 0.051527336 -0.014740198 -0.024583949 0.998260140
1341846235.934106 0.055230323 -0.024976799 0.003624858 0.053930394 -0.013516685 -0.023564767 0.998175085
1341846235.965921 0.056605015 -0.025166057 0.002583595 0.054878842 -0.012868397 -0.023455435 0.998134553
1341846235.997897 0.055920180 -0.024435764 -0.001766195 0.054347098 -0.011999700 -0.023630334 0.998170316
1341846236.034072 0.055637635 -0.024717340 0.002891187 0.055146988 -0.011003339 -0.023342548 0.998144686
1341846236.065823 0.053163249 -0.024144588 -0.000895978 0.056395847 -0.010123704 -0.023012424 0.998091877
1341846236.101989 0.056959391 -0.022413071 -0.001484290 0.055556405 -0.010826223 -0.023607699 0.998117685
1341846236.134258 0.054048501 -0.025698958 -0.000086254 0.054483015 -0.010501248 -0.023129899 0.998191535
1341846236.166269 0.055722516 -0.024285695 -0.000553448 0.055414539 -0.010723585 -0.022540478 0.998151362
1341846236.202022 0.060006585 -0.019683918 -0.001982371 0.055311862 -0.011022389 -0.023458133 0.998132706
1341846236.233893 0.058466066 -0.020542379 -0.003352237 0.053379785 -0.010525214 -0.023272891 0.998247564
1341846236.265924 0.061893750 -0.021919975 -0.001181194 0.053203546 -0.010902326 -0.021810405 0.998286009
1341846236.302018 0.062554829 -0.022819601 0.000344560 0.053513657 -0.010811946 -0.021625537 0.998274386
1341846236.333756 0.058249965 -0.021780213 -0.001733786 0.053569458 -0.009924470 -0.022583958 0.998259425
1341846236.369949 0.058514033 -0.023351111 -0.000776181 0.052922640 -0.009402275 -0.022839613 0.998293161
1341846236.401964 0.062478293 -0.021649834 -0.000189413 0.053037014 -0.009390200 -0.022672899 0.998291016
1341846236.433828 0.059479836 -0.023008812 -0.000563451 0.053125095 -0.008730225 -0.023522312 0.998272657
1341846236.469948 0.057652492 -0.021843651 0.001269036 0.054236211 -0.007855784 -0.023599183 0.998218358
1341846236.501946 0.060511373 -0.021505998 -0.002295660 0.054737743 -0.007543910 -0.022760969 0.998212814
1341846236.534764 0.057295132 -0.021793645 -0.004411728 0.053533379 -0.006547790 -0.021752447 0.998307645
1341846236.569956 0.061078768 -0.022180507 0.000590731 0.053345490 -0.006485435 -0.019075673 0.998372853
1341846236.601901 0.058308374 -0.022558970 -0.000818514 0.054076243 -0.005780697 -0.018540757 0.998347938
1341846236.637896 0.061110545 -0.018749131 -0.002976637 0.053334653 -0.005426960 -0.019539248 0.998370826
1341846236.669818 0.070923746 -0.021654503 -0.002391542 0.050914984 -0.005963581 -0.020162160 0.998481631
1341846236.702100 0.070393249 -0.029934321 -0.000616989 0.049910765 -0.004476685 -0.020378543 0.998535752
1341846236.738521 0.060491852 -0.053367954 -0.000401221 0.051536869 -0.002262327 -0.015906096 0.998541832
1341846236.769905 0.063503623 -0.042826258 -0.000669967 0.061938025 -0.003977631 -0.013941350 0.997974694
1341846236.805999 0.058987260 -0.028315371 -0.004640952 0.066101648 -0.004303065 -0.014542784 0.997697651
1341846236.844067 0.056952622 -0.017067229 -0.001891075 0.067800336 -0.003921484 -0.017228179 0.997542500
1341846236.876573 0.054607905 -0.021382796 -0.006474736 0.065573908 -0.003310954 -0.019267920 0.997656167
1341846236.911899 0.058061652 -0.025084075 -0.005338945 0.061936937 -0.003941286 -0.020412846 0.997863531
1341846236.944484 0.060744859 -0.024846567 0.003073286 0.062709793 -0.004463582 -0.018773321 0.997845232
1341846236.975811 0.059908736 -0.029892763 -0.006126065 0.063466839 -0.004604883 -0.017775731 0.997815013
1341846237.011848 0.057005215 -0.023779767 -0.006877594 0.063566528 -0.003452733 -0.019217419 0.997786582
1341846237.043850 0.064118408 -0.026774751 -0.005900851 0.062586613 -0.003355034 -0.019507423 0.997843206
1341846237.075882 0.060490932 -0.028274056 -0.001202607 0.063093938 -0.002585165 -0.016928479 0.997860670
1341846237.111887 0.067884043 -0.033489656 -0.006254801 0.065195672 -0.004810733 -0.014702490 0.997752607
1341846237.143863 0.062793620 -0.026813198 -0.008738035 0.068217941 -0.004367516 -0.015180326 0.997545421
1341846237.175838 0.063997038 -0.028118754 -0.007303905 0.067192651 -0.004890925 -0.014649457 0.997620463
1341846237.211847 0.071838699 -0.030953594 -0.005893883 0.064751245 -0.005833525 -0.014441326 0.997779906
1341846237.243895 0.072685629 -0.040313907 -0.004663942 0.064529978 -0.004920418 -0.013275321 0.997815371
1341846237.280228 0.072094798 -0.029366981 -0.007428456 0.067238778 -0.004757096 -0.012719726 0.997644484
1341846237.312079 0.061019350 -0.024186470 -0.005670805 0.067553304 -0.003816374 -0.012464380 0.997630537
1341846237.343828 0.061712742 -0.025507955 -0.005621361 0.067783676 -0.003873723 -0.011286355 0.997628689
1341846237.379983 0.066928767 -0.023541404 -0.003958269 0.067619823 -0.004417347 -0.010606037 0.997645020
1341846237.411962 0.067003369 -0.024938516 -0.006226643 0.065561958 -0.004567557 -0.011130158 0.997775972
1341846237.443790 0.065068431 -0.026658351 -0.005294427 0.063533194 -0.004288462 -0.012923964 0.997886837
1341846237.479911 0.062466059 -0.022554139 -0.006533371 0.062904127 -0.002692269 -0.015192502 0.997900307
1341846237.511862 0.061138444 -0.022560162 -0.006309601 0.061319143 -0.003002618 -0.015963608 0.997986019
1341846237.547914 0.058279499 -0.023618069 -0.006733024 0.059884883 -0.004307221 -0.014806250 0.998086154
1341846237.579956 0.063041292 -0.029001648 -0.003719148 0.058378756 -0.005981899 -0.014057038 0.998177588
1341846237.611852 0.063178226 -0.029703941 -0.005967263 0.057590835 -0.006342237 -0.013536364 0.998228371
1341846237.647976 0.064863652 -0.029337652 -0.005293688 0.057219017 -0.007186612 -0.013625681 0.998242736
1341846237.680417 0.064433865 -0.031562239 -0.005850453 0.056504320 -0.007740732 -0.012514641 0.998293877
1341846237.711902 0.064601272 -0.031833712 -0.003532548 0.057050884 -0.008616766 -0.011581990 0.998266876
1341846237.747860 0.064215325 -0.031066837 -0.004233280 0.058654841 -0.008927749 -0.011950865 0.998166859
1341846237.779848 0.065154113 -0.027988000 -0.004917057 0.059431743 -0.009513004 -0.012227512 0.998112142
1341846237.815934 0.063057043 -0.028945092 -0.007212665 0.058038309 -0.010184286 -0.010773267 0.998204291
1341846237.847966 0.064581707 -0.027533993 -0.006085444 0.057008501 -0.011514075 -0.010242010 0.998254776
1341846237.879781 0.067265496 -0.028849758 -0.008161457 0.056134444 -0.012364130 -0.010909834 0.998287022
1341846237.916026 0.066264264 -0.031000076 -0.007239326 0.054560374 -0.012855175 -0.011228646 0.998364627
1341846237.978064 0.068491809 -0.029098824 -0.005666775 0.054123893 -0.013129253 -0.011192199 0.998385191
1341846238.010069 0.065478213 -0.026937980 -0.006518553 0.053508878 -0.012668178 -0.011793620 0.998417377
1341846238.045995 0.057471711 -0.021834889 -0.007494765 0.053222150 -0.011454398 -0.011962750 0.998445392
1341846238.077963 0.057853751 -0.020754686 -0.005920209 0.052477464 -0.011716884 -0.012121069 0.998479843
1341846238.109791 0.058050606 -0.024191830 -0.005135384 0.051990531 -0.011577889 -0.012286125 0.998504877
1341846238.145837 0.068287082 -0.028969416 -0.004683865 0.052445717 -0.012742828 -0.011804594 0.998472691
1341846238.177943 0.064630784 -0.026503393 -0.006977029 0.053171907 -0.011410601 -0.012918745 0.998436630
1341846238.209943 0.065756187 -0.026400818 -0.005136149 0.051229741 -0.011474130 -0.014317319 0.998518348
1341846238.246227 0.060047861 -0.021778530 -0.004228132 0.052093092 -0.010619723 -0.014266758 0.998483837
1341846238.278227 0.067111820 -0.029575842 -0.005680838 0.051109716 -0.011451732 -0.013511301 0.998535991
1341846238.345918 0.068686001 -0.028568648 -0.004287695 0.051020175 -0.010694309 -0.016225770 0.998508573
1341846238.377978 0.069268890 -0.030703086 -0.003645839 0.051933277 -0.011207643 -0.015593022 0.998465896
1341846238.413879 0.066103645 -0.030370781 -0.003797434 0.052991260 -0.011385418 -0.015261404 0.998413444
1341846238.445979 0.067044556 -0.028213296 -0.004591001 0.053434577 -0.011571531 -0.016631376 0.998365819
1341846238.478188 0.066739641 -0.029034967 -0.004952544 0.052875392 -0.011232095 -0.017632844 0.998382270
1341846238.515328 0.066642679 -0.029803611 -0.003751222 0.053259160 -0.011326876 -0.017602423 0.998361349
1341846238.545906 0.065175042 -0.029673532 -0.003389484 0.054545686 -0.011702342 -0.017752323 0.998284876
1341846238.587827 0.063101187 -0.031030823 -0.004153447 0.054912396 -0.011088470 -0.017912010 0.998268902
1341846238.645944 0.064839289 -0.024560412 -0.003979789 0.054183841 -0.010519606 -0.018285392 0.998308122
1341846238.681933 0.066926286 -0.029991839 -0.003434562 0.052822925 -0.011053777 -0.017778497 0.998384476
1341846238.713917 0.067665294 -0.027416704 -0.003281008 0.054116365 -0.011193850 -0.016650958 0.998333037
1341846238.745925 0.066528320 -0.027082324 -0.005745153 0.054738682 -0.011231317 -0.016041577 0.998308659
1341846238.781932 0.068064079 -0.029504413 -0.004448964 0.053181764 -0.011924627 -0.016637513 0.998375058
1341846238.813869 0.059883360 -0.021544334 -0.005441812 0.053649664 -0.010191855 -0.018085070 0.998344064
1341846238.849931 0.067357436 -0.029080793 -0.005031622 0.051380698 -0.010858669 -0.017888065 0.998459876
1341846238.881927 0.065322205 -0.033319749 -0.003496511 0.051376261 -0.011488544 -0.016992602 0.998468697
1341846238.914000 0.065350704 -0.026976023 -0.001367577 0.055014398 -0.013578438 -0.014390382 0.998289466
1341846238.949903 0.065471716 -0.033505939 -0.005265502 0.057355672 -0.014791417 -0.013014951 0.998159349
1341846239.017941 0.065252274 -0.023653524 -0.005367654 0.061121661 -0.014505282 -0.017147249 0.997877598
1341846239.050041 0.069055170 -0.023826033 -0.005709914 0.061366733 -0.014804520 -0.018511519 0.997833788
1341846239.081902 0.065312192 -0.029983677 -0.004002299 0.060830511 -0.014139293 -0.019351346 0.997860312
1341846239.117866 0.068284020 -0.028997278 -0.002092166 0.061673731 -0.014452142 -0.020495212 0.997781277
1341846239.149976 0.067458980 -0.029917039 -0.002226090 0.061817322 -0.013556642 -0.020896751 0.997776568
1341846239.181897 0.067300752 -0.028973201 -0.003871518 0.061032332 -0.013407549 -0.020654155 0.997832000
1341846239.217929 0.066658929 -0.030355580 -0.003629462 0.058916122 -0.013699621 -0.021153184 0.997944772
1341846239.250009 0.063810967 -0.032269299 -0.003059778 0.057413854 -0.012563234 -0.020843126 0.998053789
1341846239.285917 0.066233940 -0.026956698 -0.003943895 0.057402067 -0.012178130 -0.021162137 0.998052537
1341846239.318442 0.068938226 -0.028449049 -0.004167604 0.055815000 -0.012089012 -0.021169594 0.998143494
1341846239.349930 0.066723697 -0.026272574 -0.002678794 0.054777429 -0.011261838 -0.020126665 0.998232245
1341846239.386011 0.064717121 -0.021222102 -0.002694667 0.055788916 -0.010499498 -0.019927936 0.998188436
1341846239.417983 0.065525271 -0.019689888 -0.003330266 0.056152042 -0.010762538 -0.019494964 0.998173833
1341846239.450112 0.064591803 -0.020394025 -0.004814827 0.055110797 -0.010554965 -0.019686162 0.998230338
1341846239.485973 0.065360203 -0.015914995 -0.003496704 0.054842714 -0.010446084 -0.019035656 0.998258889
1341846239.517913 0.066000745 -0.015816787 -0.002679924 0.053701811 -0.010189378 -0.018423332 0.998335004
1341846239.553979 0.064853773 -0.030096676 -0.003642063 0.050450385 -0.009810232 -0.018106703 0.998514235
1341846239.585911 0.068476893 -0.027115924 -0.000975707 0.049958337 -0.010408039 -0.017022340 0.998551965
1341846239.617967 0.068126321 -0.030183103 0.001207375 0.049835581 -0.010189611 -0.016002124 0.998577237
1341846239.653941 0.063138343 -0.029232668 -0.000887773 0.050958764 -0.009619876 -0.015496437 0.998534143
1341846239.685852 0.066131614 -0.027258849 -0.002583942 0.051328354 -0.010242159 -0.015253771 0.998512805
1341846239.717923 0.066672467 -0.024161559 -0.001028981 0.051388551 -0.010976478 -0.014256401 0.998516679
1341846239.753857 0.066735886 -0.028200455 0.000131917 0.050868224 -0.010863924 -0.014385407 0.998542666
1341846239.785918 0.065843381 -0.027397450 -0.001600832 0.050147042 -0.010913949 -0.014112298 0.998582542
1341846239.821950 0.064469486 -0.029640172 0.000214126 0.049767673 -0.011289032 -0.013873530 0.998600662
1341846239.854023 0.060305532 -0.031078018 0.000230645 0.050797064 -0.010923023 -0.013658079 0.998555839
1341846239.891801 0.065038450 -0.025688620 -0.000241069 0.051163141 -0.011837336 -0.014275231 0.998518109
1341846239.953963 0.064516596 -0.031037534 -0.001011949 0.050004374 -0.011454239 -0.014633371 0.998576105
1341846239.985997 0.064973183 -0.028014051 -0.002268370 0.051003523 -0.012079893 -0.015181173 0.998510003
1341846240.022055 0.065757312 -0.028229067 -0.001148531 0.050871115 -0.012544874 -0.016696477 0.998486876
1341846240.053998 0.066065870 -0.031555999 -0.001333067 0.051107358 -0.012306273 -0.017298667 0.998467505
1341846240.089841 0.067074627 -0.033876702 0.000419761 0.051891360 -0.012719970 -0.017436184 0.998419523
1341846240.121795 0.066796191 -0.030975198 -0.001636637 0.052949283 -0.013154820 -0.018135294 0.998345852
1341846240.159862 0.066695012 -0.033164944 -0.001782950 0.054245725 -0.012753398 -0.018893631 0.998267412
1341846240.195884 0.068260059 -0.033874102 -0.003910144 0.054927863 -0.012489181 -0.018983023 0.998231769
1341846240.227927 0.066764243 -0.034364179 -0.005213311 0.054762695 -0.012554348 -0.018765278 0.998244166
1341846240.290031 0.069237433 -0.036594734 -0.000428722 0.055876639 -0.013415196 -0.018022517 0.998184860
1341846240.322206 0.065725632 -0.030916851 -0.000659041 0.056311388 -0.013255453 -0.017700478 0.998168349
1341846240.357948 0.066339582 -0.032158446 -0.003740855 0.055260155 -0.013869792 -0.017433608 0.998223424
1341846240.422212 0.065433316 -0.031317119 -0.001289095 0.057890654 -0.013651424 -0.018354861 0.998060822
1341846240.458143 0.065562755 -0.031902581 -0.005271630 0.057879042 -0.013984510 -0.019091424 0.998043060
1341846240.490243 0.067023061 -0.029925164 -0.005604221 0.057962738 -0.015233550 -0.018944239 0.998022676
1341846240.525976 0.068243548 -0.033488706 0.000268732 0.058280971 -0.016210962 -0.019390386 0.997980237
1341846240.557894 0.065518185 -0.029789645 -0.002447740 0.059744358 -0.015914958 -0.020672636 0.997872710
1341846240.590418 0.062934458 -0.029553121 -0.005197991 0.059984051 -0.015645023 -0.020902241 0.997857809
1341846240.626172 0.063511953 -0.030595416 -0.002288863 0.059904128 -0.016451385 -0.020415884 0.997859716
1341846240.657964 0.063044086 -0.029603079 -0.002704551 0.060177270 -0.016835438 -0.020175483 0.997841775
1341846240.689825 0.065945409 -0.029836714 -0.000877496 0.061317038 -0.017415354 -0.021409094 0.997736752
1341846240.725903 0.064862378 -0.028377155 -0.005464646 0.061145380 -0.017390886 -0.021206304 0.997752011
1341846240.757973 0.064306006 -0.030343393 -0.001406176 0.061309569 -0.017806405 -0.020951184 0.997740030
1341846240.794024 0.065376244 -0.029076982 -0.001498449 0.062920585 -0.018293500 -0.020929599 0.997631311
1341846240.826068 0.067470796 -0.033429954 0.000733449 0.062831797 -0.018471662 -0.020824632 0.997635841
1341846240.858147 0.065447062 -0.032136019 0.000297384 0.062152326 -0.017908398 -0.021420615 0.997676075
1341846240.894038 0.067014024 -0.029451651 0.000311539 0.061531983 -0.018315526 -0.021522013 0.997704923
1341846240.925975 0.063382939 -0.026930597 -0.002156869 0.061544925 -0.017152343 -0.022240913 0.997709036
1341846240.958080 0.068920955 -0.033994228 -0.004395660 0.060221929 -0.018234992 -0.020891938 0.997799754
1341846240.994099 0.068647519 -0.028605083 -0.004851825 0.060839575 -0.018483287 -0.021503534 0.997744739
1341846241.026041 0.064637087 -0.029609457 -0.005362493 0.061627943 -0.017678726 -0.020792373 0.997725964
1341846241.062449 0.057239413 -0.025305642 -0.004249767 0.063203029 -0.016125474 -0.021917727 0.997629642
1341846241.094372 0.059126593 -0.028481688 -0.004857997 0.061437048 -0.016433848 -0.022856794 0.997713864
1341846241.126068 0.059818882 -0.027825424 -0.003403595 0.061254878 -0.016578717 -0.022974258 0.997720003
1341846241.167863 0.059197959 -0.030119106 -0.002506486 0.062381141 -0.016418761 -0.021939345 0.997676134
1341846241.230127 0.059854090 -0.026385084 -0.003099900 0.062271278 -0.016444828 -0.024980817 0.997611046
1341846241.261868 0.060567189 -0.028065166 0.002009274 0.062626302 -0.016440207 -0.025581507 0.997573674
1341846241.295211 0.063491493 -0.027776994 -0.002148957 0.062511601 -0.017272264 -0.026238147 0.997549772
1341846241.329804 0.067029767 -0.027656233 -0.008570234 0.061879683 -0.017747678 -0.026463689 0.997574866
1341846241.362000 0.065852508 -0.029933596 -0.006510617 0.061358396 -0.017284496 -0.026656814 0.997610033
1341846241.394012 0.067616358 -0.027286209 -0.008685867 0.061871357 -0.017501827 -0.026688632 0.997573733
1341846241.430126 0.066912591 -0.026731463 -0.008701250 0.062089417 -0.017433813 -0.026869683 0.997556508
1341846241.462018 0.067061752 -0.026761711 -0.008986550 0.062026467 -0.017597117 -0.027114516 0.997550964
1341846241.497907 0.067164510 -0.027371261 -0.008697562 0.061917786 -0.017333973 -0.027375223 0.997555196
1341846241.529930 0.067163065 -0.028556887 -0.007357302 0.061422009 -0.017337389 -0.027376661 0.997585714
1341846241.562493 0.067016289 -0.027211694 -0.005774134 0.061600126 -0.017634274 -0.027171429 0.997575164
1341846241.598412 0.067333281 -0.028650174 -0.006518107 0.061349593 -0.017697297 -0.027748829 0.997573555
1341846241.629998 0.066278428 -0.029235475 -0.006287554 0.061484758 -0.017359423 -0.027473563 0.997578800
1341846241.662234 0.067077428 -0.028728548 -0.005688877 0.061741855 -0.017474253 -0.027554208 0.997558713
1341846241.698098 0.066812918 -0.028194452 -0.006842168 0.062060107 -0.017280178 -0.027583966 0.997541547
1341846241.729805 0.067299411 -0.027853744 -0.007253164 0.061857361 -0.017496878 -0.027234726 0.997559965
1341846241.765805 0.066893250 -0.028180342 -0.006409531 0.061921414 -0.017412217 -0.027690789 0.997544885
1341846241.797970 0.066053301 -0.029270884 -0.005887902 0.062253039 -0.016964033 -0.028271267 0.997515678
1341846241.830240 0.068027675 -0.028688965 -0.007694682 0.062659711 -0.017318537 -0.028692262 0.997472107
1341846241.865867 0.066686869 -0.029275877 -0.005711315 0.062249810 -0.017178912 -0.028984534 0.997491717
1341846241.898156 0.067011423 -0.026993420 -0.006656560 0.063099369 -0.017087696 -0.027999246 0.997468054
1341846241.929917 0.067444108 -0.029070068 -0.006058672 0.063196473 -0.017349543 -0.028860478 0.997432828
1341846241.965882 0.066177040 -0.030261995 -0.007676920 0.062333923 -0.016539311 -0.028898876 0.997499764
1341846241.998017 0.066709280 -0.028436475 -0.007008112 0.062664479 -0.016843332 -0.028609319 0.997482359
1341846242.034019 0.067083374 -0.028601298 -0.006944181 0.062909886 -0.016824992 -0.027923850 0.997486591
1341846242.066365 0.065812722 -0.029998252 -0.005349358 0.062943257 -0.016759139 -0.028021771 0.997482836
1341846242.097916 0.065637387 -0.029927159 -0.005776855 0.063991003 -0.016582623 -0.028009893 0.997419477
1341846242.133980 0.065636903 -0.027961653 -0.006066311 0.065633990 -0.016403520 -0.027160486 0.997339189
1341846242.165895 0.065128580 -0.029240180 -0.006219247 0.065796949 -0.015958322 -0.027797071 0.997318089
1341846242.197924 0.065075174 -0.028397385 -0.005120716 0.066372514 -0.016147593 -0.027931549 0.997273207
1341846242.234487 0.064905420 -0.026798874 -0.004888555 0.067897588 -0.016066238 -0.027131222 0.997193933
1341846242.269588 0.064535595 -0.029352071 -0.005549266 0.067980960 -0.015797755 -0.027358443 0.997186303
1341846242.301972 0.066592246 -0.028438797 -0.007631139 0.067844756 -0.016017625 -0.028905679 0.997148454
1341846242.333996 0.066206791 -0.027243700 -0.005782205 0.068245918 -0.015754240 -0.028533684 0.997135997
1341846242.366000 0.066400468 -0.028536430 -0.006526554 0.068813398 -0.015595696 -0.027976474 0.997115254
1341846242.401903 0.066480838 -0.028065423 -0.007727884 0.068895578 -0.016040668 -0.027940024 0.997103512
1341846242.433933 0.066011347 -0.028290126 -0.006562722 0.069072761 -0.015606306 -0.028426476 0.997084379
1341846242.469883 0.065096274 -0.027663287 -0.006230189 0.070418715 -0.015073529 -0.028280511 0.997002602
1341846242.501972 0.066548474 -0.028370559 -0.007973569 0.070451036 -0.015316588 -0.029165506 0.996971130
1341846242.534063 0.065750971 -0.028770518 -0.007796375 0.069776371 -0.015448146 -0.029626818 0.997002900
1341846242.569931 0.065568484 -0.028006090 -0.006765908 0.069941834 -0.014940440 -0.029345144 0.997007370
1341846242.602000 0.066789307 -0.027950410 -0.008535903 0.069816299 -0.015050014 -0.029199133 0.997018874
1341846242.634077 0.066509925 -0.028504299 -0.009300362 0.068793468 -0.014966900 -0.029264700 0.997089267
1341846242.670215 0.065154515 -0.029523671 -0.007381837 0.068056345 -0.014560854 -0.029277213 0.997145474
1341846242.701929 0.066502221 -0.028475631 -0.008638091 0.068040781 -0.014808812 -0.029231757 0.997144222
1341846242.737996 0.067229740 -0.027239507 -0.009472982 0.067910925 -0.015445124 -0.029250309 0.997142911
1341846242.769937 0.066346131 -0.027489698 -0.009031828 0.068450801 -0.015495461 -0.029523060 0.997097135
1341846242.808080 0.067327403 -0.028133191 -0.009951223 0.068568915 -0.015511371 -0.030111179 0.997071207
1341846242.869936 0.068181962 -0.027079882 -0.010905349 0.067419045 -0.015994983 -0.031097649 0.997111738
1341846242.902131 0.068448059 -0.026276708 -0.011718994 0.067645185 -0.015829017 -0.031197203 0.997095942
1341846242.938061 0.068131596 -0.026342986 -0.010634365 0.068222627 -0.016063618 -0.031176977 0.997053444
1341846242.969969 0.067851104 -0.025995294 -0.010507969 0.069161765 -0.016569937 -0.030939193 0.996987879
1341846243.005810 0.067614526 -0.025584690 -0.012310483 0.069719046 -0.016756287 -0.030838486 0.996949077
1341846243.038095 0.067769542 -0.026704740 -0.013098933 0.069039248 -0.017424623 -0.030324090 0.997000694
1341846243.070041 0.069099881 -0.026148798 -0.015819034 0.067969300 -0.017991018 -0.030805510 0.997049391
1341846243.106059 0.068816595 -0.027123967 -0.012771863 0.066960804 -0.018027050 -0.032209016 0.997072637
1341846243.137899 0.068730518 -0.026398027 -0.011902397 0.067484602 -0.017670197 -0.031315189 0.997072160
1341846243.169985 0.067754909 -0.025781842 -0.013344385 0.067701064 -0.017733570 -0.030581828 0.997079134
1341846243.206007 0.068174183 -0.026241140 -0.014492008 0.067245908 -0.017600575 -0.031677734 0.997078061
1341846243.237999 0.067766219 -0.027803538 -0.014255398 0.066132478 -0.016997328 -0.032621108 0.997132599
1341846243.274026 0.068164542 -0.025983768 -0.013861457 0.066466518 -0.016647879 -0.032771416 0.997111380
1341846243.305879 0.067736626 -0.025616944 -0.013884587 0.067282505 -0.016575262 -0.033311058 0.997039974
1341846243.338022 0.067664735 -0.024671555 -0.014225841 0.068511255 -0.016466463 -0.033412848 0.996954679
1341846243.374348 0.068354845 -0.025488250 -0.013253456 0.069165610 -0.016618287 -0.033079110 0.996918082
1341846243.405837 0.070554748 -0.024510829 -0.014616683 0.069666013 -0.017714839 -0.032786794 0.996874034
1341846243.442193 0.069473162 -0.026680727 -0.014344851 0.069022514 -0.017765597 -0.033476029 0.996894956
1341846243.473902 0.068050116 -0.026393175 -0.012188205 0.069580331 -0.017273990 -0.033521451 0.996863306
1341846243.505839 0.069954999 -0.026276056 -0.013913168 0.069485851 -0.018050591 -0.033655316 0.996851623
1341846243.542001 0.069134481 -0.026225729 -0.014574556 0.069193490 -0.018014904 -0.033986118 0.996861398
1341846243.574058 0.068094373 -0.027590960 -0.013063762 0.068917505 -0.017273102 -0.033218391 0.996919513
1341846243.605841 0.067680731 -0.026184723 -0.012478359 0.069690496 -0.016651977 -0.033180282 0.996877611
1341846243.642015 0.067993037 -0.027946992 -0.013557139 0.069861419 -0.016680226 -0.032789346 0.996878088
1341846243.673926 0.067781493 -0.027470887 -0.013961262 0.069778442 -0.016565222 -0.033201486 0.996872187
1341846243.710095 0.068001434 -0.026630210 -0.013677548 0.070259303 -0.016343514 -0.033297215 0.996838868
1341846243.741951 0.068148337 -0.027486200 -0.014839493 0.070025481 -0.016824439 -0.033276726 0.996848047
1341846243.774067 0.067803480 -0.027943393 -0.014764718 0.069223858 -0.016926665 -0.034024607 0.996877074
1341846243.809881 0.067351654 -0.026125282 -0.013817783 0.069332719 -0.016291399 -0.033879183 0.996885002
1341846243.841971 0.067117460 -0.026377674 -0.012835509 0.069850467 -0.016580967 -0.032534618 0.996888876
1341846243.874062 0.068856299 -0.026040461 -0.013480421 0.070471875 -0.017388705 -0.032389730 0.996836066
1341846243.910022 0.068760939 -0.026117215 -0.013902195 0.071084119 -0.017254129 -0.033184648 0.996768832
1341846243.978045 0.067331798 -0.027889537 -0.015986180 0.070384607 -0.015702153 -0.033804212 0.996823311
1341846244.009892 0.067610279 -0.026244575 -0.013655308 0.070113331 -0.015626671 -0.033183787 0.996864438
1341846244.042105 0.067310326 -0.026727773 -0.012149525 0.070989870 -0.015043269 -0.032529626 0.996832907
1341846244.077884 0.066961922 -0.026821535 -0.013355247 0.071578912 -0.015037073 -0.031818680 0.996813834
1341846244.115904 0.067339696 -0.028679581 -0.014174806 0.070442617 -0.015126343 -0.031914189 0.996890426
1341846244.151850 0.066622272 -0.026780827 -0.013191700 0.070395827 -0.014804995 -0.031453103 0.996913195
1341846244.184334 0.067027502 -0.026312577 -0.012455727 0.071513131 -0.014704497 -0.030733876 0.996857584
1341846244.215953 0.066301368 -0.027515827 -0.014304647 0.071146287 -0.014493777 -0.030616267 0.996890545
1341846244.251877 0.067356214 -0.026842417 -0.013680558 0.070535317 -0.014720068 -0.031065462 0.996916771
1341846244.283880 0.066866159 -0.026550623 -0.012592027 0.071586341 -0.014751769 -0.030805605 0.996849418
1341846244.316068 0.066102274 -0.025830355 -0.014053409 0.072166197 -0.014923194 -0.030778904 0.996805847
1341846244.351999 0.067107879 -0.027045572 -0.013492996 0.071695946 -0.015449879 -0.031047992 0.996823430
1341846244.384040 0.067965329 -0.025728716 -0.012944154 0.072325669 -0.016133239 -0.030362340 0.996788263
1341846244.419869 0.067012057 -0.026718177 -0.015135293 0.072337292 -0.016002487 -0.029940121 0.996802270
1341846244.451888 0.067960165 -0.027484708 -0.013397568 0.071588114 -0.015610192 -0.031120408 0.996826470
1341846244.483871 0.067769565 -0.028528946 -0.012456655 0.070505463 -0.014842218 -0.031083858 0.996916473
1341846244.519923 0.066524535 -0.027688537 -0.010078731 0.070843451 -0.013997798 -0.030725736 0.996915817
1341846244.551942 0.066535011 -0.028771855 -0.010550768 0.071453229 -0.013124185 -0.030428594 0.996893287
1341846244.583892 0.065685377 -0.027023006 -0.012520244 0.072106868 -0.012347206 -0.028387289 0.996916354
1341846244.619870 0.067751735 -0.028716087 -0.011255512 0.071760364 -0.012665864 -0.026904747 0.996978521
1341846244.651850 0.066707797 -0.028333552 -0.010841021 0.072258830 -0.012333427 -0.026038883 0.996969640
1341846244.683815 0.067227803 -0.027509693 -0.011875829 0.073299944 -0.012154175 -0.024698794 0.996930003
1341846244.719873 0.067121431 -0.029111708 -0.011137283 0.072797656 -0.011584617 -0.024974072 0.996966660
1341846244.751827 0.066818208 -0.027817611 -0.010827648 0.072762616 -0.010976822 -0.024923118 0.996977389
1341846244.788300 0.066586487 -0.026152499 -0.009452011 0.074054591 -0.010468798 -0.024903651 0.996888220
1341846244.820099 0.065795332 -0.028223304 -0.009583806 0.074421868 -0.009550378 -0.025639068 0.996851444
1341846244.851973 0.062189080 -0.027255619 -0.007072244 0.076578394 -0.008035020 -0.024350509 0.996733785
1341846244.887873 0.063345537 -0.029049449 -0.009209323 0.077752240 -0.006832957 -0.024935769 0.996637404
1341846244.920072 0.061768349 -0.027166465 -0.009213369 0.078288987 -0.005409815 -0.024466095 0.996615767
1341846244.952621 0.060238373 -0.027387058 -0.006517141 0.079015739 -0.004240910 -0.023720367 0.996582091
1341846244.987985 0.062572196 -0.025250841 -0.010727869 0.079928435 -0.004398124 -0.021994688 0.996548235
1341846245.020060 0.063415632 -0.026688231 -0.014060086 0.078595564 -0.004277100 -0.021600166 0.996663392
1341846245.051869 0.060987119 -0.028456153 -0.010472044 0.076798260 -0.002933787 -0.022244981 0.996794105
1341846245.088236 0.060244061 -0.028144546 -0.010353973 0.075701363 -0.002134392 -0.021829236 0.996889293
1341846245.119935 0.063448943 -0.028440794 -0.008833925 0.075487211 -0.002301716 -0.022916293 0.996880770
1341846245.151835 0.063515738 -0.028852856 -0.006835261 0.075695150 -0.002112502 -0.023220077 0.996858418
1341846245.187889 0.060261689 -0.030071750 -0.005149548 0.076485872 -0.001456697 -0.022809008 0.996808708
1341846245.219842 0.062122010 -0.029970074 -0.007600354 0.076156773 -0.001962382 -0.022752874 0.996834338
1341846245.256030 0.061269425 -0.030286120 -0.006981173 0.075445525 -0.001475925 -0.023545455 0.996870816
1341846245.287962 0.062299035 -0.029200099 -0.007026005 0.075405672 -0.001405127 -0.024297260 0.996855855
1341846245.319885 0.062017545 -0.029507695 -0.006857428 0.075338230 -0.001300622 -0.025416441 0.996833205
1341846245.355859 0.063496642 -0.027449323 -0.009817059 0.075473815 -0.002055890 -0.025249751 0.996825933
1341846245.387919 0.061941195 -0.030048829 -0.006040803 0.075163059 -0.002141721 -0.025966819 0.996830821
1341846245.423977 0.061694440 -0.030682284 -0.006072643 0.075289428 -0.001837817 -0.026994076 0.996794641
1341846245.455822 0.062125586 -0.030256081 -0.006845415 0.075817451 -0.001618725 -0.027669234 0.996736467
1341846245.487804 0.062730387 -0.029902132 -0.007328137 0.076315723 -0.002055389 -0.027145207 0.996712029
1341846245.523916 0.063739814 -0.029172441 -0.007844617 0.076531075 -0.002332832 -0.027165717 0.996694326
1341846245.555797 0.062854566 -0.029515041 -0.006409711 0.076338746 -0.001835783 -0.027178667 0.996709764
1341846245.591988 0.062108193 -0.029835794 -0.004421315 0.077179454 -0.001856780 -0.027044604 0.996648610
1341846245.623837 0.061566100 -0.029952534 -0.005238608 0.078304701 -0.002218450 -0.025476348 0.996601462
1341846245.655890 0.063314721 -0.029343974 -0.007594413 0.078444339 -0.002255451 -0.025713652 0.996584296
1341846245.692060 0.062841117 -0.029659869 -0.006323921 0.077803344 -0.001322970 -0.026912166 0.996604562
1341846245.724517 0.062960722 -0.028888701 -0.005720934 0.078359008 -0.001244797 -0.026608551 0.996569276
1341846245.760068 0.062798813 -0.029957943 -0.005225886 0.079353198 -0.001305422 -0.025412075 0.996521771
1341846245.791914 0.063038811 -0.030695166 -0.005212241 0.079322778 -0.001120750 -0.025471078 0.996522903
1341846245.824142 0.063295193 -0.030858029 -0.005604667 0.078968570 -0.000364566 -0.025475644 0.996551514
1341846245.860005 0.064395726 -0.030644970 -0.007239327 0.078375451 -0.000171849 -0.025616735 0.996594727
1341846245.891878 0.063640967 -0.030175027 -0.007104613 0.077573299 0.000251684 -0.025527129 0.996659756
1341846245.927903 0.064036801 -0.030093795 -0.006120592 0.078140222 0.000892365 -0.025981365 0.996603370
1341846245.986182 0.064775310 -0.028079975 -0.008122541 0.079278030 0.000590891 -0.025608152 0.996523380
1341846246.022057 0.063910164 -0.026201176 -0.008072659 0.080432415 0.000582116 -0.025217416 0.996440828
1341846246.053871 0.064698212 -0.025257900 -0.009093799 0.081802294 0.000313718 -0.025450487 0.996323526
1341846246.085916 0.064531393 -0.026436675 -0.009700419 0.082903720 -0.000753059 -0.024331225 0.996260166
1341846246.121806 0.065967754 -0.025046796 -0.009648279 0.083851881 -0.002177572 -0.024495576 0.996174693
1341846246.153949 0.066609882 -0.024870005 -0.008280394 0.084873006 -0.002516046 -0.026253946 0.996042669
1341846246.222002 0.066749811 -0.027718004 -0.010172749 0.084150687 -0.002571251 -0.029376620 0.996016622
1341846246.253984 0.065769851 -0.027845439 -0.007914300 0.084263504 -0.002406699 -0.030961990 0.995959461
1341846246.289808 0.065697424 -0.028111562 -0.008125548 0.085309021 -0.001972292 -0.031242441 0.995862663
1341846246.322001 0.067392491 -0.027878718 -0.010904921 0.084389411 -0.001133137 -0.032468196 0.995903075
1341846246.353946 0.067262933 -0.027863411 -0.010727586 0.082801670 -0.000247898 -0.033885505 0.995989740
1341846246.389885 0.066303976 -0.028121404 -0.009229106 0.081803016 0.000758775 -0.034160331 0.996062636
1341846246.421855 0.065882608 -0.027920898 -0.008371144 0.082316145 0.001403763 -0.032446738 0.996076941
1341846246.457915 0.066303089 -0.027203763 -0.010882534 0.081614591 0.001429089 -0.030187270 0.996205688
1341846246.489829 0.065239370 -0.027270949 -0.011480117 0.080394052 0.002460723 -0.028231863 0.996360242
1341846246.521912 0.066431664 -0.028069586 -0.010501307 0.079060212 0.003898584 -0.028148046 0.996464729
1341846246.558038 0.066678435 -0.026589761 -0.010663700 0.078774013 0.005585754 -0.028870573 0.996458709
1341846246.589826 0.064525545 -0.026870890 -0.008027562 0.079358600 0.006351364 -0.027096605 0.996457577
1341846246.622033 0.066236712 -0.026069677 -0.010896495 0.079594083 0.005990136 -0.025379358 0.996486247
1341846246.658046 0.066359907 -0.025997596 -0.011005844 0.078994058 0.005165925 -0.023809025 0.996577322
1341846246.689939 0.066744268 -0.025974419 -0.010051622 0.078753181 0.004379068 -0.024268532 0.996589124
1341846246.725903 0.065366715 -0.029334208 -0.008011434 0.078002267 0.004411382 -0.025500823 0.996617198
1341846246.757894 0.065733641 -0.029433316 -0.008676487 0.077140339 0.004314298 -0.026092105 0.996669412
1341846246.789989 0.065312326 -0.027962921 -0.009376649 0.076901369 0.004551005 -0.026730236 0.996669948
1341846246.826059 0.065648369 -0.028927242 -0.005645827 0.077020451 0.004007645 -0.027069205 0.996653914
1341846246.857869 0.064926624 -0.029458748 -0.006026768 0.077921361 0.003872441 -0.027464213 0.996573627
1341846246.893944 0.064808510 -0.030971466 -0.008049084 0.077280857 0.003367749 -0.026608059 0.996648550
1341846246.925896 0.065167464 -0.029731274 -0.008423746 0.076889232 0.002564915 -0.026372513 0.996687472
1341846246.958090 0.065146945 -0.030446798 -0.006175843 0.076892622 0.002511968 -0.026141657 0.996693432
1341846246.993936 0.065541267 -0.030535411 -0.007093367 0.076554410 0.002136311 -0.026908867 0.996699929
1341846247.026204 0.065084301 -0.029545994 -0.006406340 0.077010773 0.002090339 -0.028069556 0.996632874
1341846247.057936 0.065303460 -0.028738683 -0.006256416 0.078140609 0.001949144 -0.028552428 0.996531487
1341846247.093899 0.065479591 -0.029715944 -0.006528536 0.078778997 0.001398669 -0.028091632 0.996495247
1341846247.126028 0.065495260 -0.027913848 -0.008225463 0.078829907 0.000836473 -0.028168282 0.996489704
1341846247.162093 0.064126521 -0.028610315 -0.004086560 0.079965733 0.001002577 -0.026816884 0.996436298
1341846247.194072 0.062842347 -0.029059321 -0.003339460 0.082813442 0.002457157 -0.025076095 0.996246517
1341846247.225977 0.064292252 -0.028580792 -0.005757722 0.083945155 0.002330383 -0.023043470 0.996201158
1341846247.261953 0.062884256 -0.029001411 -0.003514996 0.087034181 0.003446621 -0.024399010 0.995900512
1341846247.293957 0.062951937 -0.030181110 -0.002099316 0.091341525 0.004368657 -0.023826825 0.995524943
1341846247.325987 0.064088866 -0.030455008 -0.007281011 0.091644779 0.003432848 -0.023484226 0.995508850
1341846247.361940 0.064029977 -0.031539615 -0.006433718 0.089333706 0.002152252 -0.022969732 0.995734513
1341846247.430187 0.065661237 -0.030111916 -0.007502078 0.085334294 0.001076685 -0.024060257 0.996061265
1341846247.462223 0.063821122 -0.027717698 -0.005017025 0.085464261 0.000588246 -0.024903871 0.996029794
1341846247.493952 0.063337140 -0.028008370 -0.004535395 0.085667357 0.000461778 -0.025763504 0.995990515
1341846247.530027 0.062053934 -0.028247230 -0.002895100 0.086495399 0.000923228 -0.025289312 0.995930791
1341846247.562209 0.060830299 -0.027727170 -0.001945029 0.089127019 0.001446360 -0.023716690 0.995736837
1341846247.594166 0.062332854 -0.028270410 -0.003580919 0.090261050 0.000756038 -0.022808589 0.995656610
1341846247.630035 0.063847125 -0.028383782 -0.006022552 0.088528544 -0.000644419 -0.023420375 0.995798051
1341846247.662701 0.061368257 -0.028612224 -0.002478981 0.087790668 -0.000277022 -0.022167102 0.995892227
1341846247.697913 0.060719665 -0.031764831 -0.000234456 0.087943606 0.000511599 -0.020510279 0.995914161
1341846247.730051 0.061941616 -0.032137990 -0.001827028 0.086376131 -0.000659694 -0.019746700 0.996066689
1341846247.762180 0.058509160 -0.030290961 0.003461127 0.088062041 -0.000245511 -0.018024243 0.995951891
1341846247.798768 0.059173148 -0.031322949 0.000473829 0.089431107 -0.000070020 -0.016438950 0.995857358
1341846247.830259 0.061126947 -0.034771364 -0.001606888 0.087126613 -0.000625454 -0.016722756 0.996056676
1341846247.865875 0.058892861 -0.033222426 0.002152754 0.086228676 -0.000107608 -0.016200349 0.996143639
1341846247.898157 0.055781532 -0.031890061 0.005541306 0.089300364 0.001978690 -0.015661493 0.995879650
1341846247.930002 0.060204148 -0.033016931 -0.002583089 0.089159243 -0.000882306 -0.014670484 0.995908976
1341846247.966006 0.058189839 -0.033554759 0.002050871 0.088493161 -0.002563513 -0.013742108 0.995978653
1341846247.998062 0.056988511 -0.032522950 0.006030952 0.091224097 -0.001589704 -0.013644946 0.995735645
1341846248.030615 0.057283957 -0.036107987 0.005207003 0.091711551 -0.001231092 -0.014375302 0.995681107
1341846248.065891 0.060322501 -0.035607126 0.001627496 0.090056427 -0.001614967 -0.015416806 0.995816052
1341846248.098211 0.055329908 -0.033597171 0.003154172 0.089952454 0.000678691 -0.015896223 0.995818973
1341846248.133929 0.055435646 -0.037217680 0.005558705 0.090977952 0.004537289 -0.018403552 0.995672524
1341846248.166050 0.058791947 -0.038415607 0.002406508 0.089462414 0.005781996 -0.020976275 0.995752513
1341846248.198024 0.057090182 -0.035412509 0.004438853 0.089406841 0.005893506 -0.020378271 0.995769262
1341846248.233930 0.055307548 -0.037208848 0.009759002 0.091443926 0.006840850 -0.020449704 0.995576739
1341846248.265968 0.055938907 -0.037931483 0.004717299 0.091070667 0.007305849 -0.022028804 0.995573938
1341846248.297927 0.059953235 -0.037200235 0.006699113 0.089069448 0.006125965 -0.025126738 0.995689571
1341846248.333956 0.056969296 -0.034799207 0.007007842 0.090397343 0.006256603 -0.026271870 0.995539546
1341846248.366013 0.055467132 -0.034992754 0.006280840 0.091829777 0.006633513 -0.026815493 0.995391428
1341846248.402093 0.057003200 -0.033659082 0.002232082 0.091468275 0.005230831 -0.026131110 0.995451331
1341846248.433862 0.057553980 -0.034979176 0.005938120 0.091511972 0.005127633 -0.026377695 0.995441318
1341846248.466804 0.055652585 -0.039141547 0.008549360 0.091519848 0.006886252 -0.027372034 0.995403171
1341846248.502139 0.059551563 -0.036448389 0.000635106 0.089608863 0.005463122 -0.029100137 0.995536804
1341846248.534215 0.059208535 -0.034930520 0.004178450 0.088187531 0.003411663 -0.027213611 0.995726228
1341846248.565971 0.055434633 -0.035776015 0.006661386 0.090080693 0.004472861 -0.027246783 0.995551586
1341846248.602003 0.057449907 -0.039434630 0.003782494 0.087563239 0.004996587 -0.028898647 0.995727122
1341846248.640295 0.056117758 -0.034843184 0.006626047 0.088115521 0.005318818 -0.027819056 0.995707452
1341846248.675831 0.055912163 -0.037268721 0.010833096 0.090714708 0.006083811 -0.026823556 0.995496988
1341846248.708095 0.055759113 -0.037866097 0.007377354 0.091501944 0.006975994 -0.027209867 0.995408654
1341846248.740085 0.056796558 -0.035802558 0.006283028 0.091448337 0.006364495 -0.027416594 0.995411992
1341846248.802167 0.056034043 -0.035815559 0.006564961 0.094139092 0.006060103 -0.027230257 0.995168149
1341846248.833950 0.054583587 -0.035913602 0.009124385 0.093980841 0.006163419 -0.027103910 0.995185912
1341846248.869901 0.054949954 -0.034818694 0.010019670 0.095860802 0.005803737 -0.025952986 0.995039403
1341846248.901932 0.055115301 -0.034756366 0.008193355 0.097308286 0.006201142 -0.026625995 0.994878709
1341846248.938035 0.057337482 -0.035503559 0.005767281 0.096401632 0.005585544 -0.026792044 0.994966149
1341846248.969908 0.057568196 -0.036141273 0.007820457 0.095540933 0.004927299 -0.026978593 0.995047629
1341846249.001964 0.056814291 -0.034340691 0.007303053 0.095601335 0.004954687 -0.027007962 0.995040894
1341846249.037998 0.057428923 -0.034393273 0.004628812 0.095429771 0.004921866 -0.026515348 0.995070755
1341846249.069961 0.057202056 -0.034867577 0.005023328 0.093918584 0.003883354 -0.025687497 0.995240867
1341846249.105888 0.055548646 -0.036221664 0.009296745 0.093799800 0.005079220 -0.026090318 0.995236218
1341846249.138041 0.056287620 -0.036054492 0.007337033 0.093866765 0.005943059 -0.025590669 0.995238066
1341846249.169904 0.054669045 -0.037182741 0.010379272 0.093651645 0.006130653 -0.024025403 0.995296240
1341846249.206013 0.054131687 -0.037735309 0.011348972 0.095190205 0.006889272 -0.023695212 0.995153189
1341846249.237872 0.055974707 -0.037735555 0.007350060 0.094695777 0.007809003 -0.024353260 0.995177686
1341846249.306095 0.053124189 -0.036856540 0.011511846 0.094727151 0.009141471 -0.023844205 0.995175719
1341846249.337853 0.054243688 -0.038320072 0.009745672 0.095145121 0.010172485 -0.024036977 0.995121181
1341846249.373854 0.055321820 -0.037699804 0.007477599 0.093404487 0.010080254 -0.024429081 0.995277464
1341846249.405928 0.051877897 -0.038897078 0.012130622 0.092764229 0.012151592 -0.025120247 0.995297015
1341846249.437945 0.052623194 -0.038394310 0.010964389 0.093929216 0.013628220 -0.026085280 0.995143771
1341846249.474182 0.054475490 -0.037428685 0.007360382 0.093075290 0.013362715 -0.026097611 0.995227277
1341846249.505956 0.052890569 -0.038463466 0.010322917 0.091912568 0.013495399 -0.025612891 0.995346129
1341846249.538288 0.052178573 -0.038657673 0.011580990 0.091713503 0.014062893 -0.025975043 0.995347261
1341846249.574263 0.052233826 -0.039696258 0.010077571 0.090739630 0.013787474 -0.025600193 0.995450079
1341846249.606015 0.052106380 -0.039261948 0.011304799 0.089589678 0.012900070 -0.023534263 0.995617092
1341846249.641995 0.052681610 -0.038863342 0.010653685 0.090040810 0.011523159 -0.021096125 0.995647967
1341846249.674108 0.053855028 -0.039051954 0.007301387 0.088190287 0.010234267 -0.020470275 0.995840669
1341846249.706034 0.052814443 -0.040700428 0.010745695 0.085524239 0.009433178 -0.020679271 0.996076763
1341846249.742012 0.053105596 -0.039585456 0.011015385 0.085806020 0.007935815 -0.018822800 0.996102393
1341846249.773906 0.054858040 -0.038044967 0.007058762 0.086546361 0.005253394 -0.015930207 0.996106565
1341846249.806093 0.054758564 -0.038204033 0.007191931 0.085155234 0.002365236 -0.012967843 0.996280491
1341846249.842148 0.053094383 -0.039816510 0.008877732 0.084231496 0.001028750 -0.012034023 0.996372998
1341846249.873923 0.054219838 -0.038935583 0.008999298 0.084392376 -0.001225165 -0.010237177 0.996379256
1341846249.909991 0.056229096 -0.037602443 0.004647322 0.084089756 -0.005236668 -0.008349700 0.996409416
1341846249.942024 0.051851064 -0.040674139 0.009984493 0.083383910 -0.007255294 -0.005951773 0.996473312
1341846249.974199 0.050927378 -0.042219613 0.009211052 0.083268441 -0.008395636 -0.006782890 0.996468723
1341846250.010384 0.053738605 -0.040259551 0.005516385 0.083202370 -0.010339194 -0.006814845 0.996455729
1341846250.042022 0.052147415 -0.041023906 0.008963728 0.083452821 -0.012029531 -0.005302887 0.996425033
1341846250.078047 0.049561795 -0.044720557 0.010984370 0.084200531 -0.010730724 -0.005546346 0.996375620
1341846250.109945 0.049610391 -0.046652373 0.007737600 0.082840972 -0.009200976 -0.007073394 0.996495187
1341846250.141849 0.049210116 -0.045998659 0.008046627 0.081322819 -0.007623998 -0.007877608 0.996627510
1341846250.177803 0.047557376 -0.046126928 0.007536221 0.081740640 -0.004214713 -0.008690577 0.996606827
1341846250.210137 0.047334895 -0.049088929 0.007622891 0.080902599 -0.000264539 -0.010124131 0.996670544
1341846250.241903 0.047503788 -0.050348096 0.008521816 0.079425909 0.002172265 -0.012709394 0.996757388
1341846250.277878 0.045876447 -0.050088033 0.007412884 0.079000838 0.003624888 -0.013694677 0.996773899
1341846250.309873 0.046312783 -0.048166126 0.006750294 0.078908354 0.003561116 -0.013579906 0.996783018
1341846250.346142 0.047165152 -0.047804687 0.007279566 0.079316221 0.003129766 -0.013632924 0.996751368
1341846250.377944 0.047641974 -0.047519676 0.006295727 0.079676576 0.003123126 -0.014083776 0.996716380
1341846250.410038 0.049054269 -0.047022741 0.007571553 0.080882989 0.002449972 -0.014458445 0.996615708
1341846250.445984 0.048024338 -0.048223142 0.007956523 0.081325874 0.002884493 -0.014957599 0.996571124
1341846250.477872 0.048166286 -0.049620882 0.008035081 0.080380343 0.002558891 -0.015192456 0.996645212
1341846250.509930 0.050445572 -0.045257587 0.006408015 0.081289157 -0.000270400 -0.013227089 0.996602774
1341846250.546119 0.047834523 -0.047522131 0.007702221 0.081500970 -0.000287395 -0.014360189 0.996569753
1341846250.577998 0.049634974 -0.048730392 0.005711712 0.079726271 0.000118029 -0.015176577 0.996701241
1341846250.613828 0.047794282 -0.047238212 0.007098056 0.078891210 0.000317027 -0.012856573 0.996800244
1341846250.646114 0.046021458 -0.047914539 0.009542593 0.079199024 0.000581093 -0.010570784 0.996802568
1341846250.677812 0.047984220 -0.048669074 0.005658833 0.078275174 0.000733260 -0.009405591 0.996887147
1341846250.713958 0.048102044 -0.048281144 0.004885455 0.076849163 0.001612142 -0.008809905 0.997002542
1341846250.745904 0.048016500 -0.047474064 0.005819010 0.076397404 0.001630774 -0.005947473 0.997058392
1341846250.777886 0.050461993 -0.047095876 0.003988496 0.075937122 -0.000689545 -0.004307632 0.997103035
1341846250.814024 0.047459312 -0.050170373 0.006449810 0.074350826 -0.000655888 -0.004081294 0.997223556
1341846250.846025 0.047625151 -0.048330739 0.005921309 0.073285468 -0.000416282 -0.004965798 0.997298598
1341846250.881824 0.046068527 -0.046497382 0.008715802 0.074609645 -0.000473458 -0.003392835 0.997206926
1341846250.913808 0.045749065 -0.049749874 0.009218404 0.075854145 -0.000151933 -0.003799749 0.997111678
1341846250.946118 0.047022387 -0.049374357 0.008398659 0.076486364 0.000369090 -0.005005553 0.997057974
1341846250.981803 0.048491742 -0.048372731 0.006678852 0.077461950 -0.000050101 -0.005480078 0.996980250
1341846251.014047 0.049485501 -0.048065875 0.008161962 0.077624902 -0.001878100 -0.006436711 0.996960104
1341846251.046033 0.046848100 -0.049309302 0.011176750 0.078322671 -0.001760188 -0.006915433 0.996902525
1341846251.081959 0.046823006 -0.049144041 0.011723934 0.080074541 -0.001223080 -0.007473525 0.996760070
1341846251.114058 0.045457263 -0.048440538 0.012319596 0.082155973 -0.000242441 -0.007922530 0.996587932
1341846251.149920 0.046609659 -0.046997212 0.008576658 0.083440371 -0.000051532 -0.008628391 0.996475399
1341846251.181983 0.046838678 -0.046543561 0.008763815 0.084361903 0.001034619 -0.010184276 0.996382594
1341846251.214205 0.048733812 -0.046507597 0.008149866 0.085300580 -0.000088228 -0.010639766 0.996298432
1341846251.249978 0.049519800 -0.046655208 0.008812785 0.085460059 -0.002599740 -0.009207246 0.996295691
1341846251.281923 0.049457457 -0.047343932 0.008935594 0.086049661 -0.003849780 -0.009435778 0.996238708
1341846251.318026 0.050350118 -0.046504650 0.005356528 0.085216187 -0.005399899 -0.010203305 0.996295631
1341846251.350003 0.052196525 -0.043889467 0.003085051 0.083829686 -0.008225497 -0.010354402 0.996392310
1341846251.382003 0.049320385 -0.044622928 0.007715398 0.084271684 -0.009710260 -0.009652271 0.996348739
1341846251.417971 0.050997827 -0.045920379 0.003354520 0.083468027 -0.010771096 -0.011298883 0.996388197
1341846251.449878 0.052330837 -0.048102327 0.002712462 0.079909749 -0.011863849 -0.012112078 0.996657908
1341846251.481872 0.051577196 -0.045674603 0.003431624 0.078354701 -0.013622683 -0.012078051 0.996759295
1341846251.517870 0.050762083 -0.046477962 0.004504715 0.076618150 -0.014941929 -0.011030684 0.996887505
1341846251.549884 0.050927926 -0.046145648 0.003999485 0.075186737 -0.015315486 -0.011329327 0.996987462
1341846251.586071 0.050022025 -0.044446312 0.005383429 0.075282618 -0.014988564 -0.010131942 0.996998131
1341846251.618241 0.050482489 -0.045443341 0.006020912 0.075832233 -0.015720604 -0.008620524 0.996959388
1341846251.649917 0.047894668 -0.046937179 0.007201517 0.076181889 -0.014224198 -0.008501107 0.996956229
1341846251.686034 0.049311325 -0.047733147 0.006232047 0.076265939 -0.012236175 -0.010745781 0.996954501
1341846251.718103 0.049178556 -0.047089357 0.006902099 0.076674052 -0.011377669 -0.011038116 0.996930182
1341846251.749907 0.050087843 -0.046089333 0.006879032 0.077450506 -0.012110251 -0.009875961 0.996873736
