1341846313.592026 0.000000000 0.000000000 0.000000000 0.000000000 0.000000000 0.000000000 1.000000000
1341846313.654184 0.008470194 -0.003189298 -0.002997776 -0.001350669 -0.003475504 0.005578199 0.999977469
1341846313.686156 0.015494538 -0.002015906 0.002061680 -0.000039801 -0.005722299 0.004844580 0.999971867
1341846313.721918 0.020859506 0.002503528 -0.002448000 0.000408255 -0.006710269 0.005579964 0.999961853
1341846313.753994 0.029302884 0.000564307 0.001698342 -0.000339448 -0.007593859 0.006856028 0.999947608
1341846313.789969 0.035886604 0.000914098 -0.001627970 0.000860260 -0.008116351 0.005262347 0.999952853
1341846313.822075 0.043164574 0.005565976 0.000037173 0.001310625 -0.007462143 0.004004958 0.999963284
1341846313.853928 0.057107273 0.001314947 0.004118057 -0.000061367 -0.006282060 0.003647181 0.999973595
1341846313.890011 0.059921794 0.004409988 0.005127692 0.000145048 -0.004066248 0.004156983 0.999983072
1341846313.922055 0.068368822 0.009148005 0.000772677 -0.001491185 -0.004334483 0.005989689 0.999971569
1341846313.957927 0.107368842 0.014455158 0.009872959 -0.003146768 -0.004369344 0.006713043 0.999962986
1341846313.990058 0.091402858 0.011073279 0.006688117 -0.004456797 0.004936520 0.007967823 0.999946177
1341846314.022042 0.093714982 0.017416436 0.004456737 -0.006195595 0.006501861 0.009922240 0.999910474
1341846314.057816 0.109237157 0.012916679 0.010410803 -0.009850697 0.007961425 0.010952536 0.999859810
1341846314.089801 0.111025520 0.008488371 0.016256556 -0.009461948 0.014154179 0.009840703 0.999806643
1341846314.122037 0.112833925 0.022255614 0.010538528 -0.009369373 0.017966896 0.014200637 0.999693811
1341846314.157989 0.130859345 0.017503731 0.019014744 -0.011977020 0.019331420 0.015516914 0.999620974
1341846314.190094 0.131972849 0.022001365 0.018322399 -0.011167563 0.024134999 0.016308663 0.999513328
1341846314.225969 0.133974135 0.029467583 0.017422292 -0.012974612 0.026197806 0.020309575 0.999366283
1341846314.257923 0.135887876 0.016156742 0.022480737 -0.016599594 0.028693404 0.019190190 0.999266207
1341846314.290052 0.141171858 0.019341480 0.021748628 -0.014832994 0.029967390 0.017758654 0.999283075
1341846314.325981 0.150004566 0.025606206 0.018712468 -0.015020777 0.030741274 0.016329240 0.999281108
1341846314.357905 0.165422589 0.020766759 0.023381755 -0.016321871 0.032096609 0.015366129 0.999233365
1341846314.389899 0.163365304 0.019164033 0.019177871 -0.015030186 0.035740130 0.013608984 0.999155402
1341846314.427905 0.171565101 0.025730640 0.014492315 -0.014447492 0.037468418 0.012511973 0.999115050
1341846314.493987 0.181665301 0.021533150 0.026249759 -0.013439061 0.046891250 0.004680870 0.998798609
1341846314.526085 0.190648109 0.023750728 0.012111835 -0.012992527 0.048329029 0.002764161 0.998743176
1341846314.558292 0.200547844 0.024657568 0.018749265 -0.014095892 0.050838653 0.003679991 0.998600662
1341846314.594085 0.211706102 0.015406213 0.013385916 -0.013750043 0.054399952 0.003227410 0.998419344
1341846314.626096 0.209062263 0.025398610 0.015193500 -0.012296898 0.059457574 0.004865850 0.998143256
1341846314.658455 0.212298468 0.022246156 0.009910939 -0.014918469 0.061643157 0.004140533 0.997978151
1341846314.694004 0.231545210 0.014072221 0.028766567 -0.015541834 0.063965678 0.002862462 0.997826993
1341846314.725910 0.222155273 0.011119521 0.031189714 -0.011646024 0.068672784 0.005512407 0.997556031
1341846314.761942 0.222590894 0.011776938 0.022909639 -0.008051747 0.069344878 0.010004170 0.997510076
1341846314.794030 0.236905739 0.012485801 0.021711856 -0.004975682 0.070310570 0.011766604 0.997443378
1341846314.826092 0.247021765 0.017347734 0.014631480 -0.002373071 0.074008055 0.012756960 0.997173250
1341846314.862145 0.264996558 0.017780105 0.004774615 -0.002378079 0.075786680 0.015209724 0.997005284
1341846314.894072 0.269536257 0.014335019 0.006999787 -0.003276137 0.079799958 0.016919706 0.996661961
1341846314.925969 0.276569188 0.022569401 0.014951520 -0.002189685 0.082108617 0.020886505 0.996402144
1341846314.961937 0.280279666 0.030141115 0.008941006 -0.004539559 0.082542323 0.026208928 0.996232569
1341846314.994564 0.288212866 0.025709853 0.006254882 -0.008392964 0.082947448 0.024809472 0.996209681
1341846315.029900 0.302453995 0.022815594 0.009096771 -0.008998333 0.085517906 0.022352509 0.996045232
1341846315.061965 0.302359611 0.026106587 0.012590047 -0.009133727 0.088125311 0.026515221 0.995714545
1341846315.094388 0.300880194 0.021741603 0.018809963 -0.009324181 0.088088237 0.026015015 0.995729268
1341846315.129851 0.319155723 0.019449525 0.014515340 -0.007968278 0.086229995 0.026590258 0.995888472
1341846315.161941 0.321084321 0.045261487 0.003122140 -0.007524638 0.086156636 0.029957211 0.995802701
1341846315.197984 0.315272152 0.032917827 0.004358649 -0.015801111 0.085267812 0.024330385 0.995935619
1341846315.230076 0.327658325 0.030350374 0.010535665 -0.019314945 0.083289467 0.021647453 0.996103048
1341846315.262069 0.333057284 0.034275275 0.018650666 -0.021823665 0.080253258 0.024980588 0.996222436
1341846315.298000 0.331909388 0.029225709 0.032544464 -0.024443159 0.077185087 0.026009984 0.996377707
1341846315.329931 0.337734699 0.008808509 0.036496732 -0.023488905 0.075891837 0.026106555 0.996497452
1341846315.361981 0.349651963 0.015443915 0.023161281 -0.017503520 0.073861375 0.031104760 0.996629655
1341846315.397962 0.357066602 0.019836253 0.030392408 -0.013924795 0.073813669 0.034889277 0.996564269
1341846315.429923 0.362185776 0.024401085 0.022035152 -0.010495983 0.075657189 0.035583530 0.996443510
1341846315.466047 0.376268446 0.034450103 0.023130327 -0.008305111 0.077996157 0.036917619 0.996235251
1341846315.497883 0.371203661 0.035025146 0.027721614 -0.009329575 0.082005754 0.041497510 0.995723844
1341846315.530008 0.375606537 0.033276588 0.024439637 -0.009550715 0.083097562 0.042173576 0.995602787
1341846315.566108 0.376690984 0.034213234 0.023970962 -0.010364394 0.084703282 0.043441683 0.995404840
1341846315.597986 0.389358461 0.031113163 0.021170668 -0.011017573 0.084311716 0.044666968 0.995376825
1341846315.630109 0.374746948 0.032674812 0.030515037 -0.010433252 0.087973274 0.040666897 0.995237648
1341846315.666042 0.390383571 0.033920713 0.005097106 -0.011778964 0.087195799 0.043337815 0.995178401
1341846315.698114 0.396794587 0.046982557 -0.006901912 -0.014978148 0.089486763 0.042122986 0.994984150
1341846315.733985 0.386601597 0.027888641 0.015417404 -0.020464167 0.093736693 0.043687634 0.994427562
1341846315.766041 0.378474295 0.034972370 0.022246115 -0.018962147 0.092393406 0.044111799 0.994564295
1341846315.798188 0.380244821 0.028633432 0.014672711 -0.020772150 0.091493875 0.042427946 0.994684577
1341846315.834140 0.376784712 0.024002513 0.016332708 -0.020146815 0.094041929 0.041172106 0.994512498
1341846315.866751 0.371284008 0.023952158 0.029628798 -0.017455338 0.096204154 0.037993122 0.994483113
1341846315.898492 0.369226962 0.018822482 0.023109652 -0.017110294 0.096862324 0.038495887 0.994405866
1341846315.936901 0.370379627 0.011568050 0.019455835 -0.015096014 0.097886696 0.038759578 0.994327903
1341846315.966572 0.360234678 0.013809279 0.016403347 -0.011300793 0.100157008 0.037853979 0.994187117
1341846316.034204 0.348137826 0.012973296 0.012015536 -0.007570529 0.100620247 0.036453944 0.994228065
1341846316.066113 0.340689093 0.012430069 0.021672875 -0.005136446 0.100775950 0.035782918 0.994252205
1341846316.101867 0.330452740 0.013985028 0.014293432 -0.003814576 0.100240067 0.037103165 0.994263947
1341846316.134066 0.328317136 0.029030591 0.028981723 -0.002562607 0.096124701 0.034952145 0.994752169
1341846316.202049 0.311876237 0.019750532 0.031702220 -0.002956584 0.092205174 0.030825891 0.995258391
1341846316.233979 0.308448553 0.022872387 0.020802271 -0.002095113 0.090798959 0.028632034 0.995455325
1341846316.270052 0.304513901 0.012700295 0.004539136 -0.005117053 0.091660887 0.025839753 0.995441854
1341846316.301915 0.300482750 0.004979963 0.012995139 -0.005506913 0.092605181 0.025042044 0.995372772
1341846316.334208 0.295587003 0.004316622 0.013342533 -0.003995509 0.091634512 0.027168473 0.995414019
1341846316.370006 0.286372393 -0.000873328 0.010949600 -0.002484121 0.090951599 0.026557062 0.995498061
1341846316.401994 0.278984070 0.001083290 0.008182153 -0.000503536 0.090377390 0.029363183 0.995474517
1341846316.438069 0.269631267 -0.002413311 0.008128513 0.001659477 0.090290733 0.030128194 0.995458245
1341846316.470076 0.257322222 -0.004777585 0.009161182 0.005897589 0.090646952 0.032286111 0.995342135
1341846316.502034 0.243509099 0.009641817 0.002446502 0.009138386 0.088966079 0.032296963 0.995468915
1341846316.537975 0.234773010 0.007312228 0.001098696 0.006116712 0.086271062 0.029793695 0.995807350
1341846316.570121 0.226586103 -0.004607432 0.008157849 0.004745174 0.086664073 0.026365906 0.995877326
1341846316.601885 0.227006614 -0.000990510 0.000545532 0.007928334 0.084990919 0.027023142 0.995983660
1341846316.638009 0.214789227 -0.006793499 0.001386143 0.009429546 0.084451981 0.028841292 0.995965421
1341846316.669925 0.207918957 -0.014076740 0.006421834 0.010819130 0.084034897 0.027029138 0.996037424
1341846316.705941 0.204103976 -0.023492729 0.001484215 0.013981876 0.083778612 0.028007502 0.995992601
1341846316.738062 0.189937994 -0.008243176 -0.001836611 0.017977927 0.084016033 0.030261792 0.995842516
1341846316.770433 0.178677037 -0.000736943 -0.003202701 0.018226439 0.083782442 0.030106803 0.995862365
1341846316.805932 0.170473203 -0.014635867 0.004242316 0.017251424 0.084224686 0.029322175 0.995865822
1341846316.838029 0.163258076 -0.012585562 0.011288725 0.018490873 0.082758270 0.031621799 0.995896161
1341846316.870034 0.146728471 -0.014347970 0.010293152 0.019086683 0.080538437 0.032602713 0.996035278
1341846316.906344 0.143697500 -0.015479637 0.005773896 0.020089140 0.076819688 0.031630605 0.996340632
1341846316.937940 0.140225470 -0.011129318 -0.001118910 0.020507928 0.075294539 0.028738467 0.996536136
1341846316.973994 0.130603284 -0.011241680 0.004354808 0.019633636 0.073945671 0.029337883 0.996637285
1341846317.005913 0.125427559 -0.016232627 0.005076991 0.017959278 0.070848294 0.030271836 0.996865869
1341846317.037936 0.116769701 -0.015899755 0.009523299 0.018836970 0.068673596 0.028693618 0.997048557
1341846317.073972 0.119250342 -0.018533817 0.008076286 0.019712517 0.065818124 0.030750375 0.997162879
1341846317.106113 0.107622281 -0.023911331 0.009863922 0.021604171 0.065046050 0.034437768 0.997053802
1341846317.137887 0.091172583 -0.021916738 -0.007123417 0.025089256 0.059921935 0.037581164 0.997179806
1341846317.173970 0.092902482 -0.015720850 0.001813367 0.026914762 0.052028984 0.039995134 0.997481287
1341846317.205887 0.077946812 -0.017673075 0.007685444 0.026654035 0.050212391 0.040707309 0.997552633
1341846317.248131 0.067325853 -0.020525916 0.011533773 0.027729386 0.048049953 0.042200267 0.997567773
1341846317.306289 0.057983208 -0.016481841 0.012181082 0.029665200 0.041671563 0.046229847 0.997620285
1341846317.348137 0.056675736 -0.020232974 0.015552704 0.030533841 0.042395446 0.047514349 0.997503221
1341846317.410120 0.039963998 -0.013997544 0.017926432 0.032780394 0.042388905 0.053440832 0.997132242
1341846317.442569 0.039118730 -0.019401928 0.017929582 0.035299670 0.042156082 0.056242656 0.996901989
1341846317.474010 0.027602892 -0.021478146 0.021952916 0.040594060 0.043312002 0.058751673 0.996506095
1341846317.509927 0.011915813 -0.014453519 0.010258100 0.044016145 0.041749645 0.062303230 0.996211708
1341846317.542282 0.004249805 -0.011819106 0.014044485 0.043364391 0.039160982 0.062021777 0.996362984
1341846317.573943 0.005859562 -0.020752897 0.013694592 0.042154346 0.039434414 0.060847856 0.996476531
1341846317.610159 -0.004648327 -0.025108647 0.025107887 0.044600446 0.042140555 0.062188696 0.996176481
1341846317.643553 -0.020299036 -0.018129837 0.025960684 0.047567215 0.042167488 0.064340092 0.995901406
1341846317.677993 -0.029235927 -0.027437912 0.024203775 0.047126845 0.038856696 0.066167802 0.995937228
1341846317.709996 -0.032815717 -0.025461949 0.027228586 0.049970023 0.036046516 0.065582566 0.995943010
1341846317.741834 -0.048479427 -0.013130761 0.022941189 0.051505554 0.036035333 0.065249749 0.995887101
1341846317.777923 -0.055709690 -0.018386265 0.023802675 0.049068417 0.034866467 0.064375289 0.996108651
1341846317.810021 -0.065030172 -0.021628501 0.026092017 0.048552603 0.033446413 0.063000247 0.996270537
1341846317.841886 -0.076468311 -0.012022800 0.028996224 0.048853926 0.033102740 0.060652737 0.996412933
1341846317.878017 -0.077825397 -0.013921238 0.023587968 0.046210907 0.031991564 0.057575546 0.996757865
1341846317.909910 -0.080882043 -0.020804942 0.023134151 0.044781797 0.032770216 0.053917676 0.997002304
1341846317.946031 -0.090890355 -0.023681393 0.026036397 0.045962892 0.033739604 0.056245964 0.996787548
1341846317.978041 -0.100959584 -0.028315151 0.026075739 0.047760013 0.032706033 0.055962060 0.996753514
1341846318.009897 -0.109144039 -0.023322130 0.031673420 0.050476693 0.033706650 0.053115238 0.996742010
1341846318.045949 -0.118657187 -0.017921802 0.027093008 0.050984126 0.034735989 0.052214149 0.996728480
1341846318.078074 -0.129901335 -0.021169079 0.026484262 0.049998809 0.033253711 0.050858609 0.996899068
1341846318.109894 -0.138357326 -0.020240216 0.026068231 0.049871687 0.029211294 0.048796080 0.997135162
1341846318.145957 -0.144267082 -0.020555023 0.028243981 0.049013946 0.027159177 0.045868248 0.997374654
1341846318.178001 -0.151084781 -0.024715887 0.028630022 0.047865484 0.027651196 0.042753156 0.997555256
1341846318.214074 -0.163587928 -0.028489292 0.024378879 0.048455048 0.026125679 0.042318713 0.997586429
1341846318.245970 -0.178718612 -0.035795182 0.031316590 0.051104918 0.021400845 0.043705896 0.997506917
1341846318.278018 -0.186021715 -0.033979457 0.028062735 0.055129714 0.016691318 0.043170173 0.997405827
1341846318.313937 -0.195630386 -0.031140758 0.018196644 0.057171658 0.010559834 0.042482894 0.997404158
1341846318.345989 -0.205458984 -0.034456402 0.004349428 0.058672670 0.000858167 0.042450082 0.997373939
1341846318.382046 -0.224281192 -0.039275348 0.000638570 0.060064029 -0.004845149 0.040473945 0.997361839
1341846318.414072 -0.228350595 -0.038597077 0.006996454 0.061490148 -0.011251187 0.041692272 0.997173071
1341846318.446035 -0.241995022 -0.040293682 0.010696830 0.063770741 -0.016528744 0.041398834 0.996968508
1341846318.482196 -0.237432525 -0.032156467 0.021367861 0.065604538 -0.019653024 0.040945251 0.996811569
1341846318.514144 -0.244255483 -0.034641422 0.020133190 0.065509446 -0.021232447 0.042407084 0.996724308
1341846318.546259 -0.246909574 -0.040319465 0.022131335 0.066606157 -0.022774873 0.042518564 0.996612847
1341846318.582042 -0.255742580 -0.032108847 0.026029523 0.068764307 -0.022245800 0.041574270 0.996518016
1341846318.614115 -0.265093267 -0.031873796 0.026374476 0.068397589 -0.022590319 0.040691257 0.996571958
1341846318.650038 -0.274211347 -0.032912232 0.026008278 0.068036243 -0.023035748 0.037979588 0.996693552
1341846318.682350 -0.286103100 -0.034273759 0.022596058 0.067519248 -0.023140399 0.036320634 0.996788085
1341846318.714063 -0.294444203 -0.033241354 0.021499963 0.067131609 -0.024312340 0.035147853 0.996828437
1341846318.749905 -0.300655812 -0.037504122 0.019235685 0.067821614 -0.024319941 0.036996577 0.996714652
1341846318.782036 -0.316734403 -0.035696622 0.013465032 0.069642633 -0.024484588 0.038514476 0.996527493
1341846318.814121 -0.333145201 -0.040789083 0.002803706 0.069264926 -0.028936461 0.037211798 0.996483982
1341846318.850072 -0.339397311 -0.043946579 0.006967222 0.069477379 -0.034881201 0.034834079 0.996364772
1341846318.883516 -0.344882190 -0.043469157 0.009271126 0.072424479 -0.042686157 0.033016589 0.995912850
1341846318.918047 -0.350357294 -0.041485891 -0.026010009 0.075662561 -0.056109678 0.031146649 0.995066226
1341846318.950044 -0.366054356 -0.046510689 0.014386658 0.077509463 -0.064062238 0.029535089 0.994492829
1341846318.982028 -0.376431227 -0.041879743 0.005440067 0.079265118 -0.067370266 0.026000518 0.994234502
1341846319.018123 -0.392095298 -0.044781093 -0.000185356 0.078353196 -0.072648130 0.026117677 0.993932068
1341846319.050745 -0.392660141 -0.049900103 0.010412678 0.080205873 -0.078964800 0.024150128 0.993352115
1341846319.081905 -0.388609171 -0.041207843 0.012798555 0.086319394 -0.079655074 0.022451656 0.992824256
1341846319.117976 -0.413022757 -0.032688063 0.010022894 0.089577176 -0.077451721 0.028168634 0.992564201
1341846319.150093 -0.416695446 -0.043420598 0.002344362 0.089892149 -0.082739741 0.035081271 0.991888523
1341846319.186069 -0.403193682 -0.028637715 0.008634351 0.092393033 -0.085807122 0.036046036 0.991363406
1341846319.218149 -0.418569833 -0.009446855 -0.012780875 0.090722933 -0.078891158 0.032940976 0.992199838
1341846319.250034 -0.417269349 -0.010789559 0.008996520 0.084273227 -0.074001424 0.033558689 0.993124187
1341846319.286594 -0.431088120 -0.030139538 0.001674082 0.080896012 -0.070585169 0.037212372 0.993523419
1341846319.318034 -0.440912753 -0.029268276 0.005520411 0.081912220 -0.069325991 0.040640797 0.993394494
1341846319.350268 -0.451695949 -0.032896779 0.004980270 0.082447335 -0.068733834 0.047535390 0.993085325
1341846319.386163 -0.476856560 -0.034657255 0.020822927 0.084549531 -0.072043978 0.054382231 0.992322326
1341846319.418386 -0.469875157 -0.031946599 0.001046598 0.085520178 -0.078018181 0.055265658 0.991738439
1341846319.453961 -0.473500699 -0.026006693 0.009158157 0.086604238 -0.080173261 0.050650891 0.991718948
1341846319.486271 -0.491043031 -0.026183413 -0.008524358 0.085354008 -0.079879619 0.049851984 0.991891503
1341846319.554083 -0.505093932 -0.029465370 0.006039679 0.080125868 -0.086324006 0.048621554 0.991848767
1341846319.586296 -0.519225180 -0.030385258 0.003721513 0.080619454 -0.085355036 0.044549525 0.992083848
1341846319.622031 -0.529551506 -0.033053119 -0.007299893 0.078492455 -0.089148939 0.042668641 0.992003381
1341846319.653962 -0.537716508 -0.040719420 0.003145166 0.077575020 -0.093931876 0.041335683 0.991690636
1341846319.686352 -0.543586671 -0.042017631 0.002087533 0.079340063 -0.097787887 0.044027742 0.991062224
1341846319.721992 -0.552240431 -0.030571312 0.002855949 0.080866024 -0.101771228 0.043774445 0.990548909
1341846319.754063 -0.559439600 -0.016968207 -0.002337217 0.078393817 -0.103978612 0.043258686 0.990541041
1341846319.786397 -0.561545849 -0.019343173 0.003916003 0.073897786 -0.104307249 0.047399305 0.990662634
1341846319.822008 -0.570680797 -0.019114677 0.002505451 0.070698924 -0.104606025 0.051203836 0.990675271
1341846319.853917 -0.566123068 -0.022839611 0.010068312 0.065179422 -0.106993794 0.056356981 0.990518987
1341846319.889942 -0.572413981 -0.034856323 0.016122773 0.061285973 -0.107760079 0.061458055 0.990381062
1341846319.922039 -0.584464073 -0.046043009 0.003753528 0.060092848 -0.110951871 0.062937908 0.990008712
1341846319.953946 -0.583110809 -0.046691667 0.014645025 0.060822666 -0.117353797 0.059162818 0.989458621
1341846319.990054 -0.577418625 -0.040618099 0.023207679 0.064101838 -0.121211149 0.052074447 0.989185035
1341846320.028122 -0.582241714 -0.045405582 0.011729941 0.065582424 -0.124328896 0.051713511 0.988719881
1341846320.090047 -0.563680708 -0.031542227 0.020838574 0.071800299 -0.132996768 0.051562361 0.987166643
1341846320.122011 -0.553944111 -0.028857009 0.026851162 0.072737537 -0.131119370 0.052421473 0.987303853
1341846320.157952 -0.546831727 -0.030876197 0.032486349 0.072913706 -0.128764525 0.053317524 0.987552762
1341846320.190003 -0.532857001 -0.032794841 0.040694334 0.076169953 -0.125637650 0.050978851 0.987833202
1341846320.221941 -0.530269742 -0.034643032 0.042948715 0.079893760 -0.121826708 0.051876314 0.987969697
1341846320.258015 -0.519301772 -0.039693996 0.038662203 0.083500765 -0.121505126 0.055597063 0.987508476
1341846320.289887 -0.505026639 -0.047440089 0.049210481 0.088350996 -0.123226993 0.056762163 0.986806631
1341846320.321954 -0.498869270 -0.047662482 0.034651354 0.097523183 -0.123469032 0.055326812 0.985993683
1341846320.357890 -0.486415029 -0.040727012 0.037279546 0.102651246 -0.123255715 0.056600600 0.985427380
1341846320.390064 -0.473753542 -0.036447734 0.014497116 0.104891002 -0.119113147 0.054977894 0.985792756
1341846320.426544 -0.449284196 -0.031091083 0.057415023 0.108689293 -0.112724900 0.051714797 0.986308932
1341846320.458122 -0.439998448 -0.033979569 0.053439252 0.108884856 -0.105477959 0.050344992 0.987159491
1341846320.490186 -0.421602458 -0.042519189 0.007744446 0.111847714 -0.098023079 0.048835028 0.987672389
1341846320.525911 -0.422042817 -0.036463521 0.054675899 0.116174310 -0.090805456 0.047797453 0.987913549
1341846320.558091 -0.407726884 -0.038864434 0.047347508 0.116070494 -0.087426573 0.045505568 0.988338709
1341846320.594093 -0.380840391 -0.039494775 0.056221075 0.117728181 -0.083298244 0.040914644 0.988699853
1341846320.631955 -0.377671331 -0.035188604 0.051758271 0.120383672 -0.075080559 0.040657815 0.989048839
1341846320.664916 -0.365014791 -0.031042393 0.058448076 0.120381616 -0.073165551 0.039597291 0.989235580
1341846320.699927 -0.350707322 -0.043430530 0.035728149 0.119867735 -0.069057941 0.036649771 0.989706814
1341846320.731822 -0.335601181 -0.036934000 0.024827421 0.121990919 -0.062377118 0.035547622 0.989931166
1341846320.763877 -0.349501580 -0.014929409 0.017543610 0.120714746 -0.059592050 0.034938611 0.990280807
1341846320.799999 -0.322715789 -0.037546635 0.027230814 0.112133786 -0.062764741 0.031476494 0.991209269
1341846320.831871 -0.271315068 -0.039836660 0.011474367 0.114268556 -0.052681688 0.027983848 0.991657317
1341846320.863887 -0.313988417 -0.023995861 0.021874735 0.113011450 -0.042456660 0.028060146 0.992289484
1341846320.900014 -0.303400367 -0.036404070 0.024896171 0.105279319 -0.047679737 0.033525344 0.992733061
1341846320.931889 -0.277824491 -0.039080203 0.024457119 0.107553929 -0.048407394 0.031151645 0.992531359
1341846320.967866 -0.275602609 -0.020262308 0.023591038 0.107261680 -0.042785995 0.028666904 0.992896020
1341846321.000017 -0.273920834 -0.025317183 0.026956668 0.100782275 -0.042337421 0.026734611 0.993647754
1341846321.031860 -0.255803466 -0.033031803 0.028811378 0.098966368 -0.042344984 0.024653398 0.993883729
1341846321.068047 -0.243909538 -0.021728583 0.034141585 0.100005470 -0.039114945 0.021728473 0.993980289
1341846321.099840 -0.237023637 -0.023541600 0.029126894 0.097341940 -0.037753906 0.022896973 0.994271100
1341846321.131821 -0.219634131 -0.036813349 0.030335538 0.096976258 -0.036577031 0.024105042 0.994322240
1341846321.167887 -0.212202281 -0.032610409 0.025003979 0.099701047 -0.032550372 0.024722779 0.994177580
1341846321.200042 -0.207802579 -0.027343862 0.025117081 0.100277349 -0.029985141 0.024438100 0.994207323
1341846321.231950 -0.197327182 -0.035316177 0.025001219 0.099431276 -0.029333206 0.023505624 0.994334221
1341846321.267939 -0.180556700 -0.030044029 0.019321889 0.100073688 -0.027598290 0.018416621 0.994426727
1341846321.299948 -0.172955677 -0.030798331 0.025044408 0.099004768 -0.023196552 0.012228308 0.994741440
1341846321.331858 -0.174163848 -0.033538952 0.030503746 0.099095635 -0.019858789 0.008429795 0.994844019
1341846321.367913 -0.154866621 -0.041918833 0.025841270 0.099929780 -0.017670685 0.004577057 0.994827092
1341846321.399897 -0.150702521 -0.034305893 0.035912454 0.102526464 -0.012218283 0.003145215 0.994650304
1341846321.435994 -0.146978676 -0.039665304 0.035005536 0.103661999 -0.009005250 0.002558692 0.994568527
1341846321.467946 -0.133446619 -0.038999923 0.036336605 0.105390601 -0.006749411 0.004052240 0.994399786
1341846321.499882 -0.121132925 -0.037070990 0.039226819 0.107070304 -0.004137458 0.004264928 0.994233727
1341846321.536109 -0.089684665 -0.029945580 0.029710839 0.106390446 -0.000534301 0.002253967 0.994321764
1341846321.568960 -0.101846911 -0.023691617 0.046318468 0.103599124 0.007035472 -0.000681046 0.994594038
1341846321.603938 -0.099967517 -0.028715912 0.037626330 0.100397199 0.010235120 -0.001431422 0.994893730
1341846321.637163 -0.061097559 -0.026554368 0.024767287 0.097243398 0.012955665 -0.000030329 0.995176315
1341846321.668306 -0.077369146 -0.020273907 0.055462085 0.093474127 0.023692900 0.001470341 0.995338678
1341846321.704411 -0.094736397 -0.024910418 0.054745905 0.090334356 0.026390260 0.008854952 0.995522439
1341846321.736861 -0.080863178 -0.021907847 0.060222421 0.089616507 0.023323424 0.017257139 0.995553672
1341846321.771881 -0.068791486 -0.006283441 0.056421839 0.087927327 0.023088014 0.021832330 0.995620012
1341846321.804114 -0.057370842 -0.011486795 0.059529807 0.083229318 0.024728311 0.025206383 0.995904684
1341846321.836152 -0.059184961 -0.006198226 0.059597041 0.080537662 0.027838260 0.024777705 0.996054649
1341846321.871882 -0.054264005 0.004910070 0.057912171 0.076038986 0.028869513 0.022437271 0.996434271
1341846321.904074 -0.048373945 0.000366579 0.057708941 0.069306046 0.030144662 0.019091276 0.996957123
1341846321.939847 -0.045315027 -0.006388479 0.062631667 0.064724721 0.033110701 0.015960449 0.997226000
1341846322.004094 -0.051713131 -0.011334848 0.067382254 0.057767443 0.031549577 0.015727516 0.997707486
1341846322.066178 -0.029527996 -0.018944222 0.063031062 0.052629400 0.035105310 0.013096153 0.997910976
1341846322.107979 -0.030046459 -0.037853640 0.065440521 0.049013235 0.037061337 0.012990616 0.998025775
1341846322.166164 -0.028411819 -0.057208829 0.064276859 0.052026682 0.036436338 0.013230409 0.997893095
1341846322.202932 -0.026808403 -0.061192524 0.063824788 0.053613488 0.034075256 0.013473041 0.997889280
1341846322.234093 -0.028262103 -0.063967258 0.059480824 0.052634303 0.032982863 0.010967702 0.998008788
1341846322.265941 -0.026015520 -0.076364920 0.060681358 0.049622376 0.029545171 0.011987304 0.998259008
1341846322.301996 -0.018405495 -0.089551687 0.060132321 0.047767397 0.027598599 0.012921523 0.998393536
1341846322.333949 -0.028546765 -0.103369586 0.058505923 0.046731494 0.026365837 0.012449123 0.998481870
1341846322.369871 -0.015677037 -0.121538416 0.059905164 0.046831697 0.020062607 0.009624225 0.998654902
1341846322.402292 -0.002726913 -0.133216083 0.063815787 0.049048871 0.020764371 0.003239792 0.998575270
1341846322.433955 -0.028656621 -0.155936643 0.067706928 0.053894449 0.025212474 -0.001702474 0.998226821
1341846322.470030 -0.029986575 -0.160368770 0.070652485 0.062631413 0.020867333 0.001583873 0.997817278
1341846322.502433 -0.016671395 -0.173385054 0.067593798 0.068420112 0.017075781 0.005198610 0.997496903
1341846322.534002 -0.012877936 -0.192344278 0.071841195 0.076458849 0.016906571 0.006694180 0.996906936
1341846322.570196 -0.014044065 -0.197062105 0.068107896 0.086294100 0.016549570 0.008940141 0.996092081
1341846322.601920 -0.016200919 -0.209185928 0.060950749 0.091472715 0.013657346 0.012810183 0.995631516
1341846322.638119 -0.005577823 -0.220401734 0.070469558 0.097119562 0.009968598 0.011935237 0.995151222
1341846322.669947 0.007913237 -0.222718686 0.070628807 0.102265686 0.012173177 0.011176148 0.994619846
1341846322.702026 -0.008154272 -0.237831488 0.066497281 0.104617670 0.015258939 0.013176453 0.994308174
1341846322.738006 -0.003132935 -0.233775645 0.073534980 0.106651783 0.012006973 0.014837313 0.994113207
1341846322.770087 0.004822862 -0.256879896 0.073842525 0.105906434 0.012716852 0.015142234 0.994179428
1341846322.806047 -0.001519538 -0.269945681 0.073495880 0.109237723 0.012601861 0.016485183 0.993799031
1341846322.838063 -0.005319345 -0.273965478 0.070461363 0.111234546 0.008342885 0.018772429 0.993581831
1341846322.870081 -0.000793761 -0.287908971 0.082420342 0.113224432 0.003283212 0.019487586 0.993372858
1341846322.906018 0.011091169 -0.290931702 0.082962804 0.118319228 0.001131029 0.019506333 0.992783308
1341846322.938349 0.010831984 -0.279281557 0.087309353 0.119250439 0.002207469 0.021293076 0.992633402
1341846322.970069 0.010547091 -0.282939851 0.085762143 0.114604905 0.001674235 0.022552755 0.993153751
1341846323.011820 0.017980257 -0.295786589 0.092209041 0.112232588 0.001307192 0.022981960 0.993415296
1341846323.073951 0.017912470 -0.297723234 0.095586948 0.109380051 0.001057303 0.027904907 0.993607700
1341846323.105962 0.015897101 -0.314974546 0.098228380 0.106263742 0.001465896 0.026974870 0.993970931
1341846323.138158 0.016685102 -0.317518264 0.094952241 0.106867597 0.001646552 0.023438852 0.993995547
1341846323.174092 0.015107484 -0.320117176 0.092301250 0.104455277 0.001125536 0.022693407 0.994270027
1341846323.206059 0.024486117 -0.327016622 0.090012968 0.101511665 0.000235175 0.020218628 0.994628847
1341846323.238053 0.023119055 -0.327371418 0.096593723 0.099159941 0.003513854 0.018529331 0.994892776
1341846323.273997 0.007101974 -0.328079671 0.095453277 0.095384791 0.004410827 0.019543001 0.995238841
1341846323.305946 0.013511488 -0.340246618 0.097150035 0.089475304 0.000049146 0.020241994 0.995783329
1341846323.342027 0.039182253 -0.355039626 0.102735445 0.087215543 0.000419291 0.018873082 0.996010602
1341846323.374048 0.016659204 -0.363481820 0.101313055 0.087742642 0.005249882 0.019930862 0.995929956
1341846323.405987 0.004782155 -0.372777939 0.092752010 0.087824166 0.001642524 0.024682032 0.995828748
1341846323.441956 0.022516251 -0.381044567 0.102198683 0.089055978 -0.003523886 0.027155178 0.995650172
1341846323.473878 0.021568134 -0.396961421 0.095650442 0.092689000 -0.001683119 0.024405178 0.995394528
1341846323.506129 0.014797084 -0.389849693 0.092398204 0.095599629 -0.001478502 0.022089483 0.995173633
1341846323.541972 0.024865396 -0.391051710 0.091869131 0.094251595 -0.002163262 0.020161413 0.995341837
1341846323.573913 0.047279984 -0.408435613 0.089193150 0.092961647 0.000773745 0.015326547 0.995551407
1341846323.609927 0.033474542 -0.406370580 0.090948485 0.093671627 0.007752670 0.011455496 0.995507061
1341846323.642014 0.015966268 -0.416273117 0.088687025 0.092555694 0.010380382 0.011596184 0.995585859
1341846323.674081 0.016942983 -0.426444918 0.091488212 0.092494287 0.008490299 0.014424184 0.995572507
1341846323.710069 0.016973954 -0.448483706 0.084359355 0.093275428 0.007366118 0.018118987 0.995448232
1341846323.742111 0.018805908 -0.457205236 0.089659587 0.098216146 0.005103840 0.018964455 0.994971275
1341846323.774928 0.021774480 -0.455240458 0.085840613 0.101583295 0.002763093 0.016692795 0.994683146
1341846323.810012 0.024499929 -0.458610415 0.085291699 0.102848269 0.001487996 0.013325408 0.994606674
1341846323.842207 0.025615659 -0.464850247 0.083817609 0.104502335 0.001598558 0.007402340 0.994495809
1341846323.878019 0.017233022 -0.475602567 0.076883681 0.105099954 0.001288628 0.002982843 0.994456351
1341846323.909826 0.020915700 -0.486500561 0.081438042 0.108305573 -0.000662584 -0.001042926 0.994116843
1341846323.942459 0.018500827 -0.483974129 0.080316558 0.112368427 -0.000617719 -0.000857355 0.993666053
1341846323.978055 0.013392594 -0.490508258 0.073428608 0.114450239 -0.003195843 0.000337533 0.993423820
1341846324.015934 0.022917235 -0.492640942 0.069656782 0.117667481 -0.005868524 0.000831760 0.993035376
1341846324.047722 0.024651933 -0.483071566 0.068936072 0.121508725 -0.004339433 -0.000302952 0.992580831
1341846324.083904 0.022728942 -0.470378250 0.071886927 0.121943913 -0.002917444 -0.000848336 0.992532313
1341846324.115968 0.025912596 -0.468712062 0.071420662 0.119782895 -0.001295893 -0.003049901 0.992794573
1341846324.151967 0.028092569 -0.465790421 0.072033867 0.119201809 0.001525997 -0.007532904 0.992840290
1341846324.183941 0.023511715 -0.451717585 0.076121494 0.116583064 0.005870917 -0.010743037 0.993105471
1341846324.219984 0.020648500 -0.447657228 0.079503812 0.112592682 0.007691735 -0.008890966 0.993571699
1341846324.251968 0.015752031 -0.448222995 0.076785684 0.111761309 0.007932711 -0.010251277 0.993650556
1341846324.284052 0.011922068 -0.433423758 0.077996351 0.112687677 0.007448691 -0.011051909 0.993541062
1341846324.319880 0.007916041 -0.419593066 0.078163959 0.111336917 0.004061851 -0.011681303 0.993705750
1341846324.351917 0.009199519 -0.401623100 0.081447050 0.108532406 0.000779521 -0.012553710 0.994013309
1341846324.388001 0.021317663 -0.397905737 0.081088640 0.103855982 0.000207680 -0.016397530 0.994457126
1341846324.419908 0.012487135 -0.384346366 0.088955358 0.099149123 0.003140234 -0.019284571 0.994880736
1341846324.452027 0.009347642 -0.383945107 0.093190692 0.094543710 0.003288762 -0.019223826 0.995329618
1341846324.487928 0.007385780 -0.378258884 0.090670899 0.093062766 0.003001317 -0.017013935 0.995510340
1341846324.519985 0.000705930 -0.367024750 0.091005258 0.091811083 0.000896440 -0.012231276 0.995700896
1341846324.556001 -0.002546623 -0.348504454 0.092747688 0.090426832 -0.003956430 -0.008174734 0.995861650
1341846324.587888 0.001065665 -0.336334318 0.093067884 0.086951971 -0.007189387 -0.005764990 0.996169865
1341846324.620086 0.003500680 -0.331496984 0.093189642 0.084838919 -0.009846319 -0.008085529 0.996313214
1341846324.655955 0.008475096 -0.320309043 0.095252246 0.083450742 -0.011189842 -0.009120530 0.996407330
1341846324.688082 0.005557366 -0.317877412 0.100870326 0.082747370 -0.010885945 -0.008330954 0.996476233
1341846324.755922 -0.007580296 -0.281194478 0.094357997 0.084791489 -0.013558012 -0.004644257 0.996295631
1341846324.814016 0.013571091 -0.243509725 0.091979161 0.080149777 -0.020458372 -0.007073318 0.996547759
1341846324.849979 0.000285179 -0.239542857 0.105248965 0.074346684 -0.016610792 -0.010098241 0.997042954
1341846324.881924 -0.007238286 -0.238066256 0.108345501 0.071116351 -0.017621862 -0.009935542 0.997262836
1341846324.913902 -0.002633293 -0.226539895 0.109018378 0.070286423 -0.019267324 -0.006626147 0.997318745
1341846324.949999 -0.005237873 -0.231273964 0.109673806 0.070146069 -0.019227417 -0.003723582 0.997344434
1341846324.981922 -0.017414829 -0.224937946 0.107587673 0.074609853 -0.020920113 -0.000651247 0.996993124
1341846325.018013 -0.014402911 -0.207634956 0.103071839 0.079503484 -0.026437946 0.001873063 0.996482193
1341846325.050079 -0.020182509 -0.197459936 0.095882803 0.081000201 -0.031158406 0.000428270 0.996226847
1341846325.081901 -0.018159917 -0.170568496 0.105301358 0.081298336 -0.036490068 -0.001352812 0.996020734
1341846325.118531 -0.007626116 -0.157860518 0.107031003 0.077017836 -0.038553786 -0.003305008 0.996278524
1341846325.149933 -0.008279247 -0.157831132 0.112069800 0.070927471 -0.036345009 -0.005078344 0.996806145
1341846325.181925 -0.013947241 -0.149793386 0.112130389 0.068094596 -0.034911197 -0.002742606 0.997064054
1341846325.218055 -0.013610563 -0.142483249 0.116221510 0.065567456 -0.034945577 0.001190294 0.997235358
1341846325.249811 -0.017879196 -0.135067970 0.120038770 0.063466415 -0.034831420 0.004871984 0.997364044
1341846325.285925 -0.014324583 -0.125236124 0.120251052 0.060815405 -0.035641048 0.008002026 0.997480392
1341846325.317988 -0.001162413 -0.129539162 0.121216677 0.058021184 -0.033885527 0.010668337 0.997683048
1341846325.349844 -0.006650966 -0.131363004 0.123979181 0.060975499 -0.028753739 0.012840885 0.997642398
1341846325.387302 -0.007112102 -0.119143426 0.126073331 0.065720953 -0.025998920 0.015341105 0.997381270
1341846325.417931 0.006661118 -0.111602843 0.127496049 0.068798132 -0.021660591 0.018759495 0.997219026
1341846325.450747 0.013748422 -0.120183572 0.130871400 0.072940812 -0.013591666 0.020705367 0.997028708
1341846325.485954 -0.004573758 -0.096623570 0.141468391 0.082442142 -0.006107178 0.022570558 0.996321499
1341846325.517875 -0.008230668 -0.088805810 0.142092317 0.085865475 -0.003031251 0.024744991 0.995994806
1341846325.553859 -0.009926072 -0.083839245 0.138535276 0.088819452 0.000457148 0.024046229 0.995757341
1341846325.585855 -0.013730357 -0.066536598 0.135620564 0.091482595 0.003655074 0.022670262 0.995541871
1341846325.617990 -0.015917381 -0.044640113 0.134848058 0.089405932 0.005478335 0.020877004 0.995761395
1341846325.653982 -0.018119466 -0.062269442 0.140898317 0.085267365 0.007359385 0.017834397 0.996171296
1341846325.685819 -0.019220864 -0.059009004 0.145021647 0.090835996 0.008777257 0.019754814 0.995631218
1341846325.717857 -0.020890452 -0.045485713 0.150301099 0.095391259 0.009680122 0.026797891 0.995032012
1341846325.754083 -0.027126426 -0.044588581 0.150363624 0.098333701 0.010154747 0.030685831 0.994628429
1341846325.786087 -0.017114721 -0.040308699 0.139100865 0.104157887 0.009622375 0.032697156 0.993976593
1341846325.821856 -0.019731153 -0.018063694 0.150372297 0.109173581 0.011794588 0.033931389 0.993373394
1341846325.853827 -0.025602143 -0.017013349 0.142396480 0.108718090 0.012217373 0.037652530 0.993284166
1341846325.885958 -0.038150012 0.000205113 0.145806551 0.110189393 0.010537535 0.042887375 0.992928922
1341846325.921984 -0.033957977 0.002712466 0.156657085 0.109143123 0.006377396 0.046924420 0.992897332
1341846325.953899 -0.022474483 0.007403906 0.154536486 0.112349950 0.006141743 0.049091972 0.992436230
1341846325.985823 -0.030699842 0.022432819 0.158259109 0.115506969 0.009773714 0.052240144 0.991883874
1341846326.021991 -0.035725489 0.024175666 0.160081491 0.118162140 0.010239480 0.057759013 0.991260171
1341846326.054055 -0.028089281 0.036211401 0.158726245 0.123146266 0.008713854 0.061895717 0.990418077
1341846326.089984 -0.024392644 0.054874018 0.159056395 0.126252696 0.010565554 0.060869161 0.990072489
1341846326.121822 -0.027470220 0.065970421 0.165485412 0.125933766 0.014844825 0.058384988 0.990207791
1341846326.154079 -0.031869911 0.064369202 0.169026658 0.125953510 0.017358297 0.057241503 0.990231156
1341846326.190178 -0.033591572 0.077326417 0.171805114 0.128471076 0.016852234 0.060071178 0.989748776
1341846326.222162 -0.039880868 0.093866661 0.173372686 0.128113836 0.015298196 0.066267453 0.989424825
1341846326.259181 -0.039628282 0.105136871 0.176088750 0.125073865 0.012674456 0.069817081 0.989606738
1341846326.322766 -0.036351539 0.126885578 0.186474502 0.117973052 0.012157850 0.067798086 0.990625024
1341846326.359773 -0.036334835 0.136381984 0.187027678 0.114310317 0.013817099 0.066250533 0.991137326
1341846326.392109 -0.030966280 0.127728462 0.192749605 0.112025179 0.015123759 0.067926928 0.991265655
1341846326.423985 -0.039752774 0.138794959 0.197149724 0.117115200 0.016688939 0.072177507 0.990351439
1341846326.459869 -0.044884320 0.150928646 0.193319947 0.119029984 0.014477071 0.075725324 0.989892900
1341846326.526163 -0.027594134 0.183909893 0.193722546 0.119331375 0.014753458 0.076820180 0.989768147
1341846326.560211 -0.029957402 0.191862345 0.201043993 0.114326485 0.018654611 0.076666951 0.990304828
1341846326.591828 -0.033150304 0.193147391 0.196864367 0.110308327 0.021132572 0.078722261 0.990549505
1341846326.627027 -0.028477700 0.205736130 0.203749120 0.110623397 0.022123763 0.077851593 0.990561485
1341846326.658442 -0.027419977 0.225470439 0.204703510 0.108943552 0.025977347 0.076275751 0.990776658
1341846326.694856 -0.035474893 0.235123768 0.212300718 0.105193838 0.030048011 0.076098271 0.991080403
1341846326.726206 -0.034532886 0.252487630 0.212489426 0.100174345 0.030800253 0.074586488 0.991692185
1341846326.762753 -0.027870685 0.266420186 0.210711122 0.094240166 0.032584235 0.072240978 0.992390215
1341846326.826821 -0.033576369 0.292668223 0.218935460 0.078896686 0.038921874 0.067524038 0.993831396
1341846326.858887 -0.037382782 0.293300420 0.229363993 0.070637695 0.040611889 0.065971307 0.994489193
1341846326.895360 -0.041913532 0.289004147 0.229092509 0.067784101 0.040550813 0.068039775 0.994550884
1341846326.926897 -0.046443146 0.298079461 0.236218303 0.070267148 0.037104703 0.069207519 0.994432509
1341846326.958888 -0.041568950 0.310061961 0.231150270 0.072753914 0.034874480 0.071553595 0.994168341
1341846326.994594 -0.035473362 0.322155774 0.219341099 0.072688460 0.034680624 0.074040882 0.993997812
1341846327.026301 -0.033102147 0.338623941 0.219361261 0.071258642 0.035682146 0.072866976 0.994152606
1341846327.063945 -0.033004750 0.340323776 0.228336424 0.067478165 0.038417228 0.069010772 0.994589567
1341846327.094662 -0.037116453 0.347480386 0.227878571 0.066830568 0.041075405 0.066921286 0.994669855
1341846327.128901 -0.035976566 0.360604078 0.233019203 0.066513196 0.040614102 0.065924115 0.994776607
1341846327.161940 -0.036126822 0.370920807 0.231853679 0.065255955 0.039477792 0.065405726 0.994939864
1341846327.193867 -0.028514117 0.374480933 0.237224266 0.063846916 0.040504053 0.063411996 0.995119035
1341846327.229885 -0.029444329 0.387245953 0.235429138 0.064778581 0.044062972 0.060960758 0.995060802
1341846327.262014 -0.023934357 0.397590309 0.245948255 0.064184576 0.048750516 0.057322055 0.995096922
1341846327.294023 -0.028846567 0.399033695 0.241515011 0.066824868 0.062307145 0.053452011 0.994381785
1341846327.330015 -0.021418173 0.430609196 0.238483265 0.070344590 0.070591800 0.049044527 0.993812382
1341846327.361939 -0.026213519 0.443429738 0.247603446 0.067847118 0.076267585 0.043154415 0.993839920
1341846327.393887 -0.031135965 0.450753301 0.251258433 0.066205420 0.079111069 0.036618903 0.993990660
1341846327.429966 -0.039515268 0.479069501 0.256493151 0.065470852 0.079384506 0.036160998 0.994034231
1341846327.461965 -0.042952709 0.500580430 0.263817161 0.058728382 0.075086020 0.037315182 0.994746506
1341846327.497931 -0.028727813 0.505082667 0.266437888 0.053619176 0.071851611 0.036185630 0.995315492
1341846327.530068 -0.029825568 0.524515927 0.276201159 0.053353015 0.072445564 0.038630541 0.995194852
1341846327.561895 -0.037664484 0.522649646 0.278543353 0.050990786 0.070611216 0.044802740 0.995191813
1341846327.598010 -0.041066840 0.524664164 0.282353520 0.051886827 0.067747287 0.049017791 0.995145857
1341846327.629945 -0.047777608 0.543479919 0.284944236 0.053183101 0.063682422 0.048878409 0.995352685
1341846327.662003 -0.043348067 0.541398823 0.290582001 0.051766343 0.059887581 0.044567145 0.995865166
1341846327.697919 -0.045259438 0.565713406 0.283608794 0.055807002 0.058895331 0.044887353 0.995691717
1341846327.730075 -0.046788663 0.590131700 0.285631448 0.053074785 0.057984907 0.046132222 0.995837629
1341846327.766017 -0.043514509 0.596777558 0.287157893 0.048054431 0.056865446 0.047670264 0.996084630
1341846327.797917 -0.045113984 0.614195049 0.288457870 0.043576136 0.056711193 0.049067967 0.996231556
1341846327.830054 -0.047338229 0.617230237 0.288815767 0.036297891 0.056627385 0.049466830 0.996508300
1341846327.865944 -0.039413936 0.625031233 0.288419187 0.032387160 0.056861110 0.049899571 0.996608198
1341846327.898010 -0.044061124 0.635010600 0.294565022 0.029509980 0.058293704 0.050187483 0.996600330
1341846327.929991 -0.045499437 0.645341635 0.296483129 0.025242064 0.056920778 0.047605291 0.996923566
1341846327.966065 -0.043659158 0.656208992 0.296508670 0.021299209 0.057029203 0.045664448 0.997100174
1341846327.998073 -0.042895589 0.667682350 0.297461033 0.014894634 0.057668176 0.043313246 0.997284591
1341846328.034045 -0.044139955 0.662948132 0.298191547 0.007386010 0.058927916 0.040657423 0.997406602
1341846328.065993 -0.044854451 0.668833315 0.295561194 0.002840396 0.059372690 0.042043623 0.997346044
1341846328.098045 -0.045141552 0.652049065 0.299461097 -0.000062693 0.060168043 0.042406298 0.997287095
1341846328.133967 -0.049140830 0.652264476 0.294710159 0.003145363 0.059249058 0.046818811 0.997139752
1341846328.166023 -0.051763710 0.653172314 0.295263380 0.003296026 0.056240115 0.047923513 0.997260988
1341846328.198018 -0.052563880 0.638185143 0.291730851 0.002206611 0.053617548 0.045011789 0.997544110
1341846328.234044 -0.051152647 0.620104671 0.288737714 0.003489895 0.052301932 0.042845093 0.997705698
1341846328.265899 -0.047894202 0.612523794 0.283023894 0.005563898 0.049810305 0.044342082 0.997758389
1341846328.302051 -0.047931664 0.603724778 0.282722235 0.009235609 0.049583789 0.045106351 0.997708142
1341846328.333917 -0.046567470 0.585657775 0.272517234 0.011414063 0.049731363 0.047230758 0.997579932
1341846328.366008 -0.052337602 0.566252232 0.281951070 0.016457044 0.049938060 0.044045538 0.997644901
1341846328.402010 -0.053751078 0.530209541 0.279464304 0.026990522 0.052381512 0.045971286 0.997203231
1341846328.433920 -0.045219183 0.520820796 0.261582375 0.031072972 0.049452834 0.047085971 0.997181892
1341846328.470003 -0.039348934 0.495831072 0.257738143 0.030307382 0.047532327 0.039949775 0.997610211
1341846328.502194 -0.037976354 0.464101076 0.258182198 0.030425034 0.050075185 0.031200320 0.997794211
1341846328.534033 -0.034399316 0.448133856 0.257868320 0.031821258 0.052088611 0.029866176 0.997688413
1341846328.570125 -0.039802756 0.427530736 0.262273729 0.032780822 0.052950703 0.033978462 0.997480392
1341846328.602804 -0.028993936 0.402233332 0.232903391 0.037995711 0.046676550 0.036516961 0.997518957
1341846328.672663 -0.028573703 0.361190468 0.250122368 0.048551608 0.034063067 0.032861315 0.997698605
1341846328.702975 -0.027457405 0.345158309 0.247774109 0.050774023 0.031177031 0.031673513 0.997720778
1341846328.770129 -0.020762905 0.311385095 0.237267941 0.058371589 0.028064050 0.026750701 0.997541785
1341846328.802331 -0.020158838 0.294204921 0.236068785 0.059061646 0.025147626 0.026660671 0.997581363
1341846328.838051 -0.014176381 0.281419337 0.241879657 0.063452713 0.022229156 0.024968833 0.997424722
1341846328.869939 -0.014950494 0.281243593 0.224678546 0.063594431 0.021787744 0.022265434 0.997489512
1341846328.904486 -0.016022015 0.264050752 0.231726274 0.059333634 0.018742841 0.023681846 0.997781217
1341846328.939814 -0.003457072 0.235565677 0.231812894 0.061140411 0.014590790 0.023799362 0.997738719
1341846328.970217 -0.003617893 0.233136490 0.226284087 0.065777533 0.013161037 0.026081100 0.997406542
1341846329.006232 -0.001480207 0.219114676 0.222268313 0.066004254 0.010339315 0.031491321 0.997268677
1341846329.038243 0.000615539 0.200336874 0.215919435 0.069562338 0.009829495 0.030881114 0.997051060
1341846329.106125 0.004603568 0.198044449 0.207459033 0.073020108 0.009204157 0.030590769 0.996818721
1341846329.138340 0.006540973 0.179700240 0.211781397 0.074173048 0.008344207 0.027665356 0.996826649
1341846329.169991 0.007313509 0.176956728 0.199112713 0.075982541 0.007235791 0.027146403 0.996713281
1341846329.208656 0.007116579 0.169584990 0.202807486 0.076718368 0.006446335 0.025428247 0.996707678
1341846329.238169 0.010639642 0.168123871 0.195982248 0.076226130 0.005207962 0.025691915 0.996745884
1341846329.273827 0.010109693 0.152680248 0.194570333 0.073962234 0.004392310 0.026169347 0.996907949
1341846329.306052 0.010407922 0.154585123 0.189449131 0.075129755 0.001857449 0.025532538 0.996845126
1341846329.338104 0.019468855 0.153256685 0.184709638 0.071618110 -0.000843775 0.025136808 0.997114956
1341846329.373907 0.016111953 0.126428053 0.182081953 0.066995628 -0.000991416 0.021971883 0.997510850
1341846329.405985 0.017648540 0.118338332 0.181460068 0.068416521 -0.002623189 0.019397169 0.997464836
1341846329.442057 0.020077195 0.118205860 0.177305713 0.068254404 -0.003281638 0.016398964 0.997527778
1341846329.473950 0.016339486 0.100467645 0.177364454 0.066534832 -0.003971710 0.010103586 0.997725070
1341846329.506147 0.015424674 0.097031131 0.174279422 0.066983797 -0.005833261 0.007096386 0.997711778
1341846329.542121 0.012496362 0.084298193 0.171689093 0.065042660 -0.008515832 0.006502983 0.997824967
1341846329.574086 0.019870274 0.064915933 0.169083700 0.066751078 -0.011503818 0.006018998 0.997685194
1341846329.606387 0.018770151 0.064522706 0.164651260 0.069519214 -0.011850763 0.004656639 0.997499347
1341846329.641955 0.012757615 0.061999910 0.162804857 0.069677912 -0.012393245 0.004484626 0.997482479
1341846329.681570 0.009800530 0.049740653 0.164219663 0.068666317 -0.015125783 0.004309347 0.997515738
1341846329.748113 0.020247292 0.044700928 0.158331767 0.070866056 -0.016005849 0.002041551 0.997355342
1341846329.810175 0.017570844 0.018903816 0.159506887 0.068236060 -0.012524745 0.007007366 0.997565985
1341846329.842255 0.017103158 0.008937489 0.154731080 0.069626726 -0.012407674 0.010679498 0.997438788
1341846329.874044 0.013935180 0.003263231 0.158889398 0.071607590 -0.012198966 0.013686783 0.997264385
1341846329.910073 0.013419772 0.008456709 0.153608128 0.072027065 -0.012768731 0.016232602 0.997188866
1341846329.942009 0.013318320 0.006150419 0.154570922 0.067649655 -0.013214044 0.021224771 0.997395813
1341846329.978087 0.014805241 -0.022485029 0.149440601 0.064393662 -0.013659217 0.023402356 0.997556627
1341846330.016305 0.018757883 -0.012652105 0.143353879 0.067048803 -0.012878915 0.020933112 0.997446954
1341846330.048192 0.012979871 -0.003442911 0.143536508 0.064081296 -0.011233042 0.022595322 0.997625589
1341846330.080418 0.016673472 -0.028584253 0.144542217 0.058363009 -0.011680380 0.024698244 0.997921526
1341846330.115886 0.015837753 -0.041420307 0.143660173 0.061262410 -0.009812160 0.025540845 0.997746587
1341846330.147839 0.010397319 -0.026195798 0.140593797 0.064198740 -0.009508949 0.027319016 0.997517824
1341846330.181257 0.010229101 -0.013676090 0.135317832 0.060046874 -0.010111720 0.030195689 0.997687459
1341846330.215852 0.012826190 -0.031311207 0.139195487 0.052878048 -0.009410868 0.030002592 0.998105824
1341846330.247833 0.009137429 -0.037180297 0.138471067 0.050850943 -0.008785267 0.029138181 0.998242438
1341846330.283913 0.004203172 -0.022017445 0.136218920 0.048323013 -0.008970304 0.029183280 0.998365045
1341846330.316011 0.002943226 -0.039503828 0.138284475 0.041046470 -0.009765576 0.028393604 0.998705983
1341846330.347868 0.004582291 -0.047370616 0.133659601 0.038554758 -0.011777445 0.028209580 0.998788774
1341846330.383835 0.006248698 -0.048980918 0.136541441 0.036868129 -0.012178029 0.028465761 0.998840392
1341846330.415934 0.006424761 -0.064550593 0.138246506 0.035881743 -0.011497883 0.026691724 0.998933375
1341846330.452561 0.001907871 -0.067870222 0.134681419 0.038457699 -0.011590993 0.025283106 0.998873055
1341846330.483903 -0.003344904 -0.061493725 0.130417362 0.038953777 -0.013196016 0.027899327 0.998764277
1341846330.515970 -0.002351494 -0.071593605 0.134027123 0.037038807 -0.015478998 0.031219937 0.998706043
1341846330.552099 -0.001021136 -0.072842494 0.130682468 0.038578097 -0.016838893 0.033637572 0.998547256
1341846330.583876 -0.005759303 -0.064413026 0.129249170 0.038492594 -0.016771507 0.033781070 0.998546898
1341846330.619992 -0.011243593 -0.059077509 0.119018316 0.034030974 -0.017686972 0.033323620 0.998708487
1341846330.652136 -0.009167368 -0.064953998 0.122723885 0.027510157 -0.019365342 0.031673767 0.998931885
1341846330.683796 -0.011858124 -0.069471911 0.121565729 0.022779927 -0.019110596 0.030806845 0.999082983
1341846330.719991 -0.014283245 -0.081743747 0.115777425 0.019821111 -0.021531651 0.031808469 0.999065399
1341846330.752103 -0.017273992 -0.086536609 0.111693360 0.021406449 -0.025402667 0.035909243 0.998802781
1341846330.787952 -0.022421209 -0.080706075 0.101062201 0.022714837 -0.029881917 0.039605267 0.998510182
1341846330.819823 -0.022165079 -0.079958737 0.101738706 0.022549160 -0.034124725 0.040055439 0.998359919
1341846330.852208 -0.021532707 -0.069645181 0.100281604 0.022800608 -0.035999540 0.040875040 0.998255134
1341846330.914111 -0.027366040 -0.060403641 0.093003698 0.013891728 -0.038928993 0.040541049 0.998322546
1341846330.949903 -0.029351827 -0.074692637 0.094692037 0.010059331 -0.040177356 0.040882453 0.998305142
1341846330.981986 -0.034431741 -0.072951660 0.090663508 0.010998986 -0.044526886 0.041216034 0.998096943
1341846331.014111 -0.033881381 -0.064866684 0.088676952 0.011147431 -0.048609048 0.041508622 0.997892737
1341846331.082139 -0.035089746 -0.068358809 0.082819104 0.012691496 -0.051482923 0.039020378 0.997830570
1341846331.114334 -0.038315237 -0.065963171 0.078935429 0.012639620 -0.053362921 0.038382009 0.997757196
1341846331.149989 -0.036085188 -0.074322157 0.079337202 0.012503044 -0.054357849 0.037347555 0.997744441
1341846331.181954 -0.041421264 -0.075227790 0.073776647 0.015562912 -0.054061402 0.036276035 0.997757077
1341846331.218151 -0.049799375 -0.058103517 0.070292890 0.016543927 -0.056763913 0.036524918 0.997582078
1341846331.249914 -0.035030387 -0.070883460 0.072652273 0.013270018 -0.059869286 0.035809252 0.997475445
1341846331.318141 -0.029679248 -0.068781309 0.075248085 0.024033472 -0.050154570 0.031401679 0.997958362
1341846331.349926 -0.025510790 -0.070352331 0.066149727 0.022319390 -0.047756758 0.029955124 0.998160243
1341846331.382003 0.022990948 -0.088884532 0.092582934 0.023968866 -0.045034230 0.032272670 0.998176277
1341846331.418008 0.001557514 -0.076768883 0.094822705 0.031574301 -0.032881372 0.031236943 0.998471916
1341846331.450327 -0.015857253 -0.067574337 0.088359140 0.034068525 -0.026868183 0.029268218 0.998629451
1341846331.486219 -0.025646593 -0.061645728 0.094320618 0.034338903 -0.024055406 0.030171486 0.998665035
1341846331.518344 -0.014338982 -0.064523384 0.096759006 0.033002958 -0.024122635 0.028645571 0.998753369
1341846331.550202 -0.009637198 -0.067203864 0.107898295 0.035949148 -0.019575207 0.028116571 0.998766184
1341846331.586139 -0.020160533 -0.057245594 0.112033755 0.038023148 -0.017582433 0.027585473 0.998741269
1341846331.617931 -0.012642792 -0.055522524 0.116032429 0.036996588 -0.017971218 0.027793052 0.998767138
1341846331.654027 -0.005108126 -0.061261237 0.131374791 0.037357599 -0.015881203 0.028336188 0.998773873
1341846331.686123 -0.011541807 -0.051958390 0.132135823 0.040363528 -0.012526810 0.031071940 0.998623252
1341846331.717954 -0.018592849 -0.036764123 0.143041030 0.038337689 -0.013270394 0.031005658 0.998695552
1341846331.754076 -0.002808047 -0.054797295 0.157367080 0.034617800 -0.013867950 0.030443233 0.998840570
1341846331.785920 -0.003918673 -0.053056050 0.168899089 0.037861589 -0.010752212 0.028232554 0.998826206
1341846331.818053 -0.009867159 -0.041173540 0.179243729 0.038940761 -0.008613832 0.028967047 0.998784423
1341846331.853849 -0.006923567 -0.049562432 0.189541325 0.037135810 -0.008465991 0.028036935 0.998880982
1341846331.885987 0.002675655 -0.049663454 0.200434268 0.040094472 -0.006585993 0.026294507 0.998828113
1341846331.922014 -0.001503156 -0.042105272 0.208394125 0.042354621 -0.002949724 0.024926895 0.998787284
1341846331.954037 0.003992950 -0.043561507 0.217627287 0.042047672 -0.000513623 0.025605915 0.998787284
1341846331.986135 0.011360707 -0.057395097 0.223780736 0.042773273 0.004846640 0.027283866 0.998700440
1341846332.022364 -0.006015487 -0.058211938 0.239226148 0.049810678 0.011283210 0.026353382 0.998347163
1341846332.054175 -0.006894662 -0.054060560 0.254516482 0.056233380 0.011113072 0.028474787 0.997949660
1341846332.086502 -0.001752469 -0.048359178 0.269948930 0.059675734 0.010502752 0.030571509 0.997694254
1341846332.122051 -0.003162297 -0.042034671 0.282855064 0.061780732 0.011632468 0.029335357 0.997590721
1341846332.153983 -0.009919777 -0.027808931 0.298211575 0.060866598 0.011569914 0.027194865 0.997708261
1341846332.190165 -0.012014333 -0.029226353 0.313224971 0.054359149 0.009900141 0.025389541 0.998149514
1341846332.254145 -0.013667202 -0.050424729 0.330291122 0.052704345 0.010792243 0.022066353 0.998308003
1341846332.289948 -0.015968293 -0.043035366 0.351498306 0.055595245 0.010432644 0.024837602 0.998089850
1341846332.322172 -0.011916162 -0.044076838 0.363940328 0.056351412 0.009469274 0.027209584 0.997995198
1341846332.354003 -0.003622863 -0.048730154 0.364496112 0.058103811 0.010965806 0.024150752 0.997958124
1341846332.390180 -0.008480251 -0.036909204 0.370142877 0.060376376 0.016209200 0.020589724 0.997831643
1341846332.422055 -0.010327616 -0.032531127 0.380298585 0.058618855 0.018413756 0.017636394 0.997954786
1341846332.458114 -0.001693094 -0.038681045 0.390887976 0.057576552 0.019811897 0.014147303 0.998044252
1341846332.489993 -0.012170568 -0.030246766 0.407611489 0.059207805 0.022564383 0.015524862 0.997869849
1341846332.522130 -0.019593645 -0.027787860 0.415949106 0.058691580 0.019020256 0.021565245 0.997861981
1341846332.558114 -0.016293902 -0.029827062 0.427364409 0.058645878 0.013479886 0.028400160 0.997783780
1341846332.589874 -0.006102771 -0.018531177 0.429237992 0.059253875 0.009934771 0.033483919 0.997631729
1341846332.621889 -0.008458245 -0.015821852 0.439188749 0.054874752 0.010612393 0.033626620 0.997870445
1341846332.658202 -0.002702311 -0.023024881 0.452809781 0.050185565 0.010699376 0.031521842 0.998184979
1341846332.690001 -0.003590580 -0.019154664 0.461709857 0.048581544 0.011889446 0.033287231 0.998193622
1341846332.726000 -0.006428443 -0.023332546 0.474743515 0.047412809 0.011132997 0.037463963 0.998110473
1341846332.758386 0.001712346 -0.021031188 0.482017785 0.048350997 0.007832001 0.039335858 0.998024821
1341846332.789937 0.008535878 -0.013595302 0.484430015 0.047791023 0.008337396 0.037113424 0.998132825
1341846332.825925 0.013584838 -0.016797855 0.499291927 0.045178298 0.010341561 0.036484409 0.998258948
1341846332.857898 0.015458131 -0.017720887 0.507276177 0.046181682 0.011445593 0.036145918 0.998213291
1341846332.894069 0.015725398 -0.002090797 0.516524017 0.047057595 0.011382085 0.035205163 0.998206675
1341846332.926029 0.026379414 0.000227004 0.526934803 0.043265667 0.010810506 0.033799160 0.998433173
1341846332.958015 0.026343174 0.002229832 0.535971284 0.040572952 0.013609342 0.031154927 0.998598039
1341846332.994073 0.026747260 0.004343074 0.541817904 0.037588336 0.015002097 0.029713705 0.998738766
1341846333.026545 0.030892525 0.004065819 0.550212622 0.034818329 0.016000925 0.027448619 0.998888493
1341846333.057998 0.037241004 0.006767783 0.556725800 0.034168921 0.017883230 0.027168460 0.998886645
1341846333.094024 0.037621051 0.004677769 0.566980422 0.034312420 0.019801322 0.030959757 0.998735249
1341846333.126095 0.045062535 0.009450942 0.571432710 0.034996610 0.020813588 0.033952832 0.998593628
1341846333.161973 0.049308136 0.016470414 0.572976410 0.034335990 0.023053097 0.035090230 0.998528063
1341846333.195660 0.046256498 0.014012218 0.579994798 0.031261019 0.025745776 0.036731970 0.998504221
1341846333.226331 0.051368937 0.018445395 0.588168621 0.030431489 0.026076607 0.036607914 0.998525798
1341846333.262056 0.055285748 0.028383821 0.595316052 0.028322561 0.025758905 0.035204325 0.998646557
1341846333.294147 0.058577448 0.022974132 0.601215541 0.024022138 0.025081856 0.034558322 0.998799086
1341846333.326100 0.060852267 0.026075421 0.605616391 0.022900259 0.023841487 0.033387825 0.998895586
1341846333.362100 0.061106965 0.032144245 0.607393444 0.019916099 0.023554105 0.031540949 0.999026418
1341846333.394119 0.060929164 0.027175276 0.613422573 0.016125254 0.022334021 0.031137172 0.999135435
1341846333.429974 0.062117741 0.030682484 0.614649475 0.016070429 0.020599697 0.030578466 0.999190867
1341846333.462115 0.066479236 0.027371474 0.615318298 0.015352108 0.020394100 0.029517518 0.999238253
1341846333.494040 0.068654329 0.028229171 0.618950129 0.016581479 0.021013979 0.028465234 0.999236286
1341846333.529953 0.073771462 0.027396558 0.617918313 0.017082233 0.021610988 0.027861549 0.999232173
1341846333.562063 0.067948028 0.031022299 0.621272504 0.018391257 0.024760630 0.029114364 0.999100089
1341846333.594090 0.061589353 0.038782530 0.620500267 0.017752996 0.024789155 0.030639037 0.999065340
1341846333.629994 0.059182912 0.039167494 0.619752705 0.014116052 0.022584073 0.029049782 0.999223113
1341846333.662127 0.063408881 0.037912093 0.617836893 0.010793983 0.020780429 0.028727867 0.999312937
1341846333.697964 0.065101624 0.028520182 0.618731976 0.008214748 0.020779103 0.029482787 0.999315500
1341846333.730092 0.063995205 0.027350634 0.614361644 0.010643294 0.021152439 0.030595550 0.999251306
1341846333.762089 0.061571218 0.029504132 0.610344350 0.012560098 0.022143900 0.031933356 0.999165714
1341846333.798006 0.059080314 0.028393315 0.609222770 0.014098005 0.023028774 0.031323895 0.999144495
1341846333.830055 0.061522812 0.028660128 0.603651285 0.016741581 0.023874765 0.029621629 0.999135733
1341846333.866045 0.056733433 0.028540710 0.599006057 0.017702701 0.025598409 0.028376583 0.999112666
1341846333.897987 0.055547029 0.024450270 0.595754147 0.019003551 0.025572253 0.027262302 0.999120474
1341846333.930099 0.052513804 0.024444792 0.589577019 0.022235023 0.026918201 0.025673121 0.999060512
1341846333.965889 0.051556058 0.020948719 0.584394991 0.023944527 0.027728707 0.025768407 0.998996377
1341846333.997985 0.054655343 0.015876044 0.579171121 0.026134793 0.028092729 0.025839318 0.998929441
1341846334.030076 0.048777044 0.018676702 0.572393417 0.029584659 0.029950434 0.026517143 0.998761535
1341846334.066000 0.045293849 0.016214941 0.565394878 0.030930858 0.029807959 0.028149530 0.998680294
1341846334.097932 0.046346258 0.015987512 0.557782888 0.032914601 0.029571630 0.027468162 0.998642921
1341846334.133884 0.040391043 0.016690295 0.551442742 0.034525186 0.030980777 0.028070226 0.998529077
1341846334.166115 0.033910234 0.016409028 0.544654191 0.034725260 0.030258859 0.028936727 0.998519540
1341846334.198072 0.035738807 0.015196446 0.535219252 0.035065163 0.028102590 0.028003482 0.998597264
1341846334.234097 0.037869774 0.016782392 0.530203640 0.035669435 0.028230952 0.026725000 0.998607278
1341846334.266045 0.030582201 0.012994360 0.523529649 0.035531163 0.030384343 0.026827618 0.998546243
1341846334.297946 0.024069581 0.013272181 0.515416801 0.036771525 0.029186064 0.028624007 0.998487234
1341846334.334036 0.024742493 0.015487138 0.508340657 0.037412684 0.027385449 0.028806565 0.998509169
1341846334.365871 0.023215760 0.015903328 0.502217889 0.036804195 0.027492668 0.027173050 0.998574615
1341846334.401845 0.019984953 0.013933860 0.494118720 0.035267033 0.028459027 0.026280669 0.998626888
1341846334.433864 0.012199357 0.010949165 0.488794744 0.035265241 0.027851194 0.027119998 0.998621643
1341846334.466105 0.013780864 0.013452619 0.479558498 0.035972118 0.025667857 0.028109480 0.998627543
1341846334.502142 0.007838331 0.016503666 0.471561134 0.035226405 0.025012365 0.028509339 0.998659432
1341846334.540153 0.008131761 0.013990536 0.465209842 0.034687892 0.023533797 0.026913606 0.998758554
1341846334.602351 -0.007148815 0.023559768 0.448614985 0.030816810 0.020869039 0.019906295 0.999108851
1341846334.670161 -0.010389717 0.014728658 0.437456518 0.024923079 0.018082736 0.013369536 0.999436378
1341846334.702085 -0.018367447 0.010242622 0.429170012 0.023323445 0.016396957 0.014020117 0.999495149
1341846334.734751 -0.019995375 0.009866390 0.419354856 0.023570430 0.013752788 0.015106904 0.999513447
1341846334.770889 -0.024754200 0.011055326 0.409182012 0.023833111 0.012505350 0.018701004 0.999462783
1341846334.802194 -0.030361086 0.011584824 0.399190873 0.023372201 0.010171792 0.018723395 0.999499738
1341846334.833908 -0.029580275 0.014493071 0.389740437 0.023221850 0.008339580 0.017427275 0.999543667
1341846334.869874 -0.030988870 0.014866428 0.379233658 0.021539135 0.007862190 0.017378720 0.999586046
1341846334.902006 -0.039455932 0.012850547 0.366307050 0.019863773 0.006959293 0.017763451 0.999620676
1341846334.938010 -0.040694874 0.011059237 0.358888328 0.019208316 0.003537585 0.017129961 0.999662459
1341846334.970032 -0.037789103 0.008702802 0.353091359 0.019004019 0.002319835 0.016142236 0.999686420
1341846335.002203 -0.043141160 0.005006856 0.339798331 0.020315243 0.003222341 0.017274415 0.999639153
1341846335.037880 -0.048059653 0.007515811 0.323821932 0.022947751 0.000286884 0.019918444 0.999538183
1341846335.069990 -0.048345402 0.009794229 0.320466191 0.023459969 -0.002615877 0.019951368 0.999522269
1341846335.106038 -0.041827865 0.006563568 0.311402142 0.023283605 -0.002442160 0.018345837 0.999557555
1341846335.138045 -0.050872296 0.005396623 0.301088274 0.025068507 -0.000498703 0.017482994 0.999532759
1341846335.169900 -0.058534343 0.009788129 0.285731643 0.025759015 -0.002613558 0.016904991 0.999521792
1341846335.206091 -0.054245897 0.011037675 0.277741134 0.025167920 -0.005142831 0.014940367 0.999558330
1341846335.239365 -0.050288375 0.004130220 0.268725574 0.024530752 -0.004607324 0.012578723 0.999609292
1341846335.269948 -0.054873962 0.001452556 0.257649988 0.025831629 -0.003128417 0.011717322 0.999592721
1341846335.305972 -0.061115935 0.002887961 0.246422350 0.027988002 -0.004347870 0.012339152 0.999522626
1341846335.338012 -0.056877598 0.002499608 0.241076455 0.029411828 -0.006170428 0.013935180 0.999451160
1341846335.374005 -0.051384654 -0.004855138 0.227063134 0.033526067 -0.004658216 0.014425777 0.999322891
1341846335.406025 -0.058617339 -0.002225572 0.220452726 0.040674966 -0.001517356 0.016255114 0.999039054
1341846335.438079 -0.060106337 0.003629982 0.209144324 0.046005409 -0.000789950 0.019969506 0.998741269
1341846335.473998 -0.058916263 0.006180022 0.199747726 0.048011858 0.000580402 0.020917362 0.998627543
1341846335.507038 -0.059826072 0.009879334 0.187182859 0.049088202 0.003327774 0.018726362 0.998613358
1341846335.538040 -0.066723183 0.015356269 0.181794360 0.048845794 0.006120336 0.016322244 0.998654187
1341846335.574119 -0.072951689 0.018961465 0.173233151 0.046571232 0.006086357 0.016759906 0.998755813
1341846335.605970 -0.069257587 0.011441777 0.161783323 0.044413984 0.004882683 0.016700467 0.998861670
1341846335.641978 -0.066352963 0.014186005 0.148873314 0.046136372 0.005797738 0.014850653 0.998807907
1341846335.673993 -0.073155619 0.017715855 0.140545890 0.046164617 0.006954867 0.014432282 0.998805344
1341846335.706178 -0.074968442 0.016386919 0.126037955 0.045347482 0.005577537 0.015695795 0.998832405
1341846335.741982 -0.070840858 0.014085757 0.115236714 0.045401208 0.004952543 0.013951118 0.998859107
1341846335.773960 -0.077632070 0.018508630 0.104771122 0.045709401 0.006141601 0.013219189 0.998848438
1341846335.806271 -0.078505255 0.023703394 0.095392533 0.044171788 0.005364211 0.013149370 0.998923004
1341846335.842031 -0.076605685 0.017289603 0.086998723 0.041473795 0.005977906 0.014008906 0.999023497
1341846335.873966 -0.076831743 0.016482547 0.075796038 0.042494025 0.007341642 0.013169867 0.998982966
1341846335.910005 -0.085878327 0.022774914 0.062517934 0.042318400 0.007919846 0.014927292 0.998961270
1341846335.941936 -0.086170286 0.021456271 0.049936567 0.041140508 0.005812906 0.015917430 0.999009669
1341846335.974198 -0.085854083 0.021869058 0.041600086 0.041092083 0.004963490 0.013564859 0.999050975
1341846336.010032 -0.090619080 0.022044927 0.029186200 0.040772155 0.005164922 0.012216492 0.999080420
1341846336.042129 -0.095285758 0.022612352 0.018229466 0.039905813 0.003893906 0.012962135 0.999111772
1341846336.078076 -0.095491759 0.019491106 0.010352211 0.039672684 0.001866740 0.012204619 0.999136448
1341846336.110739 -0.097460859 0.021943202 0.008910917 0.040468745 0.001748301 0.010485231 0.999124289
1341846336.142002 -0.105166413 0.020663548 -0.006074168 0.040170800 0.002162866 0.011426663 0.999125183
1341846336.183953 -0.109176122 0.025165424 -0.014905717 0.040157482 -0.000400367 0.012390800 0.999116480
1341846336.241891 -0.106943913 0.024609454 -0.023979746 0.038164034 -0.001532201 0.011794778 0.999200702
1341846336.277946 -0.116193101 0.019621203 -0.034041956 0.038349066 -0.000482978 0.013569185 0.999172151
1341846336.309977 -0.118200950 0.018627305 -0.045275308 0.040908672 -0.002984670 0.016523609 0.999021828
1341846336.346143 -0.118873127 0.023988562 -0.052111886 0.042991716 -0.004470675 0.017477484 0.998912513
1341846336.377975 -0.115838178 0.022227380 -0.059640639 0.043420497 -0.004800714 0.017216541 0.998897016
1341846336.410032 -0.120566398 0.026422160 -0.071266584 0.044727657 -0.003772098 0.016752254 0.998851597
1341846336.446041 -0.125557140 0.031745672 -0.081576690 0.044641785 -0.003815588 0.016632674 0.998857319
1341846336.477990 -0.124981634 0.028929025 -0.083703406 0.043491974 -0.004034729 0.016490061 0.998909533
1341846336.510056 -0.126895353 0.026654605 -0.089517310 0.043639224 -0.003250245 0.016994197 0.998897493
1341846336.546024 -0.128063798 0.026847221 -0.101215586 0.044640649 -0.003214812 0.018778451 0.998821437
1341846336.578003 -0.130872577 0.034379564 -0.109896630 0.044663385 -0.003559770 0.020700680 0.998781264
1341846336.614020 -0.127951786 0.034372211 -0.111526214 0.044115268 -0.003133246 0.019688077 0.998827517
1341846336.645982 -0.132457554 0.040037110 -0.120257854 0.043192457 -0.001665543 0.019165948 0.998881519
1341846336.678036 -0.141076371 0.034604859 -0.120793648 0.041096020 -0.003170511 0.019875208 0.998952508
1341846336.714024 -0.141335711 0.029126376 -0.118534222 0.042426649 -0.005567851 0.019612901 0.998891532
1341846336.746016 -0.145314112 0.025251281 -0.133650109 0.045940910 -0.007362621 0.021740753 0.998680413
1341846336.778014 -0.150473937 0.034129515 -0.143801495 0.049103875 -0.011059273 0.024766056 0.998425364
1341846336.820006 -0.149354815 0.036243133 -0.149868891 0.049712334 -0.015033891 0.026913358 0.998287737
1341846336.882056 -0.153387904 0.036482185 -0.162316114 0.052459382 -0.017042838 0.025586359 0.998149753
1341846336.914273 -0.159509376 0.020403676 -0.167221770 0.053556114 -0.021206830 0.027736552 0.997954249
1341846336.945998 -0.148561776 0.020219559 -0.177482262 0.059755605 -0.028452463 0.030651016 0.997336566
1341846336.981980 -0.153721929 0.040344037 -0.189937010 0.064212799 -0.031812623 0.027721968 0.997043729
1341846337.014238 -0.159866363 0.050881583 -0.182333753 0.062095203 -0.034416374 0.026107404 0.997134984
1341846337.046017 -0.156533614 0.044712551 -0.182981551 0.059416302 -0.035825320 0.021418095 0.997360289
1341846337.082104 -0.161773294 0.047959805 -0.182778239 0.058918748 -0.036150876 0.018761879 0.997431576
1341846337.114317 -0.164468795 0.047350328 -0.186910748 0.057211753 -0.038328867 0.018037736 0.997462988
1341846337.150037 -0.161332354 0.045879461 -0.185597718 0.055445880 -0.040415701 0.016736779 0.997502983
1341846337.181873 -0.155275658 0.043618202 -0.191833690 0.054788526 -0.040621981 0.013925478 0.997574151
1341846337.214073 -0.159974530 0.056249727 -0.196293503 0.053175330 -0.038987428 0.011928553 0.997752547
1341846337.250087 -0.171352327 0.039652437 -0.201809257 0.049329918 -0.039774511 0.013382240 0.997900546
1341846337.282028 -0.171126738 0.040326543 -0.206656113 0.050722633 -0.043956179 0.016458673 0.997609258
1341846337.317920 -0.158483818 0.046121486 -0.205055058 0.050622791 -0.046302143 0.017484890 0.997490704
1341846337.350018 -0.161253169 0.053552497 -0.212629944 0.049580939 -0.045389485 0.016893271 0.997595191
1341846337.382159 -0.158560336 0.045004904 -0.209296986 0.046254389 -0.045200970 0.015264574 0.997789741
1341846337.417941 -0.165424794 0.036197573 -0.215521365 0.046579998 -0.044077747 0.015299835 0.997824311
1341846337.450137 -0.167308137 0.044631213 -0.226696476 0.047576416 -0.045805711 0.015889298 0.997690260
1341846337.482096 -0.161568880 0.042798325 -0.222338647 0.045951225 -0.046598546 0.017165396 0.997708559
1341846337.518008 -0.166001841 0.036162984 -0.220569387 0.046715725 -0.046730347 0.016926797 0.997670949
1341846337.549978 -0.166429117 0.048650719 -0.225312337 0.047576174 -0.047376085 0.015335194 0.997625649
1341846337.585971 -0.166248307 0.045720384 -0.225241944 0.044531550 -0.047690380 0.014461976 0.997764230
1341846337.617903 -0.162343770 0.026866253 -0.221399516 0.044925328 -0.048548933 0.015071269 0.997696102
1341846337.650141 -0.162674785 0.041269243 -0.228951097 0.048082538 -0.048890773 0.014648935 0.997538567
1341846337.686352 -0.164334834 0.050334584 -0.227031246 0.046935800 -0.048470911 0.014325182 0.997618377
1341846337.718002 -0.158113003 0.043078974 -0.218964130 0.044685170 -0.048411410 0.014840477 0.997717083
1341846337.749920 -0.152967960 0.050569661 -0.216065809 0.044749629 -0.046858318 0.014356477 0.997795403
1341846337.786157 -0.155554429 0.058675691 -0.213964492 0.042103387 -0.043996561 0.014476920 0.998039126
1341846337.817945 -0.153868839 0.049675409 -0.201894104 0.039296284 -0.041876353 0.015703097 0.998226225
1341846337.854071 -0.150052950 0.054350413 -0.201596916 0.038272120 -0.038827151 0.015318208 0.998395264
1341846337.885951 -0.154087469 0.059891604 -0.200972587 0.035167832 -0.035922647 0.012972463 0.998651326
1341846337.918223 -0.148421720 0.057541072 -0.199105144 0.030863423 -0.035090800 0.010500067 0.998852253
1341846337.954120 -0.148906469 0.052203320 -0.191567898 0.028196892 -0.033549789 0.009848294 0.998990655
1341846337.985994 -0.146165609 0.060335748 -0.183280677 0.025981879 -0.032991175 0.010214292 0.999065638
1341846338.018107 -0.144873291 0.058311943 -0.173485398 0.022329407 -0.031232974 0.011730146 0.999193847
1341846338.054055 -0.143743411 0.064837724 -0.167802870 0.020453887 -0.029795347 0.010642269 0.999290049
1341846338.085986 -0.137838870 0.065302506 -0.158939794 0.016972071 -0.026941029 0.010186139 0.999441028
1341846338.121875 -0.141058087 0.055459738 -0.155410066 0.014267568 -0.024411818 0.012391883 0.999523342
1341846338.154089 -0.143820867 0.057544965 -0.148178220 0.013676370 -0.023593377 0.015381044 0.999509752
1341846338.186029 -0.141294092 0.057855662 -0.142554924 0.012433514 -0.024008706 0.017541347 0.999480486
1341846338.222071 -0.133414090 0.063838214 -0.131564751 0.011579217 -0.023466244 0.017002301 0.999512970
1341846338.254107 -0.135107562 0.058373157 -0.119771264 0.009484508 -0.021565197 0.017745839 0.999564946
1341846338.290130 -0.132507682 0.056984279 -0.109786503 0.009870877 -0.021688366 0.019497093 0.999525905
1341846338.321952 -0.132366121 0.065193549 -0.100992762 0.010583583 -0.020632124 0.021154357 0.999507248
1341846338.354022 -0.129783526 0.061067570 -0.090395413 0.009619757 -0.020184416 0.021654023 0.999515474
1341846338.389969 -0.131415427 0.069872163 -0.082382195 0.009898205 -0.019006886 0.021513483 0.999538898
1341846338.422377 -0.129845887 0.066422753 -0.070427880 0.007751015 -0.018759806 0.022301763 0.999545217
1341846338.454010 -0.128790647 0.069898918 -0.062611960 0.006849274 -0.019120418 0.021365242 0.999565423
1341846338.489894 -0.125734180 0.065330461 -0.051042803 0.004781181 -0.019788928 0.021726511 0.999556661
1341846338.522066 -0.120670497 0.062024195 -0.039326735 0.005310530 -0.019992281 0.021611832 0.999552429
1341846338.558058 -0.122680038 0.072451837 -0.036404140 0.005316203 -0.019771460 0.020562485 0.999578893
1341846338.589842 -0.117198199 0.070733100 -0.019859029 0.003161082 -0.020380870 0.020304339 0.999581099
1341846338.622019 -0.113301791 0.065629974 -0.006984410 0.003594646 -0.019560587 0.021754215 0.999565482
1341846338.657984 -0.119661570 0.075345121 -0.003435104 0.004659277 -0.019027941 0.023008011 0.999543309
1341846338.690198 -0.112150669 0.078118064 0.006495267 0.002730682 -0.020256557 0.022683633 0.999533713
1341846338.722454 -0.104860328 0.071187839 0.023192184 0.001532474 -0.019728867 0.023099747 0.999537289
1341846338.757945 -0.112766199 0.079035319 0.025077455 0.002295462 -0.018922670 0.024742186 0.999512136
1341846338.790039 -0.110047236 0.078971341 0.037480578 0.000228012 -0.021139672 0.025293136 0.999456525
1341846338.826048 -0.097592607 0.075100958 0.050090056 0.000119832 -0.021203164 0.023919653 0.999489009
1341846338.858027 -0.105359152 0.081699006 0.054230511 0.000474708 -0.018793253 0.022528399 0.999569416
1341846338.889902 -0.101843566 0.080208719 0.068245731 -0.002198760 -0.020030042 0.022452189 0.999544859
1341846338.925948 -0.092597708 0.077784956 0.080961041 -0.003005308 -0.019960310 0.020575961 0.999584496
1341846338.958108 -0.091425516 0.077592596 0.093301490 -0.002866072 -0.018057251 0.019932166 0.999634147
1341846338.990057 -0.090906404 0.076517336 0.102454931 -0.002563551 -0.018056424 0.020735789 0.999618649
1341846339.025928 -0.086466365 0.076675110 0.116281785 -0.000231999 -0.017242813 0.020981129 0.999631166
1341846339.057939 -0.086235687 0.082396820 0.124989793 0.002772033 -0.014728701 0.020678334 0.999673843
1341846339.093927 -0.092391007 0.088599078 0.127856061 0.001889719 -0.014530449 0.021679824 0.999657571
1341846339.126562 -0.085893519 0.094145939 0.141810626 -0.000754969 -0.015858997 0.020877400 0.999655962
1341846339.157969 -0.077713795 0.092270866 0.154142380 -0.003230312 -0.013833190 0.018363381 0.999730468
1341846339.194113 -0.082079060 0.094495237 0.162544236 -0.005413213 -0.012517113 0.020091677 0.999705136
1341846339.228165 -0.080307990 0.100933984 0.174087688 -0.008351195 -0.014617278 0.022774551 0.999598861
1341846339.257998 -0.068687983 0.094943777 0.189804927 -0.011536454 -0.014716784 0.022524923 0.999571383
1341846339.294132 -0.068347633 0.098623127 0.195999578 -0.011507136 -0.012265794 0.024081878 0.999568462
1341846339.326577 -0.075958371 0.114166081 0.196273476 -0.013690023 -0.013245305 0.026139062 0.999476790
1341846339.362269 -0.063957706 0.104971111 0.209345639 -0.019108132 -0.016426781 0.024641277 0.999378741
1341846339.394725 -0.056577601 0.105466142 0.220081851 -0.019851621 -0.014961508 0.023979129 0.999403358
1341846339.462186 -0.051832303 0.103889979 0.246715069 -0.023650501 -0.016142255 0.024142945 0.999298334
1341846339.496743 -0.039779730 0.105241336 0.255635411 -0.020477412 -0.013143335 0.021405172 0.999474764
1341846339.562052 -0.044558667 0.101094425 0.270336598 -0.019781694 -0.009264018 0.023939542 0.999474764
1341846339.595122 -0.034061540 0.103583172 0.283179939 -0.017496537 -0.009532554 0.023042766 0.999535859
1341846339.632085 -0.029749595 0.107257225 0.285839885 -0.015795115 -0.006008296 0.021092510 0.999634743
1341846339.664568 -0.028072674 0.103584208 0.294403672 -0.016030874 -0.003156238 0.019157760 0.999682963
1341846339.698896 -0.029044017 0.103081062 0.306399822 -0.016271956 -0.001988945 0.018510554 0.999694288
1341846339.731977 -0.025417753 0.103406817 0.316915333 -0.016002720 -0.001961030 0.017022897 0.999725103
1341846339.762241 -0.019727904 0.099073716 0.323740989 -0.016133003 -0.000949587 0.016984433 0.999725163
1341846339.797873 -0.020396808 0.100620732 0.328986615 -0.015923034 -0.000217158 0.018021926 0.999710739
1341846339.830245 -0.014875537 0.101067483 0.341477692 -0.015929336 -0.001030903 0.018201070 0.999706924
1341846339.862015 -0.013370749 0.100188725 0.344526380 -0.016675603 -0.000825356 0.018052910 0.999697626
1341846339.897797 -0.006637733 0.098899163 0.352978855 -0.017789388 -0.000313095 0.017751288 0.999684095
1341846339.929916 -0.005053496 0.093568519 0.361427099 -0.018766522 0.000948687 0.019289518 0.999637365
1341846339.961960 -0.002270355 0.091006845 0.368025452 -0.017713562 0.000069074 0.020805171 0.999626637
1341846339.997845 0.002633265 0.093174726 0.372672528 -0.015842894 0.000992766 0.020082287 0.999672294
1341846340.029925 0.005773160 0.091199718 0.378160447 -0.015184641 0.003433536 0.021567268 0.999646187
1341846340.066044 0.008029588 0.089066297 0.381719619 -0.013458721 0.004645502 0.022901259 0.999636352
1341846340.098009 0.007705972 0.091314927 0.387474746 -0.012491914 0.005255616 0.023924045 0.999621928
1341846340.130102 0.010686775 0.092335097 0.395376295 -0.012820147 0.005053659 0.022410033 0.999653876
1341846340.166041 0.017177701 0.091184460 0.403695375 -0.011730414 0.006972163 0.019929279 0.999708295
1341846340.197867 0.016507354 0.092980318 0.412477106 -0.010599644 0.009595328 0.020018270 0.999697387
1341846340.229904 0.016680567 0.092397742 0.417958677 -0.012101746 0.009308522 0.020804802 0.999666989
1341846340.265859 0.021696676 0.084333643 0.424055874 -0.013717540 0.010197739 0.020100553 0.999651849
1341846340.298061 0.024505613 0.087089077 0.432988733 -0.011280509 0.012322595 0.020577375 0.999648690
1341846340.334063 0.017171428 0.094103917 0.436350465 -0.011517975 0.012507448 0.022323281 0.999606192
1341846340.366064 0.024620824 0.088098623 0.441987365 -0.013725736 0.010007602 0.021404084 0.999626577
1341846340.397995 0.031191569 0.087631747 0.444588155 -0.011743317 0.009924915 0.021153472 0.999657989
1341846340.433895 0.032788757 0.090349771 0.453138202 -0.011028255 0.009641872 0.022253264 0.999644995
1341846340.465959 0.030519852 0.089055970 0.453876346 -0.010528805 0.007816554 0.023668738 0.999633849
1341846340.501858 0.035527643 0.088419713 0.453773618 -0.009886670 0.003944663 0.024177063 0.999651015
1341846340.534329 0.041033793 0.091386810 0.451327920 -0.009103577 0.002185706 0.023696275 0.999675393
1341846340.566041 0.045322813 0.087927021 0.458192617 -0.008052646 0.000940452 0.024613244 0.999664187
1341846340.601909 0.046580847 0.088806711 0.459119827 -0.005383769 0.000642618 0.025021279 0.999672174
1341846340.634005 0.049455356 0.093441039 0.455164343 -0.004038473 0.000092712 0.023456670 0.999716699
1341846340.666028 0.055460025 0.088760905 0.447863579 -0.004905363 0.000005287 0.021533353 0.999756098
1341846340.701946 0.061172899 0.085903324 0.445941597 -0.003264777 0.000900111 0.019191550 0.999810040
1341846340.733954 0.062829778 0.089206003 0.445386291 -0.001884333 0.002595989 0.017456248 0.999842465
1341846340.770081 0.063044958 0.090135612 0.441076845 -0.002710474 0.003133442 0.015094589 0.999877453
1341846340.801980 0.068721347 0.089771293 0.439286262 -0.002622437 0.003433763 0.010165267 0.999939024
1341846340.833999 0.068026565 0.092271566 0.433936566 -0.002791810 0.006150119 0.005786563 0.999960423
1341846340.870013 0.065927923 0.090179026 0.437762827 -0.004202383 0.006171547 0.004248345 0.999963105
1341846340.901955 0.067321368 0.087895073 0.438750029 -0.003421421 0.005828787 0.003582604 0.999970734
1341846340.933918 0.066106178 0.088457204 0.435903400 -0.001508903 0.005270014 0.006827869 0.999961674
1341846340.970122 0.064480141 0.091072187 0.435493022 0.000260388 0.002435406 0.011719775 0.999928355
1341846341.001922 0.062868878 0.087313496 0.433440417 0.001021276 -0.001134831 0.016617686 0.999860764
1341846341.037923 0.066606246 0.089663774 0.428172499 0.002656805 -0.004039814 0.019355098 0.999800980
1341846341.070300 0.066014953 0.088672265 0.423818707 0.002899056 -0.004542433 0.019345531 0.999798357
1341846341.102028 0.063553117 0.087249532 0.421620280 0.002738299 -0.005814711 0.019667188 0.999785900
1341846341.137982 0.067021988 0.086427435 0.416565418 0.002560052 -0.008129342 0.019951243 0.999764621
1341846341.170048 0.068463080 0.086000830 0.415134549 0.003128709 -0.008548087 0.020574259 0.999746919
1341846341.202110 0.067612477 0.082632773 0.410039544 0.004211072 -0.008794091 0.022592144 0.999697208
1341846341.237996 0.069789581 0.084313117 0.409574479 0.006266674 -0.008817863 0.023101613 0.999674559
1341846341.269883 0.066555694 0.082338803 0.408347249 0.007064578 -0.007985572 0.023870893 0.999658167
1341846341.306107 0.066031024 0.084595576 0.408524036 0.008091954 -0.008627191 0.022633351 0.999673843
1341846341.338109 0.066217430 0.084510170 0.403611481 0.008827309 -0.008115693 0.021029733 0.999706924
1341846341.370120 0.069782577 0.084960580 0.401907891 0.009346550 -0.007428638 0.018707933 0.999753714
1341846341.406074 0.062897041 0.083656408 0.401473433 0.009367272 -0.006234939 0.017484233 0.999783814
1341846341.438113 0.063301839 0.079668932 0.403320074 0.010317866 -0.008264179 0.017734559 0.999755323
1341846341.470024 0.064975716 0.080964386 0.399096012 0.013322582 -0.008346808 0.015630271 0.999754250
1341846341.506077 0.063145004 0.088275433 0.396521211 0.013710658 -0.007425537 0.015126273 0.999764025
1341846341.538156 0.057241179 0.082926475 0.399162620 0.012201753 -0.008555355 0.015228854 0.999772966
1341846341.574016 0.062029812 0.082624495 0.394938946 0.013175868 -0.011381108 0.016291659 0.999715686
1341846341.612466 0.058648240 0.086751021 0.390081584 0.014134195 -0.011547429 0.016795782 0.999692321
1341846341.643972 0.055766955 0.088098109 0.391565174 0.013455548 -0.012587180 0.015552495 0.999709249
1341846341.679982 0.054459285 0.084607981 0.389691442 0.012734166 -0.013864193 0.015531134 0.999702156
1341846341.712332 0.052859053 0.085738584 0.387629300 0.013627475 -0.015969073 0.019096619 0.999597192
1341846341.744185 0.052473720 0.083972327 0.389455497 0.013910442 -0.017892471 0.020638062 0.999530077
1341846341.780061 0.055190705 0.087237321 0.384447962 0.014524921 -0.018848259 0.022591798 0.999461532
1341846341.842595 0.055907391 0.080020152 0.382851064 0.016326111 -0.019654589 0.027328204 0.999299943
1341846341.906227 0.059639119 0.076035589 0.378786325 0.019391039 -0.020697154 0.032079268 0.999082863
1341846341.942069 0.060167912 0.072189294 0.373972535 0.022517992 -0.020535931 0.033786360 0.998964310
1341846341.974775 0.061090816 0.074782088 0.370786875 0.025998579 -0.020897243 0.035603661 0.998809159
1341846342.010161 0.059000153 0.075585298 0.367589623 0.026846703 -0.021954734 0.037242077 0.998704255
1341846342.042024 0.062267341 0.068013906 0.364922494 0.027851088 -0.022574563 0.036727834 0.998682022
1341846342.080032 0.068128437 0.071594432 0.363129437 0.030142765 -0.021179792 0.038021561 0.998597562
1341846342.112265 0.061656423 0.067649201 0.360301167 0.030003306 -0.019824222 0.039914604 0.998555779
1341846342.147954 0.061992504 0.063145399 0.365463167 0.032336511 -0.021064745 0.041678034 0.998385489
1341846342.179852 0.067530468 0.066589221 0.359505326 0.035351686 -0.021112172 0.043418787 0.998208046
1341846342.211848 0.067139536 0.067037910 0.362800509 0.036050335 -0.020455157 0.043263853 0.998203456
1341846342.247920 0.065448418 0.064406790 0.362204790 0.036936577 -0.019997185 0.041550096 0.998253167
1341846342.279870 0.068951890 0.063754573 0.357495785 0.038247481 -0.019873720 0.042376008 0.998171508
1341846342.316068 0.069032416 0.064043209 0.357673317 0.039600521 -0.019762909 0.043053832 0.998091936
1341846342.347894 0.070242845 0.066297889 0.352310181 0.040027194 -0.019711601 0.043081414 0.998074770
1341846342.379953 0.070156753 0.064714178 0.353148133 0.040103372 -0.019051373 0.043070916 0.998085022
1341846342.416195 0.068996809 0.066892572 0.354054391 0.040965807 -0.018691095 0.044507287 0.997993767
