1341846313.592026 0.000000000 0.000000000 0.000000000 0.000000000 0.000000000 0.000000000 1.000000000
1341846313.654184 0.006632493 -0.002378684 -0.001803562 -0.001179801 -0.003214332 0.005396534 0.999979556
1341846313.686156 0.013023865 -0.000387868 0.001208011 0.000150168 -0.005346102 0.004592763 0.999975145
1341846313.721918 0.020460051 0.002549040 -0.002206573 0.000408194 -0.006627955 0.005246324 0.999964178
1341846313.753994 0.029027807 0.001368280 0.002063590 -0.000241353 -0.007546823 0.006698500 0.999949038
1341846313.789969 0.037643708 -0.000759766 0.000876858 0.000587639 -0.008465982 0.005210466 0.999950409
1341846313.822075 0.046676908 0.007851115 0.001063256 0.001644936 -0.007842255 0.004108136 0.999959469
1341846313.853928 0.056966811 0.001541613 0.001239090 0.000065443 -0.006232901 0.004112468 0.999972105
1341846313.890011 0.059984479 0.007815871 0.001783601 0.000727929 -0.004052082 0.004538907 0.999981225
1341846313.922055 0.067940064 0.013409533 -0.003168959 -0.000709242 -0.004193191 0.005576292 0.999975383
1341846313.957927 0.091138229 0.012744131 -0.001667150 -0.002741153 -0.002367115 0.006382108 0.999973059
1341846313.990058 0.070711561 0.015669417 0.006734356 -0.003468410 0.007584449 0.007161847 0.999939561
1341846314.022042 0.089471616 0.019522652 -0.000992762 -0.005478179 0.007150284 0.008735409 0.999921262
1341846314.057816 0.108358808 0.016377447 0.005553681 -0.009235163 0.008185206 0.010782697 0.999865711
1341846314.089801 0.104204431 0.010832374 0.002456467 -0.008922197 0.015047072 0.009286590 0.999803841
1341846314.122037 0.108190924 0.023211738 0.002368754 -0.008898192 0.018727435 0.013000428 0.999700487
1341846314.157989 0.113219060 0.013854196 0.002106448 -0.012002427 0.022370482 0.012980354 0.999593377
1341846314.190094 0.122662872 0.018792361 0.006482124 -0.011239798 0.025621317 0.014537973 0.999502778
1341846314.225969 0.134105057 0.025944965 0.007096415 -0.013176118 0.026320787 0.018385477 0.999397576
1341846314.257923 0.139719084 0.016119009 0.015935531 -0.016218035 0.028101431 0.018134044 0.999308944
1341846314.290052 0.139834046 0.015176536 0.011712959 -0.015066369 0.030083215 0.016309900 0.999300718
1341846314.325981 0.146204606 0.029876173 0.017479829 -0.014261774 0.030831683 0.015884819 0.999296606
1341846314.357905 0.153068513 0.031109054 0.027713295 -0.014564707 0.033823494 0.014157878 0.999221385
1341846314.389899 0.148098111 0.026053708 0.026655961 -0.013909656 0.037805043 0.013785082 0.999093235
1341846314.427905 0.165598765 0.034696482 0.023830066 -0.012935093 0.037917111 0.012229065 0.999122322
1341846314.493987 0.174425319 0.023616200 0.024336118 -0.012959817 0.047743890 0.004944879 0.998763263
1341846314.526085 0.183984399 0.023907859 0.013862655 -0.012972544 0.049301576 0.003862667 0.998692214
1341846314.558292 0.195182905 0.025374983 0.022508768 -0.013942062 0.051053021 0.003484651 0.998592556
1341846314.594085 0.199387968 0.018414533 0.022410451 -0.013261420 0.055859894 0.003290023 0.998345137
1341846314.626096 0.192576319 0.026542515 0.019915298 -0.012101986 0.061557386 0.003634700 0.998023510
1341846314.658455 0.193220630 0.031620342 0.021783546 -0.013253027 0.064114541 0.001331383 0.997853637
1341846314.694004 0.212155819 0.020366859 0.028020261 -0.014293605 0.066429950 0.000975841 0.997688234
1341846314.725910 0.220735699 0.010632961 0.031986639 -0.011442801 0.068630792 0.006112717 0.997557759
1341846314.761942 0.219731525 0.012662143 0.029100470 -0.007651829 0.069628760 0.009926168 0.997494221
1341846314.794030 0.227074638 0.018194789 0.031786259 -0.003705091 0.071777903 0.010491254 0.997358620
1341846314.826092 0.249173865 0.020413078 0.030181952 -0.001700449 0.073542170 0.013262977 0.997202456
1341846314.862145 0.266177267 0.028059559 0.029708162 -0.000674357 0.075421080 0.014914664 0.997039974
1341846314.894072 0.275903821 0.022989169 0.026219148 -0.001748897 0.078598954 0.016735561 0.996764302
1341846314.925969 0.264543146 0.015987562 0.005003359 -0.002989204 0.083638102 0.020585004 0.996279061
1341846314.961937 0.257245839 0.025368959 -0.001228787 -0.004898673 0.085597396 0.023967030 0.996029437
1341846314.994564 0.265173435 0.024807161 0.007955238 -0.008232467 0.085984051 0.023239005 0.995991409
1341846315.029900 0.280918986 0.024545820 0.010059018 -0.008311460 0.088517822 0.020377468 0.995831430
1341846315.061965 0.286926836 0.020327985 0.004903149 -0.009622166 0.090113163 0.025133269 0.995567858
1341846315.094388 0.293282390 0.016789310 0.010935709 -0.009774895 0.088946939 0.025854193 0.995652795
1341846315.129851 0.302684158 0.017828271 0.003532849 -0.007849723 0.088470303 0.024194242 0.995754004
1341846315.161941 0.312958777 0.039731853 -0.006403968 -0.008504186 0.087190382 0.030942701 0.995674670
1341846315.197984 0.302567929 0.047646750 -0.002660722 -0.013244950 0.087091275 0.024882220 0.995801449
1341846315.230076 0.310417861 0.038898867 0.002984162 -0.018072145 0.085713997 0.021430729 0.995925307
1341846315.262069 0.310536474 0.039884295 0.010582410 -0.021187143 0.083380677 0.024439296 0.995992720
1341846315.298000 0.319736779 0.030789280 0.017636824 -0.023924327 0.078943826 0.026405672 0.996242046
1341846315.329931 0.332114339 0.015536997 0.020341974 -0.021925930 0.076575354 0.027279668 0.996449351
1341846315.361981 0.331124008 0.028185304 0.020776480 -0.015196074 0.076768890 0.029642314 0.996492326
1341846315.397962 0.342045337 0.022208374 0.011148203 -0.013159107 0.075977847 0.034850907 0.996413410
1341846315.429923 0.343848586 0.027736854 0.007274538 -0.009493005 0.078274503 0.034198333 0.996299863
1341846315.466047 0.370749712 0.026381254 0.007824514 -0.009234679 0.078843839 0.038965575 0.996082366
1341846315.497883 0.366819113 0.025250413 0.006693881 -0.010294550 0.082507759 0.043116692 0.995604038
1341846315.530008 0.370910197 0.025257062 0.009776436 -0.010378545 0.083678477 0.044082604 0.995463192
1341846315.566108 0.371184886 0.028140131 0.008702282 -0.010950929 0.085459664 0.044685800 0.995278835
1341846315.597986 0.376792967 0.026161902 0.014855333 -0.011178628 0.086212493 0.043950982 0.995244026
1341846315.630109 0.378158838 0.026194548 0.013009422 -0.011141235 0.087058671 0.042670269 0.995226562
1341846315.666042 0.376633793 0.032056920 0.004581347 -0.011287831 0.089209244 0.041270640 0.995093465
1341846315.698114 0.387383521 0.037779428 -0.006117836 -0.015816545 0.091203846 0.040537819 0.994881094
1341846315.733985 0.373380065 0.023753341 0.013958789 -0.020166032 0.095897891 0.041499253 0.994321227
1341846315.766041 0.368863463 0.027088106 0.013564296 -0.019466415 0.094086923 0.042492032 0.994466245
1341846315.798188 0.371579021 0.022996143 0.010844581 -0.020856349 0.093011260 0.041199084 0.994593680
1341846315.834140 0.369025379 0.016145898 0.010812998 -0.020527830 0.095471419 0.039604269 0.994432151
1341846315.866751 0.368281871 0.021250051 0.029810846 -0.017700931 0.096547291 0.038679387 0.994419038
1341846315.898492 0.365385383 0.022200229 0.030546077 -0.016311621 0.097291090 0.038692541 0.994369745
1341846315.936901 0.365755171 0.016951187 0.030020371 -0.014174094 0.098303355 0.037988853 0.994330108
1341846315.966572 0.354399174 0.017208289 0.029613718 -0.010602486 0.100924976 0.037173480 0.994142771
1341846316.034204 0.342869043 0.013058009 0.029393636 -0.007364240 0.101160228 0.035275638 0.994217277
1341846316.066113 0.331417143 0.012569807 0.033239178 -0.004926428 0.102082729 0.034585677 0.994162261
1341846316.101867 0.323303133 0.012165487 0.022902146 -0.003840636 0.101043224 0.035647281 0.994235754
1341846316.134066 0.318029791 0.014773575 0.021659136 -0.004292759 0.097859055 0.033075798 0.994641244
1341846316.202049 0.296073139 0.005872412 0.027573731 -0.004590696 0.094815537 0.027927704 0.995092452
1341846316.233979 0.289344132 0.007950848 0.016775604 -0.003868711 0.093925260 0.025982136 0.995232642
1341846316.270052 0.284486443 0.008315503 0.014235251 -0.004935994 0.094872735 0.022517184 0.995222449
1341846316.301915 0.279120296 -0.001288330 0.020088095 -0.005782436 0.095905483 0.021170361 0.995148480
1341846316.334208 0.271058232 -0.003009245 0.024311073 -0.004416707 0.095582321 0.023202792 0.995141268
1341846316.370006 0.264755696 -0.000282618 0.021162320 -0.001668226 0.094368331 0.023412934 0.995260596
1341846316.401994 0.257486433 -0.000546011 0.023394976 -0.000185391 0.093946241 0.025914781 0.995239913
1341846316.438069 0.267265946 0.003679718 0.034370448 0.002773715 0.091214463 0.028737500 0.995412648
1341846316.470076 0.265529394 -0.001865462 0.039824449 0.006435832 0.090077266 0.031993765 0.995399952
1341846316.502034 0.243501127 0.014751257 0.025221407 0.010137280 0.089514531 0.032311656 0.995409608
1341846316.537975 0.235937893 0.016049068 0.019480690 0.007912528 0.086610094 0.030503545 0.995743752
1341846316.570121 0.227383643 0.003301148 0.021931853 0.006453102 0.086861514 0.027300857 0.995825350
1341846316.601885 0.223114759 0.001026844 0.018794339 0.008329961 0.085963540 0.026513489 0.995910585
1341846316.638009 0.212991521 -0.002155035 0.020456068 0.010470107 0.085187584 0.027865192 0.995920181
1341846316.669925 0.208315775 -0.005002256 0.024157394 0.012558744 0.084294982 0.027475201 0.995982766
1341846316.705941 0.199759379 -0.011530368 0.017446596 0.016364632 0.084688060 0.028109325 0.995876491
1341846316.738062 0.189566717 -0.004066633 0.012966566 0.018984674 0.084326707 0.031784143 0.995750129
1341846316.770433 0.177218005 0.002549049 0.010027239 0.018984510 0.084294826 0.030368933 0.995797038
1341846316.805932 0.176889002 -0.002826672 0.017584937 0.019276360 0.083551705 0.028853998 0.995899081
1341846316.838029 0.168888494 -0.001943199 0.028512428 0.020499531 0.082241036 0.031448927 0.995905161
1341846316.870034 0.142435685 -0.010817448 0.025379203 0.020052142 0.081312701 0.030932933 0.996006668
1341846316.906344 0.139445469 -0.009128965 0.020247193 0.021421932 0.077652715 0.030698471 0.996277452
1341846316.937940 0.136511847 -0.005233245 0.012876736 0.021795716 0.075997010 0.027981989 0.996477008
1341846316.973994 0.125734955 -0.002926326 0.016391296 0.021203866 0.074736252 0.028382873 0.996573806
1341846317.005913 0.118896991 -0.007271575 0.019821379 0.019634139 0.072091401 0.029060544 0.996781230
1341846317.037936 0.112625547 -0.011395564 0.023802415 0.019876160 0.069475919 0.028279055 0.996984601
1341846317.073972 0.107361458 -0.014774242 0.017507099 0.020617608 0.067813285 0.029325468 0.997053802
1341846317.106113 0.099778563 -0.018595682 0.012010004 0.022668436 0.065760322 0.033513840 0.997014821
1341846317.137887 0.077350624 -0.016773857 0.023509538 0.025785763 0.062295958 0.034985706 0.997110963
1341846317.173970 0.072040461 -0.012408717 0.020215459 0.027342116 0.054717600 0.037186816 0.997434497
1341846317.205887 0.070989653 -0.014639922 0.016292755 0.027209289 0.051349785 0.039025538 0.997546911
1341846317.248131 0.058246855 -0.017095042 0.012727362 0.028511258 0.049255900 0.040196992 0.997569621
1341846317.306289 0.040435869 -0.017994346 0.005308243 0.030082073 0.043910943 0.042797185 0.997664928
1341846317.348137 0.052891374 -0.014059344 0.025851067 0.031684551 0.042997889 0.046210635 0.997502804
1341846317.410120 0.035961341 -0.010569350 0.026783090 0.033786997 0.042838749 0.051739261 0.997169137
1341846317.442569 0.036971353 -0.021185171 0.024082616 0.035572909 0.042548753 0.055431370 0.996921003
1341846317.474010 0.025953179 -0.022260539 0.025421880 0.040935401 0.043352555 0.058111940 0.996527910
1341846317.509927 0.017788051 -0.013224422 0.025797144 0.044492070 0.041027449 0.062628783 0.996200204
1341846317.542282 0.005053191 -0.010678269 0.015474754 0.043712474 0.039353903 0.061362233 0.996381044
1341846317.573943 -0.000350540 -0.019138429 0.017068902 0.042461030 0.040579654 0.058906496 0.996534228
1341846317.610159 -0.013859389 -0.023956168 0.018155513 0.044740986 0.043426640 0.059401967 0.996284962
1341846317.643553 -0.020655388 -0.014844348 0.016692998 0.048045881 0.042099923 0.062362626 0.996007085
1341846317.677993 -0.028429352 -0.017441258 0.023699772 0.048638996 0.038897190 0.064484373 0.995973408
1341846317.709996 -0.034246348 -0.017240496 0.024729505 0.051294357 0.036491621 0.064407259 0.995936215
1341846317.741834 -0.043398246 -0.007694610 0.029728543 0.051973376 0.035475999 0.064898908 0.995905757
1341846317.777923 -0.052444920 -0.010724380 0.023530975 0.050557002 0.034245130 0.064485021 0.996048689
1341846317.810021 -0.054782663 -0.010270046 0.030479535 0.050711844 0.032030117 0.063865818 0.996154368
1341846317.841886 -0.072766848 -0.008342865 0.028874591 0.049723409 0.032459084 0.060201827 0.996418476
1341846317.878017 -0.073365405 -0.009373885 0.032497201 0.047204491 0.031390835 0.056955189 0.996766031
1341846317.909910 -0.084921673 -0.014991353 0.025782818 0.045887951 0.033364646 0.052542903 0.997005701
1341846317.946031 -0.095220715 -0.018193446 0.028077966 0.046927813 0.034456979 0.054569378 0.996811271
1341846317.978041 -0.110247351 -0.022295229 0.031188926 0.048706494 0.034025323 0.053545497 0.996796310
1341846318.009897 -0.109622829 -0.017295018 0.034176208 0.051614892 0.033653941 0.052077692 0.996740341
1341846318.045949 -0.123566888 -0.012340201 0.031360790 0.051939424 0.035311364 0.050538190 0.996745348
1341846318.078074 -0.143813401 -0.016859375 0.026039576 0.050727461 0.035119116 0.048371345 0.996922076
1341846318.109894 -0.147254199 -0.013546328 0.033625178 0.051139005 0.030511718 0.047370907 0.997100711
1341846318.145957 -0.147736922 -0.015720015 0.024064321 0.050062139 0.027691782 0.044562384 0.997367084
1341846318.178001 -0.149942219 -0.018991910 0.024405910 0.049025625 0.027476111 0.041848470 0.997542083
1341846318.214074 -0.173968166 -0.027805451 0.017854679 0.049069148 0.027119447 0.040119205 0.997620761
1341846318.245970 -0.176410004 -0.030833011 0.028999809 0.052090995 0.020906778 0.041952860 0.997541666
1341846318.278018 -0.186820626 -0.027205285 0.033120178 0.056505967 0.016948864 0.042190388 0.997366428
1341846318.313937 -0.204398409 -0.023871493 0.035340030 0.058345035 0.011612681 0.039720573 0.997438371
1341846318.345989 -0.207486764 -0.024133343 0.043302421 0.060176879 0.002318206 0.038576845 0.997439325
1341846318.382046 -0.218713462 -0.025078397 0.046990674 0.061952144 -0.003778476 0.037355348 0.997372687
1341846318.414072 -0.227888197 -0.027080555 0.047887538 0.063254580 -0.010352486 0.037589792 0.997235537
1341846318.446035 -0.227320775 -0.027948933 0.038595807 0.065339081 -0.017823279 0.039484460 0.996922314
1341846318.482196 -0.233692646 -0.024683289 0.034178738 0.066947415 -0.019897405 0.039139356 0.996789992
1341846318.514144 -0.239263475 -0.026033081 0.035755824 0.066856526 -0.021454254 0.040555879 0.996707141
1341846318.546259 -0.243488461 -0.031953864 0.039615482 0.067899808 -0.022750337 0.040284690 0.996618867
1341846318.582042 -0.258849829 -0.024049979 0.035078108 0.070018090 -0.021595897 0.039007921 0.996548772
1341846318.614115 -0.262913644 -0.020902315 0.039908011 0.069980733 -0.022580428 0.039126761 0.996524930
1341846318.650038 -0.269806355 -0.023021230 0.036564197 0.069401301 -0.023415493 0.036753640 0.996636510
1341846318.682350 -0.279660910 -0.025642825 0.038173348 0.068832487 -0.023625975 0.034789156 0.996741474
1341846318.714063 -0.291759491 -0.025453078 0.031496666 0.068303429 -0.024538025 0.032998662 0.996816695
1341846318.749905 -0.297494739 -0.028970255 0.030515088 0.068992071 -0.024800504 0.034743961 0.996703506
1341846318.782036 -0.309004009 -0.027600897 0.032149449 0.070762001 -0.025204422 0.037027363 0.996487021
1341846318.814121 -0.325734943 -0.030300494 0.030252654 0.070586070 -0.029631576 0.035592336 0.996429980
1341846318.850072 -0.329495817 -0.035534661 0.019762514 0.070481725 -0.035941496 0.033628359 0.996297956
1341846318.883516 -0.346001655 -0.034448296 0.022959106 0.073514514 -0.043201435 0.032375079 0.995831847
1341846318.918047 -0.347484261 -0.027597081 0.018605702 0.077698529 -0.056948852 0.028618133 0.994937599
1341846318.950044 -0.368522555 -0.037017360 0.020518672 0.078601390 -0.063807465 0.027584422 0.994479537
1341846318.982028 -0.371212125 -0.035789728 0.017126106 0.080073498 -0.068143204 0.026079865 0.994114935
1341846319.018123 -0.398062110 -0.039434470 0.007681146 0.079298489 -0.072580352 0.024693456 0.993898451
1341846319.050745 -0.380011857 -0.054896448 0.021918841 0.079884633 -0.080887891 0.024832290 0.993206382
1341846319.081905 -0.385067284 -0.046160385 0.018181086 0.086344823 -0.080727965 0.022647128 0.992730916
1341846319.117976 -0.407284856 -0.040830921 0.003501132 0.088903137 -0.078716531 0.027485704 0.992544413
1341846319.150093 -0.411594629 -0.046729852 0.002845310 0.090071633 -0.083631888 0.035296012 0.991789758
1341846319.186069 -0.401833951 -0.033375610 0.003226921 0.092651166 -0.085855946 0.035543509 0.991353214
1341846319.218149 -0.409590423 -0.010932826 -0.001047615 0.090895712 -0.080500789 0.033403020 0.992039204
1341846319.250034 -0.425321162 -0.015423899 0.012641728 0.084759034 -0.073943123 0.032445114 0.993124187
1341846319.286594 -0.428266227 -0.029537778 0.018257312 0.081334591 -0.071695544 0.037724309 0.993388772
1341846319.318034 -0.436341405 -0.031988796 0.011425965 0.082078412 -0.070603877 0.040584769 0.993293047
1341846319.350268 -0.453519315 -0.035242185 0.011851706 0.082439475 -0.069610171 0.046731047 0.993063152
1341846319.386163 -0.472018361 -0.038426034 0.007484578 0.084220856 -0.073296793 0.054016791 0.992278457
1341846319.418386 -0.467728138 -0.035283417 -0.002090424 0.085353643 -0.079318546 0.055171981 0.991654873
1341846319.453961 -0.469145060 -0.032237433 -0.000016183 0.085879266 -0.081491657 0.051853646 0.991612375
1341846319.486271 -0.487631023 -0.032242876 -0.008509912 0.084940851 -0.080689624 0.050415248 0.991832912
1341846319.554083 -0.501494110 -0.034858167 0.001053229 0.079642229 -0.087085687 0.049340848 0.991785645
1341846319.586296 -0.517068565 -0.038436305 -0.003603920 0.079639897 -0.085830748 0.045567367 0.992075741
1341846319.622031 -0.537399530 -0.037118971 -0.016099453 0.078185938 -0.088651448 0.042580813 0.992076039
1341846319.653962 -0.535008729 -0.044232123 -0.005030327 0.077152103 -0.094538882 0.042323794 0.991624236
1341846319.686352 -0.542851508 -0.047221102 -0.012650155 0.078581102 -0.098250218 0.044596512 0.991051495
1341846319.721992 -0.548573911 -0.037230063 -0.012893111 0.080052599 -0.102258228 0.044703830 0.990523279
1341846319.754063 -0.554081142 -0.024700034 -0.005909376 0.078158684 -0.104794599 0.043481886 0.990463853
1341846319.786397 -0.556968331 -0.027681023 0.006171659 0.073522665 -0.105122864 0.047465596 0.990601182
1341846319.822008 -0.567265093 -0.029123522 -0.000055648 0.069978297 -0.105336577 0.051766355 0.990619779
1341846319.853917 -0.569082320 -0.028482923 -0.000849485 0.065192521 -0.106480017 0.055419616 0.990626395
1341846319.889942 -0.574822187 -0.041600868 0.001971036 0.060908161 -0.107131526 0.061080553 0.990495920
1341846319.922039 -0.581357718 -0.045907661 0.002691284 0.060648218 -0.111480959 0.062293191 0.989956260
1341846319.953946 -0.582727432 -0.048546016 0.008649215 0.061212234 -0.117684565 0.057937980 0.989467859
1341846319.990054 -0.576846004 -0.043535657 0.010475829 0.064389825 -0.121020198 0.051278763 0.989231288
1341846320.028122 -0.580803394 -0.045693006 0.007675141 0.066242389 -0.124406405 0.050328098 0.988737583
1341846320.090047 -0.566065669 -0.032974824 0.018986031 0.072445482 -0.132710844 0.049998682 0.987238348
1341846320.122011 -0.553836048 -0.031211300 0.014597476 0.073027425 -0.131051362 0.051843941 0.987322032
1341846320.157952 -0.547914922 -0.035338767 0.023147449 0.073159315 -0.128540233 0.052640557 0.987600148
1341846320.190003 -0.530238867 -0.043460529 0.031726673 0.075480431 -0.125955358 0.051189490 0.987834811
1341846320.221941 -0.523994327 -0.048674859 0.031228602 0.078959264 -0.122274466 0.053120773 0.987923384
1341846320.258015 -0.519701540 -0.048894279 0.022511214 0.083107911 -0.121185310 0.054705460 0.987630785
1341846320.289887 -0.505593419 -0.046443760 0.030640423 0.089058019 -0.122207835 0.054576702 0.986993074
1341846320.321954 -0.493998468 -0.040752433 0.030067503 0.098689921 -0.123529278 0.053443465 0.985973954
1341846320.357890 -0.479248196 -0.042016506 0.028118543 0.103153706 -0.123864755 0.056627490 0.985296965
1341846320.390064 -0.456822425 -0.044171751 0.020492367 0.104321375 -0.120638222 0.056617219 0.985575020
1341846320.426544 -0.444238484 -0.041432388 0.044886835 0.107728660 -0.113168463 0.052194625 0.986338258
1341846320.458122 -0.447017133 -0.027362654 0.058348082 0.109782398 -0.105358295 0.048767921 0.987151980
1341846320.490186 -0.434063137 -0.046417046 0.025809497 0.111591637 -0.097520240 0.048181623 0.987783194
1341846320.525911 -0.420546830 -0.030086430 0.035730019 0.116598114 -0.090169571 0.046062130 0.988004327
1341846320.558091 -0.407607168 -0.030125875 0.031623378 0.117441796 -0.086562589 0.042162225 0.988401055
1341846320.594093 -0.389780492 -0.035101805 0.028005973 0.118194692 -0.081602231 0.038343649 0.988888681
1341846320.631955 -0.375687569 -0.031663597 0.047245022 0.120979786 -0.074777238 0.039321769 0.989053130
1341846320.664916 -0.369558156 -0.028165733 0.049564332 0.121099643 -0.072357841 0.037532855 0.989287853
1341846320.699927 -0.344880998 -0.039924607 0.031907406 0.119998351 -0.069939785 0.037202824 0.989608407
1341846320.731822 -0.331352562 -0.032412522 0.028521486 0.122390449 -0.063091628 0.036017459 0.989819586
1341846320.763877 -0.342145562 -0.012256561 0.017537590 0.121056885 -0.061039977 0.036575057 0.990091681
1341846320.799999 -0.322835147 -0.030962527 0.025364652 0.112799361 -0.063114971 0.031257529 0.991118431
1341846320.831871 -0.252739400 -0.041132048 0.015950684 0.114145026 -0.056165427 0.028306920 0.991471171
1341846320.863887 -0.313622504 -0.017176215 0.027601313 0.114186391 -0.042836752 0.027306153 0.992159665
1341846320.900014 -0.301868856 -0.031569507 0.026466051 0.106211804 -0.048244052 0.033018421 0.992623448
1341846320.931889 -0.275503725 -0.039999865 0.033704933 0.107263930 -0.048948839 0.032032769 0.992508054
1341846320.967866 -0.275283724 -0.013288493 0.029640049 0.108291805 -0.042926352 0.028234459 0.992790520
1341846321.000017 -0.272966117 -0.019698177 0.034120444 0.101891734 -0.042365387 0.026108194 0.993550003
1341846321.031860 -0.252935886 -0.031340785 0.031343583 0.099188596 -0.042387009 0.024820151 0.993855596
1341846321.068047 -0.246348843 -0.024188176 0.029655650 0.099992983 -0.038754035 0.022045633 0.993988693
1341846321.099840 -0.244820669 -0.026604621 0.025278877 0.097322218 -0.037032161 0.022646045 0.994305849
1341846321.131821 -0.219666392 -0.033706360 0.035146963 0.097437836 -0.036452349 0.024295675 0.994277000
1341846321.167887 -0.213461429 -0.031125076 0.034292839 0.100185946 -0.032400250 0.025147365 0.994123042
1341846321.200042 -0.208355978 -0.028093945 0.030333580 0.100553527 -0.029794866 0.024903832 0.994173527
1341846321.231950 -0.200862855 -0.033732582 0.034029249 0.099714324 -0.028733999 0.023044417 0.994334161
1341846321.267939 -0.185426205 -0.028948005 0.025352608 0.100450695 -0.027062019 0.018387571 0.994403958
1341846321.299948 -0.175536916 -0.031522155 0.028089466 0.099035174 -0.022725955 0.012612840 0.994744420
1341846321.331858 -0.173338532 -0.034368262 0.033779196 0.099123083 -0.019693807 0.009025198 0.994839311
1341846321.367913 -0.153033972 -0.040608987 0.029381050 0.100138195 -0.017903293 0.004932605 0.994800210
1341846321.399897 -0.148474008 -0.034950972 0.034506150 0.102454461 -0.012388570 0.003728082 0.994653583
1341846321.435994 -0.148259565 -0.040052544 0.038398892 0.103653684 -0.008521942 0.003057843 0.994572222
1341846321.467946 -0.133749813 -0.038990408 0.038818993 0.105528653 -0.006670104 0.004307384 0.994384587
1341846321.499882 -0.121520191 -0.039205499 0.040501181 0.106878281 -0.003878498 0.004416135 0.994254768
1341846321.536109 -0.097104430 -0.033005491 0.016704192 0.106641226 0.000388967 0.001525188 0.994296253
1341846321.568960 -0.107788533 -0.022767629 0.036946621 0.104323775 0.007985801 -0.001476445 0.994510174
1341846321.603938 -0.103089266 -0.030439476 0.036189120 0.100356691 0.010738827 -0.001622422 0.994892240
1341846321.637163 -0.063093118 -0.023199031 0.019741833 0.098008610 0.013810147 -0.001535621 0.995088518
1341846321.668306 -0.078122042 -0.021071944 0.046105292 0.093837269 0.024117837 0.001219114 0.995294571
1341846321.704411 -0.096584894 -0.024756229 0.050555155 0.090398125 0.026891071 0.008143620 0.995509207
1341846321.736861 -0.085148253 -0.025911188 0.044211585 0.089126021 0.024037350 0.016604584 0.995591760
1341846321.771881 -0.070832118 -0.011266245 0.037640456 0.087398432 0.023594197 0.021756001 0.995656312
1341846321.804114 -0.060976084 -0.012556359 0.051644243 0.083179392 0.025575204 0.024516957 0.995904565
1341846321.836152 -0.063003905 -0.006640851 0.057499882 0.080677152 0.027975652 0.024525149 0.996045709
1341846321.871882 -0.054813154 0.001501780 0.055341057 0.075601391 0.029225249 0.022680895 0.996451676
1341846321.904074 -0.045524381 -0.002863366 0.051785424 0.068847686 0.030069800 0.019456226 0.996984065
1341846321.939847 -0.041651420 -0.007478801 0.059170522 0.064610563 0.033053316 0.016490676 0.997226715
1341846322.004094 -0.047365133 -0.013938660 0.055718508 0.057425201 0.031332318 0.016141046 0.997727454
1341846322.066178 -0.031319723 -0.020445505 0.059898790 0.052585203 0.035747476 0.013747466 0.997881770
1341846322.107979 -0.037247602 -0.034357302 0.061047126 0.049773902 0.038252410 0.011854301 0.997957349
1341846322.166164 -0.035900068 -0.054987643 0.060975634 0.052813832 0.037991170 0.011964888 0.997809708
1341846322.202932 -0.030822245 -0.060551155 0.060692891 0.053982545 0.035000145 0.012806611 0.997846127
1341846322.234093 -0.033801459 -0.062272850 0.062420018 0.053162999 0.034005523 0.010390940 0.997952640
1341846322.265941 -0.033349127 -0.073405489 0.056943074 0.050410498 0.030881032 0.011328907 0.998186767
1341846322.301996 -0.027016642 -0.086473830 0.057653412 0.048421286 0.028884025 0.012146762 0.998335361
1341846322.333949 -0.035967916 -0.101402983 0.054320898 0.047296427 0.027621511 0.011542412 0.998432159
1341846322.369871 -0.025155816 -0.114436433 0.056824442 0.048205219 0.021611495 0.008006931 0.998571515
1341846322.402292 -0.008192056 -0.131938145 0.055737842 0.049370456 0.021765605 0.002763505 0.998539507
1341846322.433955 -0.024518125 -0.156528711 0.069205463 0.054338619 0.024662349 -0.001504742 0.998216808
1341846322.470030 -0.026420617 -0.156974465 0.076282717 0.063634604 0.020370096 0.001637275 0.997763991
1341846322.502433 -0.007402765 -0.174633279 0.071073212 0.069163240 0.015541490 0.006243169 0.997464776
1341846322.534002 -0.005901642 -0.201864734 0.064715236 0.076423727 0.016034601 0.004936762 0.996934295
1341846322.570196 -0.008877343 -0.200693592 0.065881051 0.087220371 0.016169084 0.006666048 0.996035516
1341846322.601920 -0.014313405 -0.206992209 0.065074190 0.092439204 0.013194753 0.011564824 0.995563745
1341846322.638119 -0.002572232 -0.219363585 0.070746042 0.097732149 0.009356006 0.011465124 0.995102704
1341846322.669947 0.003391192 -0.219734743 0.071858048 0.103336953 0.012413331 0.009428579 0.994524240
1341846322.702026 -0.003120796 -0.236865640 0.067781463 0.105445072 0.014383842 0.012346253 0.994244456
1341846322.738006 0.001857872 -0.233042136 0.068475150 0.107406758 0.011338257 0.013680010 0.994056404
1341846322.770087 0.010567777 -0.254301429 0.072585702 0.106812358 0.011623404 0.013922101 0.994113803
1341846322.806047 0.002391750 -0.268824279 0.072127871 0.110048592 0.011878258 0.016006203 0.993726373
1341846322.838063 -0.001209910 -0.271137297 0.070530400 0.112284809 0.007679379 0.017840976 0.993486226
1341846322.870081 0.001853924 -0.285281837 0.076703258 0.114273772 0.002732937 0.018261367 0.993277729
1341846322.906018 0.018416237 -0.289008230 0.081122726 0.119150579 0.000114005 0.019383980 0.992686987
1341846322.938349 0.017050453 -0.270905793 0.081785873 0.120711930 0.001181265 0.020533437 0.992474496
1341846322.970069 0.011681515 -0.275463343 0.087309442 0.116037853 0.001421304 0.020816972 0.993025601
1341846323.011820 0.017923189 -0.291489631 0.088728517 0.113112576 0.001393525 0.021575967 0.993346930
1341846323.073951 0.016189909 -0.290697277 0.093054563 0.110636443 0.001321830 0.026358416 0.993510485
1341846323.105962 0.015149728 -0.310869277 0.092303991 0.107075825 0.001661550 0.025901128 0.993912041
1341846323.138158 0.014692509 -0.310307026 0.092158526 0.108088613 0.001735029 0.022055574 0.993895054
1341846323.174092 0.013541186 -0.312622726 0.094455808 0.106144212 0.001164434 0.020801976 0.994132459
1341846323.206059 0.020845650 -0.320588589 0.092707664 0.103071511 0.000309474 0.018514838 0.994501591
1341846323.238053 0.025987433 -0.321009010 0.093468711 0.100701064 0.003198858 0.016495898 0.994774818
1341846323.273997 0.010664960 -0.325102717 0.086549401 0.096221797 0.004072166 0.018232312 0.995184600
1341846323.305946 0.019848075 -0.339542300 0.086118132 0.090168566 -0.000454196 0.019270219 0.995739996
1341846323.342027 0.044471577 -0.354315013 0.095996559 0.087961815 -0.000174794 0.017808819 0.995964587
1341846323.374048 0.020071415 -0.360537767 0.099069074 0.088680565 0.004823841 0.018696165 0.995872974
1341846323.405987 0.007622623 -0.372328699 0.084964961 0.088591643 0.001409068 0.023933234 0.995779455
1341846323.441956 0.023730297 -0.381490439 0.094767354 0.089597262 -0.003757137 0.026147271 0.995627701
1341846323.473878 0.026445232 -0.393036902 0.099613994 0.093496457 -0.002294825 0.024284517 0.995320797
1341846323.506129 0.019455491 -0.382715791 0.098424360 0.096883737 -0.002066987 0.021532433 0.995060623
1341846323.541972 0.027098382 -0.383599997 0.096822686 0.095477536 -0.002477567 0.019451078 0.995238483
1341846323.573913 0.055502038 -0.404611945 0.088296279 0.093962058 0.000419554 0.014455190 0.995470703
1341846323.609927 0.037238788 -0.403719902 0.092154965 0.094601072 0.007467419 0.011154810 0.995424807
1341846323.642014 0.021410890 -0.412846565 0.095395520 0.093451306 0.010009388 0.011379264 0.995508552
1341846323.674081 0.021782055 -0.425270170 0.092793733 0.093269646 0.008284088 0.014014701 0.995507777
1341846323.710069 0.023938619 -0.442099810 0.090816282 0.094382949 0.006929500 0.018193761 0.995345592
1341846323.742111 0.023567872 -0.454549730 0.083420858 0.098624751 0.004579819 0.019049807 0.994931817
1341846323.774928 0.019785957 -0.446299911 0.097765908 0.102712907 0.002918940 0.015235649 0.994590104
1341846323.810012 0.020908162 -0.451356202 0.101228260 0.104034483 0.001722581 0.011330345 0.994507670
1341846323.842207 0.025758039 -0.455511451 0.093757413 0.105436347 0.001526392 0.006924991 0.994400799
1341846323.878019 0.015682194 -0.468363822 0.091299333 0.105859339 0.001370163 0.002099643 0.994377971
1341846323.909826 0.022277117 -0.479969323 0.093214147 0.108828500 -0.000720512 -0.001177950 0.994059563
1341846323.942459 0.017585540 -0.476755321 0.088317007 0.112926066 -0.000460184 -0.001420257 0.993602276
1341846323.978055 0.009980978 -0.482821733 0.090141386 0.115072303 -0.002958795 0.000101029 0.993352711
1341846324.015934 0.021310654 -0.484041840 0.085341178 0.118818603 -0.005663409 0.000363886 0.992899776
1341846324.047722 0.024793079 -0.474954665 0.085396722 0.122629941 -0.004428322 -0.000963404 0.992442131
1341846324.083904 0.022826072 -0.460521758 0.094657935 0.123399340 -0.002813519 -0.001885765 0.992351294
1341846324.115968 0.024944481 -0.461635053 0.087882459 0.120840482 -0.001234732 -0.003795304 0.992663920
1341846324.151967 0.031584777 -0.456487834 0.088220969 0.120448790 0.001396472 -0.008049118 0.992685914
1341846324.183941 0.021567430 -0.443387866 0.095028758 0.118036859 0.006081994 -0.012132500 0.992916465
1341846324.219984 0.017350564 -0.440694511 0.093021974 0.113557339 0.007938157 -0.010960068 0.993439257
1341846324.251968 0.014413478 -0.440841556 0.095817387 0.113005519 0.008167989 -0.011418218 0.993495226
1341846324.284052 0.010871232 -0.429230839 0.095601000 0.113613240 0.007513455 -0.012087261 0.993423104
1341846324.319880 0.003335977 -0.413951457 0.093700223 0.112478673 0.004641534 -0.012896963 0.993559599
1341846324.351917 0.011021482 -0.397982270 0.095063165 0.109378651 0.000767197 -0.013603920 0.993906796
1341846324.388001 0.019620873 -0.389818877 0.095447309 0.105185159 0.000472084 -0.017540907 0.994297862
1341846324.419908 0.017209688 -0.378237158 0.088329434 0.100430451 0.002639085 -0.019418811 0.994751096
1341846324.452027 0.013372057 -0.380993277 0.095287383 0.095408268 0.002896491 -0.019671286 0.995239615
1341846324.487928 0.012573985 -0.375641108 0.090773374 0.093866475 0.002511301 -0.017502379 0.995427787
1341846324.519985 0.001910513 -0.364150971 0.093545429 0.092885472 0.000907083 -0.012962497 0.995591998
1341846324.556001 0.001170512 -0.345101297 0.091952741 0.091673061 -0.004078677 -0.008710717 0.995742738
1341846324.587888 0.002825888 -0.333304703 0.091887675 0.088404872 -0.007110889 -0.006986224 0.996034682
1341846324.620086 0.006371667 -0.332851857 0.088478401 0.085460037 -0.009722938 -0.009735079 0.996246576
1341846324.655955 0.011034990 -0.318000436 0.088528991 0.084535688 -0.011230939 -0.010282880 0.996304095
1341846324.688082 0.007532110 -0.316334605 0.095505819 0.083656654 -0.010957202 -0.009501489 0.996389091
1341846324.755922 -0.007244958 -0.280241728 0.092411593 0.085459761 -0.013503445 -0.005854440 0.996232927
1341846324.814016 0.010403473 -0.241522998 0.090474352 0.081118338 -0.020000732 -0.009320045 0.996460199
1341846324.849979 0.001261588 -0.236876130 0.095402658 0.075065993 -0.016524799 -0.011245914 0.996978223
1341846324.881924 -0.008826563 -0.234088823 0.101068050 0.071958184 -0.017116819 -0.011553689 0.997193873
1341846324.913902 -0.005055343 -0.223141328 0.105437659 0.071082436 -0.018991731 -0.008451348 0.997253835
1341846324.949999 -0.007051451 -0.227983907 0.107580356 0.071001559 -0.018946696 -0.005652714 0.997280240
1341846324.981922 -0.016860396 -0.222564831 0.107392997 0.075163603 -0.020833632 -0.001972866 0.996951640
1341846325.018013 -0.015817152 -0.209580302 0.102651633 0.079855889 -0.026142254 0.000461794 0.996463478
1341846325.050079 -0.018054586 -0.195186689 0.095359847 0.081849150 -0.031102369 -0.000292653 0.996159256
1341846325.081901 -0.019801136 -0.171977967 0.100948870 0.081718944 -0.036241006 -0.002957197 0.995991886
1341846325.118531 -0.005742884 -0.159493029 0.095063157 0.077579662 -0.038528789 -0.004631339 0.996230662
1341846325.149933 -0.008723731 -0.161558613 0.095985264 0.071293250 -0.036026932 -0.006133070 0.996785700
1341846325.181925 -0.011641274 -0.154928118 0.103596777 0.068223819 -0.034876931 -0.004007922 0.997052193
1341846325.218055 -0.011712877 -0.149364561 0.103673808 0.065268107 -0.034833889 0.000620343 0.997259438
1341846325.249811 -0.016167672 -0.141539171 0.104258962 0.063275903 -0.034623824 0.003936633 0.997387528
1341846325.285925 -0.012448839 -0.130966902 0.104466319 0.060832165 -0.035339247 0.007212544 0.997496188
1341846325.317988 0.000170687 -0.130834639 0.110464811 0.057759967 -0.034093797 0.010891416 0.997688711
1341846325.349844 -0.002737110 -0.135874212 0.114433028 0.060340766 -0.029141238 0.013117187 0.997666121
1341846325.387302 -0.004700902 -0.120961145 0.119489387 0.065531738 -0.026254516 0.015867926 0.997378826
1341846325.417931 0.005395484 -0.119974062 0.115821667 0.068469428 -0.021331932 0.017189959 0.997276962
1341846325.450747 0.014451033 -0.121749684 0.117606021 0.073387787 -0.013379104 0.018859411 0.997035384
1341846325.485954 -0.008391768 -0.100235999 0.120172903 0.082747892 -0.004969099 0.020527398 0.996346712
1341846325.517875 -0.010672234 -0.094554260 0.122432388 0.086099811 -0.002406519 0.022691337 0.996025145
1341846325.553859 -0.011802377 -0.088316046 0.122629121 0.089128584 0.001315618 0.021900188 0.995778501
1341846325.585855 -0.017370136 -0.071053490 0.124964871 0.091969796 0.004599495 0.020071534 0.995548844
1341846325.617990 -0.014009848 -0.046322376 0.123206981 0.088991955 0.005349227 0.020867150 0.995799422
1341846325.653982 -0.017232113 -0.063424453 0.130983800 0.085072368 0.007230089 0.017858995 0.996188521
1341846325.685819 -0.019934982 -0.062807083 0.131567761 0.090252608 0.008870922 0.019071830 0.995696783
1341846325.717857 -0.023804486 -0.046579972 0.138647974 0.095267013 0.009952073 0.026045073 0.995061219
1341846325.754083 -0.024765737 -0.049072053 0.135778889 0.097687513 0.010062706 0.030320367 0.994704247
1341846325.786087 -0.019458491 -0.043575574 0.137293056 0.104073219 0.010095948 0.031824954 0.994009078
1341846325.821856 -0.021613605 -0.023580618 0.134474173 0.108524039 0.011953412 0.033090275 0.993471026
1341846325.853827 -0.031560536 -0.015568700 0.135126859 0.109312303 0.013203723 0.036488656 0.993249714
1341846325.885958 -0.039789230 -0.002105920 0.134619281 0.110115305 0.010967986 0.042337742 0.992956102
1341846325.921984 -0.035929244 0.003093800 0.141665250 0.109320164 0.006524234 0.047060415 0.992870510
1341846325.953899 -0.023292322 0.005659055 0.147296131 0.112177804 0.006258543 0.048784442 0.992470145
1341846325.985823 -0.026363656 0.018411811 0.150125206 0.114992365 0.009320788 0.052797116 0.991918504
1341846326.021991 -0.034700062 0.018843364 0.150518507 0.117484681 0.010014813 0.057984471 0.991329849
1341846326.054055 -0.030037044 0.029929131 0.151406720 0.122472614 0.008919748 0.061822705 0.990504324
1341846326.089984 -0.027385999 0.049598381 0.151921019 0.125665635 0.010683924 0.060957804 0.990140498
1341846326.121822 -0.030417535 0.059795197 0.153797269 0.125270456 0.015065600 0.058532950 0.990279853
1341846326.154079 -0.032514878 0.059566773 0.156497940 0.125224173 0.017512234 0.056972414 0.990336478
1341846326.190178 -0.035443254 0.075140625 0.162431866 0.128315449 0.016989132 0.059605304 0.989794791
1341846326.222162 -0.040431343 0.094851658 0.163090095 0.128253594 0.015266858 0.065585315 0.989452660
1341846326.259181 -0.041106649 0.102898903 0.168355078 0.124680370 0.012926545 0.069513097 0.989674509
1341846326.322766 -0.035067532 0.125021875 0.175390214 0.117466100 0.012239552 0.068159163 0.990659475
1341846326.359773 -0.032397404 0.131894425 0.177992776 0.113618053 0.013449457 0.066800706 0.991184950
1341846326.392109 -0.030800359 0.125184879 0.185299113 0.111538038 0.015250319 0.067348726 0.991358042
1341846326.423985 -0.035585869 0.131000042 0.187722772 0.115792111 0.016306162 0.072610326 0.990481675
1341846326.459869 -0.040716141 0.145978063 0.187492043 0.118175797 0.014062301 0.076236188 0.989961982
1341846326.526163 -0.029174902 0.182603523 0.186875701 0.119071826 0.015121203 0.075405024 0.989902675
1341846326.560211 -0.030342221 0.190071583 0.194161639 0.113821007 0.018826356 0.075892493 0.990419388
1341846326.591828 -0.032586642 0.194184139 0.194592386 0.110484175 0.021103742 0.077219568 0.990648746
1341846326.627027 -0.032011088 0.205752507 0.194474041 0.110297672 0.022723855 0.076340258 0.990701854
1341846326.658442 -0.028110107 0.222191855 0.198767543 0.108519331 0.026083382 0.075578183 0.990873873
1341846326.694856 -0.038012706 0.231825918 0.213738844 0.105541013 0.030084174 0.074542381 0.991160631
1341846326.726206 -0.039479401 0.242923230 0.211457014 0.099542581 0.031283230 0.072703727 0.991880417
1341846326.762753 -0.033487428 0.256292343 0.210390463 0.093661666 0.033435669 0.069908962 0.992583632
1341846326.826821 -0.035432551 0.294930488 0.219660848 0.080114618 0.039232295 0.065958038 0.993826985
1341846326.858887 -0.038060576 0.295122206 0.226712793 0.071242623 0.040841267 0.064519234 0.994531929
1341846326.895360 -0.045238554 0.294348270 0.226432145 0.068484478 0.040854976 0.066052943 0.994624436
1341846326.926897 -0.048648819 0.301470935 0.237291440 0.070663534 0.037549581 0.067089722 0.994532883
1341846326.958888 -0.041441955 0.318084329 0.232771233 0.073712856 0.034565356 0.070612878 0.994175792
1341846326.994594 -0.037537057 0.332231820 0.224344388 0.074514665 0.034676969 0.073493853 0.993903279
1341846327.026301 -0.038359351 0.336607337 0.225005537 0.071956336 0.036599893 0.070157193 0.994263887
1341846327.063945 -0.034577850 0.338638663 0.229384840 0.068385899 0.038630627 0.067637838 0.994613588
1341846327.094662 -0.035609111 0.348204702 0.231405824 0.068043761 0.040966585 0.065487564 0.994687498
1341846327.128901 -0.037016168 0.359188795 0.238537595 0.067423224 0.041035909 0.064397745 0.994798005
1341846327.161940 -0.037802935 0.371657819 0.237555891 0.066503286 0.039943539 0.063929096 0.994934618
1341846327.193867 -0.026656762 0.375895202 0.242284015 0.065064020 0.040164545 0.062476452 0.995113134
1341846327.229885 -0.027435876 0.387135774 0.238711059 0.065697052 0.043755222 0.060411055 0.995047688
1341846327.262014 -0.020000091 0.400453806 0.251165122 0.065721124 0.047761306 0.056532230 0.995089829
1341846327.294023 0.006807417 0.418410659 0.254118353 0.070375800 0.056536164 0.054536019 0.994422793
1341846327.330015 -0.007725293 0.425040215 0.235250458 0.070426911 0.068399854 0.050347146 0.993894696
1341846327.361939 -0.019083593 0.442581236 0.247967467 0.068303570 0.074617170 0.044561677 0.993871748
1341846327.393887 -0.025036275 0.451125979 0.259373337 0.067431048 0.078281261 0.036192853 0.993989527
1341846327.429966 -0.036644053 0.485945702 0.257895082 0.067100793 0.078681208 0.037635546 0.993926704
1341846327.461965 -0.044297747 0.480961055 0.265456915 0.055886019 0.075312652 0.035991818 0.994941890
1341846327.497931 -0.039228212 0.500078321 0.271171898 0.053033751 0.073256142 0.032208622 0.995381117
1341846327.530068 -0.039117485 0.513497293 0.273157865 0.052045334 0.073565297 0.035836965 0.995286465
1341846327.561895 -0.042247053 0.518956184 0.285175502 0.050971106 0.071606770 0.041833255 0.995250940
1341846327.598010 -0.046933886 0.521292090 0.287199050 0.051880714 0.068812244 0.046233781 0.995206356
1341846327.629945 -0.047035422 0.535079062 0.280693948 0.052185152 0.063313276 0.046611737 0.995537758
1341846327.662003 -0.043963317 0.536666274 0.286310613 0.051333409 0.059669837 0.042228866 0.996002555
1341846327.697919 -0.043173946 0.562816024 0.286808670 0.055584565 0.058747612 0.043678284 0.995766699
1341846327.730075 -0.049569752 0.581609786 0.285647541 0.052211981 0.058637556 0.044524234 0.995918214
1341846327.766017 -0.044612650 0.593509734 0.290835828 0.047509611 0.057173103 0.046146289 0.996164918
1341846327.797917 -0.048820298 0.610685766 0.290302366 0.044170212 0.057306539 0.047800049 0.996232927
1341846327.830054 -0.047052294 0.613306046 0.292230755 0.035994682 0.056536376 0.047575146 0.996616602
1341846327.865944 -0.040082231 0.619442582 0.294313192 0.031986173 0.056888573 0.047838457 0.996720672
1341846327.898010 -0.044595614 0.636365712 0.301883429 0.030333402 0.058269076 0.049333625 0.996619701
1341846327.929991 -0.045800626 0.640984654 0.299483061 0.025051959 0.056929264 0.046443690 0.996982694
1341846327.966065 -0.048636347 0.648750186 0.293787062 0.020363253 0.057608195 0.043993451 0.997161567
1341846327.998073 -0.050051920 0.659726858 0.297676921 0.014006133 0.058858614 0.041238613 0.997315824
1341846328.034045 -0.045957822 0.665670335 0.298398376 0.008167524 0.059048828 0.040204860 0.997411728
1341846328.065993 -0.045824602 0.662934244 0.298882782 0.002025659 0.059755236 0.040355917 0.997394919
1341846328.098045 -0.050052579 0.645820737 0.303581387 -0.000543974 0.060971737 0.041337851 0.997282982
1341846328.133967 -0.052751239 0.646390557 0.302208722 0.002583609 0.060061548 0.044845734 0.997183442
1341846328.166023 -0.056520302 0.644063771 0.300101370 0.002440550 0.057389092 0.045586135 0.997307599
1341846328.198018 -0.053297926 0.626309454 0.294557333 0.000976424 0.054232225 0.042906687 0.997605622
1341846328.234044 -0.052381311 0.613967359 0.293891191 0.003405896 0.052690048 0.041735664 0.997732580
1341846328.265899 -0.051769055 0.604292333 0.290768802 0.005279087 0.050837487 0.041958842 0.997811139
1341846328.302051 -0.046814945 0.585364521 0.287615091 0.007288703 0.050059840 0.042603638 0.997810543
1341846328.333917 -0.052329473 0.566064656 0.286761254 0.010069819 0.050903540 0.044535637 0.997659266
1341846328.366008 -0.048354790 0.556559265 0.285256147 0.015826860 0.049484294 0.043335542 0.997708797
1341846328.402010 -0.047545239 0.538664877 0.279017419 0.027557952 0.051458098 0.045846134 0.997241557
1341846328.433920 -0.040461149 0.535812736 0.271081209 0.033103395 0.048126932 0.048212085 0.997127652
1341846328.470003 -0.035091631 0.516530812 0.265480936 0.032646518 0.046355512 0.042262509 0.997496486
1341846328.502194 -0.033305183 0.481379300 0.263475448 0.032153964 0.048851199 0.032988407 0.997743189
1341846328.534033 -0.030728791 0.463958710 0.262096703 0.033484399 0.051503185 0.030605124 0.997641981
1341846328.570125 -0.034936178 0.439991146 0.256965578 0.034490529 0.052526519 0.031311065 0.997532427
1341846328.602804 -0.022401288 0.385697484 0.235370740 0.035016727 0.045228537 0.037579361 0.997655272
1341846328.672663 -0.022245444 0.355574280 0.239678383 0.046411682 0.033081960 0.032393716 0.997848809
1341846328.702975 -0.013751965 0.340396225 0.246425122 0.049155120 0.028898407 0.031493135 0.997876167
1341846328.770129 -0.022267345 0.314393520 0.239232987 0.059550393 0.028265273 0.025078524 0.997509837
1341846328.802331 -0.004958292 0.287808359 0.231278762 0.057556387 0.022603806 0.028688477 0.997673929
1341846328.838051 -0.010141619 0.280246109 0.228432015 0.062889352 0.021737590 0.025499273 0.997457862
1341846328.869939 -0.015472968 0.279249251 0.231134385 0.064314120 0.021757634 0.021584339 0.997458994
1341846328.904486 -0.019301355 0.262506425 0.229928210 0.059697282 0.019390294 0.021001518 0.997807205
1341846328.939814 -0.012560297 0.228537500 0.226551116 0.060671624 0.016167706 0.020549931 0.997815251
1341846328.970217 -0.005089012 0.227565542 0.229305223 0.065623157 0.013213233 0.025683500 0.997426391
1341846329.006232 -0.004500768 0.218143135 0.227860287 0.066609174 0.010834603 0.030387467 0.997257471
1341846329.038243 0.001804231 0.193747222 0.211657166 0.068764597 0.009557826 0.030737473 0.997113466
1341846329.106125 -0.000024312 0.194462493 0.211248681 0.072970212 0.009574043 0.029345585 0.996856332
1341846329.138340 0.006813635 0.174586415 0.207868353 0.073528089 0.008091167 0.027738074 0.996874511
1341846329.169991 0.004425566 0.175268695 0.203601062 0.075972468 0.007477812 0.026547946 0.996728420
1341846329.208656 0.007834301 0.168451652 0.198090509 0.076491825 0.006324331 0.025395881 0.996726692
1341846329.238169 0.013791732 0.168726236 0.186665893 0.076087110 0.004747138 0.026024856 0.996750176
1341846329.273827 0.012718431 0.153074384 0.186904714 0.073884524 0.003952119 0.026639111 0.996903121
1341846329.306052 0.009360874 0.151272878 0.181666121 0.074511729 0.001712394 0.026053486 0.996878207
1341846329.338104 0.014649375 0.150937393 0.178366706 0.071242645 -0.000020806 0.023266809 0.997187555
1341846329.373907 0.015808037 0.125119731 0.173144057 0.066782981 -0.000809087 0.021872932 0.997527421
1341846329.405985 0.017769340 0.114271693 0.168627664 0.067797929 -0.002510727 0.019352518 0.997508228
1341846329.442057 0.016815316 0.115851864 0.167973995 0.067845516 -0.002762108 0.015755536 0.997567594
1341846329.473950 0.012723178 0.099136092 0.171233997 0.066302434 -0.003505703 0.009226779 0.997750759
1341846329.506147 0.015826017 0.095875546 0.165477604 0.066744074 -0.006002279 0.007123514 0.997726619
1341846329.542121 0.009739400 0.082707278 0.165200487 0.064622059 -0.008316142 0.006816946 0.997851849
1341846329.574086 0.015908169 0.063575283 0.163995251 0.066542409 -0.011112763 0.005422068 0.997706950
1341846329.606387 0.014112548 0.063963473 0.155186802 0.069368102 -0.011097236 0.003766191 0.997522295
1341846329.641955 0.010657392 0.059520457 0.156676605 0.069304563 -0.012069403 0.003929815 0.997514784
1341846329.681570 0.008295095 0.047939025 0.156094491 0.068328448 -0.014845439 0.004010283 0.997544348
1341846329.748113 0.016779507 0.041140571 0.151741952 0.070496894 -0.015571311 0.002014555 0.997388422
1341846329.810175 0.012971047 0.016863691 0.151885003 0.068045981 -0.011916065 0.006683332 0.997588634
1341846329.842255 0.016348833 0.006995417 0.150641635 0.069383971 -0.012395876 0.010475371 0.997457981
1341846329.874044 0.014851749 -0.002996968 0.146675810 0.070795074 -0.012432958 0.013988119 0.997315288
1341846329.910073 0.013477204 0.004028399 0.142408073 0.071557149 -0.012641318 0.015569848 0.997234881
1341846329.942009 0.010968687 0.003794141 0.146389246 0.067216247 -0.012929470 0.020784676 0.997438133
1341846329.978087 0.012034396 -0.018452942 0.145213932 0.064712718 -0.013347694 0.022139134 0.997569025
1341846330.016305 0.017236272 -0.012533740 0.141027555 0.066913553 -0.012779310 0.020333050 0.997469723
1341846330.048192 0.008661240 -0.006513814 0.141494229 0.063461825 -0.010785371 0.021316936 0.997698247
1341846330.080418 0.011788208 -0.029552642 0.139010295 0.058225039 -0.011028024 0.023359252 0.997969210
1341846330.115886 0.013165469 -0.043695271 0.140544042 0.060713001 -0.009458236 0.024088869 0.997819722
1341846330.147839 0.007632252 -0.027034447 0.134907022 0.064072259 -0.009018812 0.025905669 0.997568190
1341846330.181257 0.004643385 -0.012978870 0.135950223 0.060340688 -0.009372753 0.028829971 0.997717381
1341846330.215852 0.010564714 -0.031171465 0.134341955 0.052870568 -0.009001216 0.029059127 0.998137891
1341846330.247833 0.004622068 -0.037868824 0.135749891 0.050862987 -0.008312694 0.027849501 0.998282611
1341846330.283913 0.001568032 -0.023832140 0.131288573 0.048173241 -0.008567200 0.028011406 0.998409390
1341846330.316011 -0.000136851 -0.038882378 0.134007782 0.040993124 -0.009254364 0.027174724 0.998746932
1341846330.347868 0.000073087 -0.047391400 0.129520148 0.038482942 -0.011176452 0.026496898 0.998845339
1341846330.383835 0.004012483 -0.049305636 0.130883664 0.036802039 -0.011999317 0.027198963 0.998880267
1341846330.415934 0.001772896 -0.063555002 0.133293048 0.035818852 -0.010867454 0.025018489 0.998985946
1341846330.452561 -0.001275486 -0.066337243 0.128878444 0.038534783 -0.011175227 0.023959726 0.998907447
1341846330.483903 -0.003870035 -0.060911372 0.124279656 0.038918808 -0.013022499 0.026694646 0.998800814
1341846330.515970 -0.003684539 -0.070757017 0.126598731 0.036968153 -0.015323074 0.030558754 0.998731554
1341846330.552099 -0.003497171 -0.073198438 0.125030145 0.038552839 -0.016593533 0.032521080 0.998589337
1341846330.583876 -0.007174093 -0.063067928 0.123342596 0.038534522 -0.016551791 0.032636508 0.998587012
1341846330.619992 -0.010990516 -0.057195500 0.110700428 0.034080006 -0.017565664 0.032181270 0.998746395
1341846330.652136 -0.009476851 -0.062806226 0.117700502 0.027673287 -0.019383295 0.030249529 0.998971164
1341846330.683796 -0.012016097 -0.068247780 0.113606632 0.022687791 -0.019016629 0.029295808 0.999132276
1341846330.719991 -0.015408386 -0.084461361 0.107387058 0.019362761 -0.021421559 0.031024244 0.999101400
1341846330.752103 -0.018530326 -0.087779991 0.104599565 0.021181932 -0.025449866 0.035669424 0.998814940
1341846330.787952 -0.025754398 -0.081662856 0.092060558 0.022451708 -0.029620308 0.038634647 0.998561919
1341846330.819823 -0.020872196 -0.078363299 0.097804688 0.022625890 -0.034343455 0.039327674 0.998379648
1341846330.852208 -0.023634791 -0.072066709 0.095898084 0.022342945 -0.035598014 0.039996643 0.998315454
1341846330.914111 -0.027428545 -0.060560543 0.088888340 0.013581755 -0.038912807 0.039812613 0.998356760
1341846330.949903 -0.031303719 -0.071073703 0.091393173 0.010186799 -0.039817892 0.039840598 0.998360395
1341846330.981986 -0.039857544 -0.072442017 0.082639165 0.010894691 -0.043699905 0.040370841 0.998169184
1341846331.014111 -0.036897723 -0.064457677 0.084404558 0.011102845 -0.048177831 0.040776193 0.997944295
1341846331.082139 -0.039856501 -0.066996768 0.078060605 0.012889670 -0.050724253 0.037423313 0.997928023
1341846331.114334 -0.040616278 -0.065515466 0.075750031 0.012505074 -0.053015895 0.037312053 0.997817993
1341846331.149989 -0.039631132 -0.072276995 0.076891422 0.012668051 -0.053896874 0.035920929 0.997819781
1341846331.181954 -0.041116431 -0.072919123 0.071901731 0.015743770 -0.054302122 0.035333335 0.997774959
1341846331.218151 -0.049123339 -0.059542559 0.069170430 0.016162889 -0.056906622 0.036163975 0.997593343
1341846331.249914 -0.036709651 -0.070550762 0.073104449 0.013292560 -0.059762206 0.035204295 0.997503102
1341846331.318141 -0.029329747 -0.069088899 0.068883069 0.023886390 -0.050174132 0.031089213 0.997970641
1341846331.349926 -0.025365222 -0.066157699 0.071585052 0.023521641 -0.047561374 0.028179018 0.998193681
1341846331.382003 -0.008575861 -0.080089144 0.070804447 0.025652967 -0.041218661 0.026090847 0.998479962
1341846331.418008 -0.017580412 -0.073486120 0.070919417 0.032653164 -0.030321997 0.027315075 0.998633146
1341846331.450327 -0.018493030 -0.067336604 0.083805397 0.034936130 -0.026391929 0.027043492 0.998674929
1341846331.486219 -0.026707903 -0.060275607 0.096044727 0.035496324 -0.023684956 0.028217664 0.998690546
1341846331.518344 -0.014863146 -0.065516718 0.097170033 0.033653479 -0.023660455 0.026979841 0.998789132
1341846331.550202 -0.008896134 -0.068434216 0.103430793 0.035386235 -0.019775853 0.027488785 0.998799801
1341846331.586139 -0.021320622 -0.056821499 0.112128429 0.038798701 -0.016973859 0.025544357 0.998776257
1341846331.617931 -0.013296128 -0.053529747 0.115855455 0.037939303 -0.017570356 0.025735974 0.998794079
1341846331.654027 -0.005815943 -0.061528217 0.131661475 0.038180783 -0.015500459 0.026672266 0.998794556
1341846331.686123 -0.013829809 -0.050421488 0.134092525 0.041074414 -0.012106196 0.028225208 0.998683989
1341846331.717954 -0.018307101 -0.039181106 0.137911692 0.038549989 -0.012799274 0.028084800 0.998779893
1341846331.754076 -0.005033129 -0.053039648 0.152197063 0.035466380 -0.013170181 0.026976164 0.998919904
1341846331.785920 -0.007653899 -0.053964015 0.162752405 0.038273502 -0.010025710 0.025543414 0.998890460
1341846331.818053 -0.014011700 -0.039743003 0.173602134 0.039050490 -0.008072924 0.027312335 0.998831272
1341846331.853849 -0.009934125 -0.050609082 0.184787035 0.037551001 -0.007647556 0.024965372 0.998953521
1341846331.885987 -0.002305811 -0.052803680 0.199905410 0.040281758 -0.005674355 0.023264784 0.998901367
1341846331.922014 -0.005366128 -0.044654164 0.210364833 0.042551380 -0.002161243 0.022144523 0.998846531
1341846331.954037 0.001235858 -0.044137061 0.213647619 0.042340092 0.000140321 0.022846820 0.998842001
1341846331.986135 0.010332493 -0.056594439 0.224353135 0.043948937 0.005075726 0.025046807 0.998706877
1341846332.022364 -0.004781920 -0.054954201 0.239318654 0.051464513 0.011320905 0.024104103 0.998319685
1341846332.054175 -0.006575921 -0.051811077 0.254531622 0.057357360 0.011308087 0.026481871 0.997938395
1341846332.086502 -0.000988969 -0.049764764 0.265196621 0.060068406 0.010792303 0.028352648 0.997733176
1341846332.122051 -0.002612645 -0.045421425 0.274065077 0.061959047 0.012129543 0.027106209 0.997636855
1341846332.153983 -0.011436615 -0.028726658 0.292333812 0.060689323 0.011558359 0.026374906 0.997741222
1341846332.190165 -0.009006559 -0.030979460 0.306382477 0.054681975 0.010026885 0.022733813 0.998194635
1341846332.254145 -0.009756945 -0.049483959 0.329669863 0.053746961 0.010444783 0.020678449 0.998285830
1341846332.289948 -0.012381858 -0.043815266 0.341417581 0.055997685 0.010327936 0.022347420 0.998127401
1341846332.322172 -0.011736335 -0.046797931 0.350971937 0.056522649 0.009834272 0.024097640 0.998062015
1341846332.354003 -0.003028993 -0.052261237 0.354455888 0.058572974 0.011091857 0.021624709 0.997987270
1341846332.390180 -0.003287694 -0.038054995 0.371006936 0.061167475 0.015714221 0.019168895 0.997819722
1341846332.422055 -0.008999224 -0.029385434 0.389216423 0.059725448 0.018104333 0.017094066 0.997904241
1341846332.458114 -0.005143549 -0.033896398 0.397524804 0.058721311 0.020259652 0.013054078 0.997983456
1341846332.489993 -0.013536667 -0.026312437 0.410739481 0.060349494 0.022626081 0.014692649 0.997812688
1341846332.522130 -0.019440591 -0.022145078 0.431520700 0.059888694 0.018850254 0.021383621 0.997797966
1341846332.558114 -0.015189928 -0.027340248 0.434889376 0.059452079 0.013294537 0.027962731 0.997750878
1341846332.589874 -0.006295524 -0.014675368 0.436013013 0.060199585 0.009882271 0.032582071 0.997605503
1341846332.621889 -0.003534663 -0.008668061 0.442998052 0.056237310 0.009749438 0.033978697 0.997791469
1341846332.658202 0.000655877 -0.012601733 0.456310421 0.052200440 0.010115437 0.032899402 0.998043299
1341846332.690001 -0.000933921 -0.010206077 0.462326437 0.050261904 0.011460381 0.033510052 0.998107970
1341846332.726000 -0.005991231 -0.014004976 0.474025398 0.048973415 0.010926841 0.036760643 0.998063564
1341846332.758386 0.003268224 -0.012058392 0.482466519 0.049786817 0.007485569 0.038708311 0.997981429
1341846332.789937 0.009106901 -0.002872583 0.493459404 0.049606204 0.008448383 0.036687691 0.998059034
1341846332.825925 0.009315413 -0.016151385 0.507407725 0.045621563 0.011204186 0.034688380 0.998293459
1341846332.857898 0.008455432 -0.016195193 0.514762163 0.046467304 0.012602547 0.033535160 0.998277187
1341846332.894069 0.012327955 -0.003778454 0.526448548 0.047074154 0.012227851 0.034324098 0.998226583
1341846332.926029 0.019867538 -0.000280645 0.535327971 0.043588534 0.012256745 0.032540068 0.998444259
1341846332.958015 0.023670360 0.000310007 0.541117430 0.040575925 0.014135462 0.030088227 0.998623312
1341846332.994073 0.023909476 0.003793903 0.551478684 0.037741732 0.015477824 0.028119041 0.998771906
1341846333.026545 0.027059574 0.003693368 0.558206320 0.035122201 0.016678004 0.025546927 0.998917222
1341846333.057998 0.038350761 0.004226189 0.566033661 0.034025587 0.017753981 0.026629221 0.998908341
1341846333.094024 0.039146472 0.004419345 0.574075103 0.034415264 0.019427503 0.030360527 0.998757422
1341846333.126095 0.044129081 0.010120396 0.579884708 0.035463225 0.020791642 0.032328941 0.998631477
1341846333.161973 0.046979964 0.014363680 0.584674835 0.034357201 0.023494126 0.033756971 0.998562992
1341846333.195660 0.046409223 0.015728597 0.590804577 0.031917237 0.025873885 0.035332613 0.998530626
1341846333.226331 0.050001755 0.017156649 0.597286522 0.030664856 0.026128499 0.035030670 0.998573899
1341846333.262056 0.050698798 0.024892785 0.600558817 0.028005978 0.026718020 0.032801300 0.998712122
1341846333.294147 0.052477472 0.020640586 0.604474366 0.024157299 0.026341086 0.032775171 0.998823464
1341846333.326100 0.057224270 0.024358446 0.610822439 0.022925394 0.024426704 0.031173350 0.998952448
1341846333.362100 0.065315403 0.033792607 0.607917368 0.020532195 0.022976629 0.031113582 0.999040723
1341846333.394119 0.062902570 0.025231520 0.612799048 0.016388070 0.022381876 0.030572426 0.999147534
1341846333.429974 0.064567551 0.029844277 0.613666415 0.016347297 0.020470377 0.030323004 0.999196768
1341846333.462115 0.071423173 0.026042260 0.617385328 0.015628386 0.019777635 0.029229593 0.999254823
1341846333.494040 0.068860881 0.025740370 0.617598712 0.016546097 0.021317860 0.027814513 0.999248743
1341846333.529953 0.075095445 0.027599320 0.616735220 0.017694745 0.021561041 0.027559288 0.999230981
1341846333.562063 0.070185654 0.031291187 0.619648993 0.019160172 0.024674805 0.028921276 0.999093413
1341846333.594090 0.064153507 0.037464742 0.621470273 0.018166304 0.024461197 0.029968975 0.999086320
1341846333.629994 0.064709626 0.038572349 0.622039974 0.014553891 0.021784004 0.028937617 0.999237835
1341846333.662127 0.066019848 0.038117126 0.618865192 0.011425721 0.020531042 0.028450275 0.999319017
1341846333.697964 0.066372506 0.028499573 0.619211853 0.008807765 0.020700041 0.028988341 0.999326587
1341846333.730092 0.065920576 0.025072839 0.613686562 0.010727103 0.020893531 0.029870549 0.999277771
1341846333.762089 0.063343599 0.030019106 0.614133537 0.012885618 0.022060094 0.030876080 0.999196649
1341846333.798006 0.045212157 0.027926821 0.612596333 0.014481471 0.025753472 0.029699901 0.999122083
1341846333.830055 0.062656961 0.029090185 0.607063711 0.017092742 0.023796748 0.028551912 0.999162853
1341846333.866045 0.058545783 0.029193215 0.600688338 0.018259170 0.025612261 0.026869155 0.999143958
1341846333.897987 0.056305736 0.023368994 0.596518040 0.019218322 0.025719710 0.025733495 0.999153078
1341846333.930099 0.057650503 0.022019295 0.592550099 0.022177620 0.026257010 0.024562428 0.999107301
1341846333.965889 0.057403475 0.021126345 0.585448742 0.024136122 0.026995759 0.024557434 0.999042392
1341846333.997985 0.056321826 0.018617917 0.581037581 0.026930425 0.027939722 0.024303425 0.998951197
1341846334.030076 0.052211724 0.021564201 0.574109375 0.030336333 0.029498572 0.025012864 0.998791218
1341846334.066000 0.045794357 0.018926192 0.568052471 0.031680018 0.029790618 0.026684130 0.998697579
1341846334.097932 0.047343697 0.017354753 0.558786750 0.033429358 0.029461212 0.026098551 0.998665750
1341846334.133884 0.043909281 0.016772538 0.553826571 0.034860067 0.030582080 0.026445139 0.998574078
1341846334.166115 0.034944266 0.017712396 0.546933115 0.035361916 0.030148124 0.026764072 0.998561144
1341846334.198072 0.037217729 0.016339544 0.538287163 0.035582177 0.028011017 0.026368713 0.998626053
1341846334.234097 0.038326316 0.018631794 0.533425629 0.036348041 0.028285436 0.025039619 0.998624980
1341846334.266045 0.032228474 0.016818557 0.527474344 0.036312979 0.030250410 0.025559625 0.998555422
1341846334.297946 0.025613859 0.014936473 0.519222319 0.037299410 0.029084058 0.026866559 0.998519421
1341846334.334036 0.024070680 0.016944859 0.513157248 0.037848651 0.027457928 0.027186243 0.998536170
1341846334.365871 0.024572387 0.018274505 0.503188431 0.037480440 0.027370889 0.025694914 0.998591900
1341846334.401845 0.020169847 0.017447866 0.498964339 0.036150891 0.028434876 0.024514342 0.998640895
1341846334.433864 0.011862995 0.012987070 0.492000341 0.035882778 0.028066004 0.024742283 0.998655379
1341846334.466105 0.013948959 0.014239565 0.481643051 0.036401119 0.025874248 0.026029199 0.998663068
1341846334.502142 0.006083243 0.017486483 0.477797389 0.035727803 0.025094753 0.026250714 0.998701453
1341846334.540153 0.000006197 0.017395239 0.465473413 0.035614558 0.024883468 0.024944948 0.998744309
1341846334.602351 -0.011068873 0.023455745 0.448945016 0.031113090 0.021553099 0.017998762 0.999121368
1341846334.670161 -0.014811859 0.020613816 0.435731620 0.026177382 0.018916741 0.011326366 0.999414146
1341846334.702085 -0.022120725 0.018792920 0.428477049 0.024958106 0.017053744 0.011409299 0.999477923
1341846334.734751 -0.022934485 0.017641041 0.420548528 0.025140531 0.014407731 0.013783408 0.999485075
1341846334.770889 -0.026708143 0.016583551 0.409845740 0.024802640 0.012935822 0.016498065 0.999472499
1341846334.802194 -0.029276367 0.016413376 0.397544950 0.024358144 0.010259590 0.017052837 0.999505162
1341846334.833908 -0.029880051 0.020487109 0.391286850 0.024547722 0.008673790 0.015232261 0.999544978
1341846334.869874 -0.031368446 0.020518495 0.378931582 0.022724206 0.008139371 0.015381917 0.999590278
1341846334.902006 -0.039184287 0.016921557 0.367351383 0.020784127 0.007081957 0.015830595 0.999633551
1341846334.938010 -0.042976212 0.017994730 0.362938195 0.020564357 0.004108054 0.015274450 0.999663353
1341846334.970032 -0.038221240 0.016579762 0.354544163 0.020507172 0.002755063 0.014437039 0.999681652
1341846335.002203 -0.043388553 0.012323606 0.343295097 0.021811711 0.003344885 0.015992356 0.999628603
1341846335.037880 -0.051584017 0.013321523 0.326864660 0.024461564 0.000664294 0.018148487 0.999535799
1341846335.069990 -0.048953991 0.016054519 0.323157966 0.024639662 -0.002359510 0.018329697 0.999525547
1341846335.106038 -0.045327783 0.013495006 0.313477963 0.024801949 -0.001704003 0.016262615 0.999558628
1341846335.138045 -0.049767766 0.010244684 0.300871044 0.026244976 -0.000480272 0.015370337 0.999537230
1341846335.169900 -0.056632861 0.015535469 0.286687732 0.026805038 -0.002619608 0.015479401 0.999517381
1341846335.206091 -0.054913718 0.016008388 0.280441225 0.026202504 -0.004843190 0.013376310 0.999555409
1341846335.239365 -0.051320899 0.009123973 0.271559954 0.025487535 -0.004160273 0.011264261 0.999603033
1341846335.269948 -0.053178288 0.008165965 0.259226620 0.027173953 -0.002943317 0.009710673 0.999579191
1341846335.305972 -0.060939375 0.007201682 0.247994974 0.028889148 -0.003948796 0.010974877 0.999514580
1341846335.338012 -0.060902063 0.006497664 0.241991401 0.030420957 -0.005324183 0.011793175 0.999453425
1341846335.374005 -0.055152752 -0.005064311 0.234478325 0.033862107 -0.004209791 0.013008452 0.999332964
1341846335.406025 -0.058420960 0.000121618 0.221519351 0.041139212 -0.001396009 0.014666137 0.999044776
1341846335.438079 -0.059832610 0.007167190 0.207921758 0.046658833 -0.000729329 0.018351337 0.998742044
1341846335.473998 -0.058420375 0.008681558 0.192090794 0.048594765 0.000583161 0.020814797 0.998601496
1341846335.507038 -0.058791388 0.015053229 0.187979162 0.050292663 0.003402184 0.017032320 0.998583496
1341846335.538040 -0.064230971 0.021957196 0.180006579 0.049946420 0.006051611 0.015082058 0.998619676
1341846335.574119 -0.071712106 0.023581343 0.171248227 0.047480341 0.006318568 0.015463131 0.998732507
1341846335.605970 -0.070066608 0.016645133 0.162218928 0.045672793 0.005259606 0.014856693 0.998832107
1341846335.641978 -0.067743972 0.015447296 0.145359635 0.046305131 0.005961257 0.013671089 0.998815954
1341846335.673993 -0.067771569 0.016411707 0.131691784 0.046428271 0.006519377 0.012345809 0.998824060
1341846335.706178 -0.075634532 0.019124279 0.124168657 0.045727592 0.005509745 0.014485785 0.998833716
1341846335.741982 -0.070262633 0.018570453 0.120495565 0.046340477 0.005077601 0.012413041 0.998835683
1341846335.773960 -0.076014884 0.023525683 0.111760043 0.046829913 0.005972187 0.011766501 0.998815715
1341846335.806271 -0.078160495 0.028475752 0.099475868 0.045097522 0.005521293 0.011502106 0.998901069
1341846335.842031 -0.074170895 0.022887200 0.090497412 0.042637583 0.005764231 0.012402213 0.998996973
1341846335.873966 -0.075424351 0.020813022 0.079927593 0.043462250 0.007423662 0.011377565 0.998962700
1341846335.910005 -0.084817909 0.025914283 0.066226453 0.043272145 0.008061871 0.013256642 0.998942852
1341846335.941936 -0.087992042 0.024102606 0.054490235 0.042074144 0.006020265 0.014168212 0.998995900
1341846335.974198 -0.086550638 0.025062911 0.047603898 0.042125620 0.005145005 0.011871707 0.999028563
1341846336.010032 -0.090171002 0.025584027 0.035708252 0.041745726 0.005216187 0.010830534 0.999055922
1341846336.042129 -0.094482481 0.027348263 0.025102314 0.040952720 0.003800386 0.011695863 0.999085426
1341846336.078076 -0.097111017 0.024796722 0.018435871 0.040813960 0.002048136 0.010526691 0.999109209
1341846336.110739 -0.097948417 0.028838497 0.016171895 0.041629467 0.001836427 0.009211407 0.999088943
1341846336.142002 -0.103353970 0.025248980 -0.004793713 0.041053466 0.002152195 0.010172037 0.999102831
1341846336.183953 -0.107262067 0.028816538 -0.013681605 0.041077703 -0.000400466 0.011023420 0.999095023
1341846336.241891 -0.101981893 0.028709540 -0.028170532 0.039013933 -0.001640983 0.010462080 0.999182522
1341846336.277946 -0.110854261 0.022244651 -0.034601383 0.038991947 -0.000902204 0.012681890 0.999158680
1341846336.309977 -0.114318483 0.021843929 -0.042746753 0.041647840 -0.003298027 0.015260563 0.999010324
1341846336.346143 -0.115333997 0.027561422 -0.053745795 0.043866571 -0.004580279 0.015831292 0.998901486
1341846336.377975 -0.114277996 0.024949640 -0.069494016 0.044239491 -0.004576683 0.015811965 0.998885334
1341846336.410032 -0.120213710 0.031661570 -0.070085876 0.045747217 -0.003672696 0.016059013 0.998817205
1341846336.446041 -0.123188294 0.035098679 -0.080961019 0.045404468 -0.004075397 0.015893530 0.998833954
1341846336.477990 -0.121415034 0.031841740 -0.089066148 0.044124924 -0.004237755 0.015669169 0.998894155
1341846336.510056 -0.121537484 0.031205036 -0.091658570 0.044384159 -0.003816911 0.016603567 0.998869300
1341846336.546024 -0.124921970 0.030684631 -0.101695865 0.045235090 -0.003485062 0.018013896 0.998807847
1341846336.578003 -0.126131579 0.037786599 -0.110686637 0.045463722 -0.003980851 0.019769266 0.998762429
1341846336.614020 -0.125236049 0.039780971 -0.109398782 0.044872046 -0.003404698 0.018850921 0.998809040
1341846336.645982 -0.129818797 0.044353645 -0.118997380 0.044138670 -0.001938917 0.018050775 0.998860419
1341846336.678036 -0.135116458 0.039486155 -0.123153113 0.042043459 -0.003838945 0.019034255 0.998927057
1341846336.714024 -0.137597218 0.033963595 -0.122514024 0.043188222 -0.005782474 0.019002119 0.998869479
1341846336.746016 -0.142753258 0.028900055 -0.128095016 0.046690669 -0.007527735 0.020693207 0.998666644
1341846336.778014 -0.150521457 0.035667758 -0.147063002 0.049664661 -0.011071133 0.023455516 0.998429120
1341846336.820006 -0.149464235 0.041846409 -0.147774458 0.050647821 -0.015111423 0.026295662 0.998255968
1341846336.882056 -0.151171744 0.040453993 -0.162238628 0.053161833 -0.017108344 0.024337806 0.998142660
1341846336.914273 -0.157072470 0.035304379 -0.153290033 0.055067271 -0.021431310 0.027217666 0.997881472
1341846336.945998 -0.154838517 0.035018194 -0.165584788 0.061659750 -0.028140992 0.029387992 0.997267544
1341846336.981980 -0.156357005 0.048442423 -0.187483847 0.065263242 -0.031862710 0.027009211 0.996993482
1341846337.014238 -0.160227880 0.057287581 -0.178468868 0.062860116 -0.034397535 0.025006525 0.997115850
1341846337.046017 -0.156048626 0.052501068 -0.178625956 0.060231827 -0.035866417 0.020348044 0.997332275
1341846337.082104 -0.159553722 0.051293656 -0.192009643 0.059375778 -0.036109749 0.017469645 0.997429371
1341846337.114317 -0.164565518 0.052010484 -0.191895902 0.057665486 -0.038210649 0.017180029 0.997456491
1341846337.150037 -0.158904642 0.049570877 -0.192329168 0.055859745 -0.040374331 0.015541235 0.997500896
1341846337.181873 -0.156077638 0.050056510 -0.193870425 0.055572145 -0.040361449 0.012620344 0.997558713
1341846337.214073 -0.158133462 0.060611807 -0.197265893 0.053820960 -0.038908292 0.010819976 0.997733593
1341846337.250087 -0.172938928 0.044603519 -0.209636822 0.050185658 -0.039360844 0.011871779 0.997893393
1341846337.282028 -0.170169339 0.044473976 -0.213840097 0.051362768 -0.043809686 0.014895928 0.997607529
1341846337.317920 -0.162133858 0.051907256 -0.209114939 0.051482517 -0.045664243 0.015250605 0.997512817
1341846337.350018 -0.165362343 0.058972340 -0.209948555 0.050314147 -0.044932693 0.015146961 0.997607172
1341846337.382159 -0.160333917 0.051544070 -0.208572313 0.047168750 -0.044951271 0.013243202 0.997787058
1341846337.417941 -0.163640484 0.043197125 -0.212580979 0.047478758 -0.044202946 0.014098673 0.997794092
1341846337.450137 -0.165357709 0.048758905 -0.224588692 0.048267081 -0.045955684 0.015082602 0.997662723
1341846337.482096 -0.163203076 0.047048185 -0.220931500 0.046718169 -0.046350576 0.015916718 0.997705221
1341846337.518008 -0.164055064 0.041698352 -0.223427162 0.047407668 -0.046684161 0.015826818 0.997658551
1341846337.549978 -0.164190650 0.050867975 -0.227795824 0.048167143 -0.047413245 0.013956703 0.997615695
1341846337.585971 -0.163976192 0.048107505 -0.223246425 0.045345202 -0.047804195 0.013234628 0.997739196
1341846337.617903 -0.160255447 0.034148864 -0.218296528 0.045819230 -0.048684534 0.013534631 0.997670889
1341846337.650141 -0.161991432 0.049456187 -0.223320693 0.049176063 -0.048805226 0.012845667 0.997514307
1341846337.686352 -0.163719058 0.054179531 -0.226429686 0.047548454 -0.048353065 0.013022098 0.997612894
1341846337.718002 -0.160753116 0.049697328 -0.216292411 0.045529943 -0.048178021 0.013110918 0.997714400
1341846337.749920 -0.156948745 0.053701825 -0.215938106 0.045514263 -0.046345491 0.012317947 0.997812033
1341846337.786157 -0.154545844 0.059058115 -0.213711441 0.042588837 -0.043766990 0.012868509 0.998050630
1341846337.817945 -0.151758730 0.054151300 -0.202824742 0.039939467 -0.041896667 0.014149631 0.998223066
1341846337.854071 -0.150532708 0.059264898 -0.200521335 0.039060291 -0.038501043 0.013104403 0.998408854
1341846337.885951 -0.152821079 0.063331246 -0.197805911 0.036094669 -0.036083419 0.011747551 0.998627603
1341846337.918223 -0.149536416 0.062537529 -0.190542072 0.031692240 -0.034973100 0.009290751 0.998842478
1341846337.954120 -0.152928174 0.064037867 -0.179765105 0.029714242 -0.033254951 0.008561173 0.998968422
1341846337.985994 -0.148904487 0.068527550 -0.180855811 0.026964691 -0.032683361 0.009131023 0.999060214
1341846338.018107 -0.146529987 0.065344356 -0.166311651 0.023505999 -0.031118253 0.009963891 0.999189615
1341846338.054055 -0.142530203 0.070008285 -0.164940506 0.021324037 -0.029857041 0.009152083 0.999284804
1341846338.085986 -0.138148397 0.067474358 -0.154386178 0.017718788 -0.026970334 0.009183311 0.999437034
1341846338.121875 -0.140024439 0.063212864 -0.148258373 0.015600020 -0.024438996 0.011061258 0.999518394
1341846338.154089 -0.143172204 0.062584020 -0.142446905 0.014633059 -0.023658391 0.014348741 0.999509990
1341846338.186029 -0.134722680 0.061977040 -0.132941529 0.013388941 -0.024818195 0.017087232 0.999456286
1341846338.222071 -0.131902903 0.069373600 -0.122904219 0.012670821 -0.023481300 0.015793927 0.999519229
1341846338.254107 -0.132410675 0.064954378 -0.110448435 0.010511653 -0.021610709 0.016413344 0.999576449
1341846338.290130 -0.128966853 0.063399591 -0.100227408 0.011023184 -0.021929797 0.018639609 0.999524951
1341846338.321952 -0.131965056 0.066988431 -0.098500356 0.011186158 -0.020580640 0.019938827 0.999526799
1341846338.354022 -0.130206138 0.064001553 -0.087752759 0.010335989 -0.020050844 0.020383213 0.999537706
1341846338.389969 -0.130618840 0.072552174 -0.079882592 0.010493658 -0.019037267 0.020613139 0.999551177
1341846338.422377 -0.129320532 0.067332201 -0.067835733 0.008222518 -0.018733831 0.020717656 0.999576032
1341846338.454010 -0.128758937 0.071199343 -0.060115423 0.007546957 -0.019160381 0.020020174 0.999587476
1341846338.489894 -0.127718940 0.068439387 -0.046957750 0.005623159 -0.019560944 0.019889373 0.999594986
1341846338.522066 -0.126033008 0.067580320 -0.037621781 0.006452116 -0.019227991 0.019340537 0.999607265
1341846338.558058 -0.125852421 0.074976675 -0.035477396 0.006151870 -0.019215198 0.018643558 0.999622643
1341846338.589842 -0.118259981 0.073180169 -0.018701505 0.003907977 -0.020100899 0.018807407 0.999613404
1341846338.622019 -0.113610141 0.068806984 -0.003589608 0.004332734 -0.019396320 0.020405583 0.999594212
1341846338.657984 -0.117206387 0.076848745 -0.001447549 0.005077573 -0.019155415 0.021925855 0.999563158
1341846338.690198 -0.109835789 0.080227748 0.010468220 0.003391480 -0.020502949 0.021516526 0.999552488
1341846338.722454 -0.105194122 0.072752357 0.021882260 0.002100872 -0.019556960 0.022114521 0.999561965
1341846338.757945 -0.111700207 0.080050178 0.027090803 0.002684225 -0.018924123 0.023578757 0.999539256
1341846338.790039 -0.107415654 0.080891900 0.043490037 0.000730560 -0.021344727 0.023958748 0.999484777
1341846338.826048 -0.097229704 0.078062564 0.060248177 0.000745264 -0.021176198 0.022733990 0.999516964
1341846338.858027 -0.103758678 0.082051083 0.054655746 0.000787014 -0.018839212 0.021379812 0.999593616
1341846338.889902 -0.099426948 0.081534080 0.069033630 -0.001807900 -0.020250877 0.021242665 0.999567568
1341846338.925948 -0.091742568 0.081094868 0.081987008 -0.002363659 -0.020197632 0.019841708 0.999596298
1341846338.958108 -0.089597963 0.082146883 0.095707402 -0.002011402 -0.018174011 0.019064752 0.999651015
1341846338.990057 -0.087629050 0.076505393 0.107860573 -0.002303868 -0.018288687 0.020279311 0.999624431
1341846339.025928 -0.084255859 0.075866759 0.117851920 -0.000210914 -0.017303474 0.020249382 0.999645233
1341846339.057939 -0.081987023 0.079111710 0.124896787 0.002529480 -0.015088265 0.020876953 0.999665022
1341846339.093927 -0.086720601 0.086371616 0.132385835 0.001838592 -0.015177544 0.022092726 0.999639034
1341846339.126562 -0.080043852 0.092059836 0.137550265 -0.000889475 -0.016485842 0.020379685 0.999655962
1341846339.157969 -0.072766952 0.092788883 0.158481568 -0.003282243 -0.014290757 0.018120358 0.999728322
1341846339.194113 -0.080886222 0.094633795 0.164979994 -0.005182127 -0.012448165 0.019689865 0.999715209
1341846339.228165 -0.077852339 0.096802056 0.170985639 -0.008573093 -0.014600735 0.021924041 0.999616265
1341846339.257998 -0.068344340 0.097531117 0.193472952 -0.010918526 -0.014504244 0.021861946 0.999596119
1341846339.294132 -0.070146732 0.100639142 0.198716164 -0.010891812 -0.011864344 0.023385797 0.999596775
1341846339.326577 -0.073728539 0.108730190 0.200503841 -0.014363126 -0.013424505 0.025510533 0.999481201
1341846339.362269 -0.068322174 0.102537140 0.209081873 -0.019010773 -0.015628781 0.022769032 0.999437809
1341846339.394725 -0.058370773 0.107277885 0.222746432 -0.019492706 -0.014618437 0.022801941 0.999443054
1341846339.462186 -0.051280692 0.104696795 0.244086742 -0.023373144 -0.015957408 0.023006104 0.999334693
1341846339.496743 -0.037167575 0.103135318 0.254526407 -0.020781433 -0.013386843 0.021708043 0.999458730
1341846339.562052 -0.042931896 0.101860873 0.272354245 -0.019665858 -0.009110091 0.023493933 0.999489009
1341846339.595122 -0.031914148 0.101993069 0.280966759 -0.017730057 -0.009431914 0.022790950 0.999538541
1341846339.632085 -0.029517785 0.105742484 0.289120406 -0.016006410 -0.005656042 0.020788237 0.999639809
1341846339.664568 -0.034485284 0.108235434 0.295268476 -0.015280372 -0.001992024 0.017398430 0.999729872
1341846339.698896 -0.027046310 0.101943374 0.306454420 -0.016209928 -0.001872640 0.017786259 0.999708652
1341846339.731977 -0.024855822 0.103699580 0.315379083 -0.015704835 -0.001529197 0.016221832 0.999743879
1341846339.762241 -0.021899449 0.100743532 0.323109567 -0.015605457 -0.000226519 0.015944052 0.999751091
1341846339.797873 -0.020809721 0.097805738 0.330139816 -0.016083498 0.000200619 0.017281555 0.999721229
1341846339.830245 -0.014509252 0.098214112 0.339671016 -0.016161233 -0.000867755 0.017561400 0.999714792
1341846339.862015 -0.015092877 0.101111561 0.346240550 -0.016184581 -0.000171950 0.016543198 0.999732137
1341846339.897797 -0.005643530 0.098952822 0.351643115 -0.017524995 -0.000057447 0.017032102 0.999701321
1341846339.929916 -0.005351803 0.092597686 0.361762583 -0.018461565 0.001139501 0.018931175 0.999649644
1341846339.961960 -0.002110989 0.093074366 0.371750832 -0.017043250 0.000428828 0.019757422 0.999659419
1341846339.997845 0.002370510 0.094316073 0.373578876 -0.015477867 0.001316593 0.019076349 0.999697328
1341846340.029925 0.005525125 0.091847494 0.379354417 -0.014891885 0.003559492 0.020728379 0.999667883
1341846340.066044 0.008365121 0.089803785 0.386402190 -0.013204798 0.004651609 0.022400051 0.999651015
1341846340.098009 0.006753100 0.092457622 0.389696538 -0.012033217 0.005684537 0.023096407 0.999644637
1341846340.130102 0.009799200 0.093083039 0.398245275 -0.012648231 0.005513000 0.021741403 0.999668419
1341846340.166041 0.016242065 0.089890786 0.404022574 -0.011985347 0.007272251 0.019797547 0.999705732
1341846340.197867 0.018300755 0.090346880 0.411522448 -0.010894197 0.009411505 0.020181319 0.999692678
1341846340.229904 0.020953430 0.094617143 0.419253469 -0.011718797 0.008939769 0.019915417 0.999693036
1341846340.265859 0.025656641 0.089044891 0.425300568 -0.012791097 0.009852187 0.018948806 0.999690115
1341846340.298061 0.027414273 0.091387466 0.433276057 -0.010283610 0.012182271 0.019814933 0.999676526
1341846340.334063 0.021482956 0.096303001 0.435453445 -0.010874413 0.012136373 0.021678077 0.999632180
1341846340.366064 0.027286591 0.089087762 0.444126725 -0.013392746 0.009793705 0.020800218 0.999645948
1341846340.397995 0.033899840 0.087632559 0.446611196 -0.011709803 0.009748214 0.020626651 0.999671161
1341846340.433895 0.032085616 0.091605961 0.453331649 -0.010479691 0.009906810 0.021852059 0.999657214
1341846340.465959 0.032410294 0.088978387 0.456854224 -0.010237082 0.007680145 0.023643255 0.999638557
1341846340.501858 0.039958000 0.089211635 0.454609483 -0.009477307 0.003543395 0.023578960 0.999670744
1341846340.534329 0.041930471 0.091033734 0.455194533 -0.008699653 0.002257413 0.023032585 0.999694288
1341846340.566041 0.047120307 0.086653687 0.456275731 -0.007849996 0.000993545 0.024209367 0.999675572
1341846340.601909 0.053719178 0.086853899 0.455928177 -0.005473982 -0.000034520 0.024476828 0.999685407
1341846340.634005 0.054348689 0.090797849 0.451690972 -0.004293908 -0.000393454 0.023329783 0.999718547
1341846340.666028 0.058584094 0.088481739 0.448929608 -0.004702338 -0.000175601 0.020868322 0.999771178
1341846340.701946 0.062122177 0.086489394 0.448222101 -0.002955279 0.000974290 0.018997703 0.999814689
1341846340.733954 0.063463815 0.090178870 0.445221424 -0.001670411 0.002739781 0.017438399 0.999842763
1341846340.770081 0.064050235 0.090130389 0.443127811 -0.002385383 0.003128252 0.014666510 0.999884725
1341846340.801980 0.070898362 0.089568533 0.440572113 -0.002355344 0.003363121 0.009672778 0.999944806
1341846340.833999 0.069516420 0.095019408 0.440903515 -0.001825100 0.006029010 0.005491675 0.999965072
1341846340.870013 0.068696231 0.092614815 0.441222370 -0.003474244 0.005773562 0.004039690 0.999969125
1341846340.901955 0.071032770 0.088875502 0.439465344 -0.002930061 0.005320259 0.004074054 0.999973238
1341846340.933918 0.068428390 0.090637110 0.437470526 -0.000849812 0.005079682 0.006899144 0.999962926
1341846340.970122 0.065765686 0.089770615 0.433810592 0.000150863 0.002598309 0.011440018 0.999931157
1341846341.001922 0.065182239 0.085972376 0.432001948 0.001117574 -0.001198492 0.016429158 0.999863684
1341846341.037923 0.068343945 0.088505976 0.428968012 0.002705332 -0.004086022 0.019437389 0.999799073
1341846341.070300 0.070564404 0.088864394 0.427804828 0.003235568 -0.005269337 0.019532504 0.999790072
1341846341.102028 0.067736097 0.088127658 0.423943728 0.003040325 -0.006214436 0.019339871 0.999789059
1341846341.137982 0.069546543 0.087764576 0.422946870 0.003170950 -0.008357771 0.019529253 0.999769330
1341846341.170048 0.068451203 0.086861558 0.419507176 0.003583273 -0.008453676 0.020493329 0.999747813
1341846341.202110 0.068416372 0.082995549 0.416222245 0.004636603 -0.008720005 0.022167396 0.999705493
1341846341.237996 0.071200237 0.085493900 0.414079428 0.006676375 -0.008920473 0.022825439 0.999677360
1341846341.269883 0.069826134 0.085724257 0.412354946 0.007905365 -0.008341725 0.023183396 0.999665201
1341846341.306107 0.068332106 0.086614199 0.409175247 0.008552615 -0.008842537 0.022544939 0.999670148
1341846341.338109 0.069207005 0.084890954 0.404860079 0.009167341 -0.008297051 0.020351855 0.999716401
1341846341.370120 0.069982305 0.084486954 0.407005370 0.009667473 -0.007389348 0.017866682 0.999766290
1341846341.406074 0.065562323 0.083339781 0.402857810 0.009553532 -0.006444664 0.017260496 0.999784589
1341846341.438113 0.065359324 0.078733288 0.404146165 0.010385496 -0.008322702 0.017307796 0.999761641
1341846341.470024 0.069336183 0.080536768 0.396942139 0.013363540 -0.008777121 0.015400638 0.999753594
1341846341.506077 0.064663082 0.088172004 0.398960143 0.013913033 -0.007536971 0.014722558 0.999766409
1341846341.538156 0.058687061 0.082462378 0.397340566 0.012428888 -0.008554955 0.014873933 0.999775529
1341846341.574016 0.063482910 0.083956473 0.398880124 0.013707823 -0.011364822 0.015547873 0.999720573
1341846341.612466 0.061807062 0.086924545 0.395105422 0.014350809 -0.011948571 0.016511332 0.999689281
1341846341.643972 0.060473155 0.088103160 0.393862933 0.013519982 -0.013182172 0.015660964 0.999699056
1341846341.679982 0.057300009 0.084284171 0.393432349 0.012972643 -0.014255997 0.015668644 0.999691427
1341846341.712332 0.053526703 0.085055567 0.392404765 0.013847770 -0.016036272 0.018475946 0.999604762
1341846341.744185 0.057191156 0.084578373 0.387701184 0.014084738 -0.018466372 0.020460241 0.999520898
1341846341.780061 0.056580536 0.086830348 0.388005346 0.014795589 -0.018981732 0.022056272 0.999467015
1341846341.842595 0.060186192 0.078944467 0.384218365 0.016400736 -0.020063333 0.026645733 0.999309003
1341846341.906227 0.061258093 0.077225089 0.377917111 0.019733293 -0.020728216 0.031648729 0.999089241
1341846341.942069 0.063065007 0.073570564 0.375230402 0.022781760 -0.020863980 0.033446901 0.998962939
1341846341.974775 0.062744215 0.075232103 0.374584436 0.026295586 -0.020971516 0.034974769 0.998822033
1341846342.010161 0.059904542 0.074176915 0.369433612 0.026720416 -0.021912342 0.036861729 0.998722732
1341846342.042024 0.067746796 0.068209335 0.367187977 0.028013745 -0.023292607 0.036914568 0.998654127
1341846342.080032 0.068659969 0.071137242 0.364663810 0.030233717 -0.020919995 0.036977660 0.998639524
1341846342.112265 0.066150375 0.069678202 0.365074098 0.030575568 -0.020219166 0.039536897 0.998545527
1341846342.147954 0.068356380 0.061355818 0.365324616 0.032081503 -0.021789251 0.041615643 0.998380780
1341846342.179852 0.070619762 0.065940805 0.359866291 0.035659283 -0.021210857 0.042305823 0.998242855
1341846342.211848 0.069850489 0.068418995 0.360613644 0.036386855 -0.020616533 0.042379182 0.998225927
1341846342.247920 0.069949411 0.064472079 0.359116197 0.037310731 -0.020335345 0.040692084 0.998267770
1341846342.279870 0.071783386 0.065721288 0.358981311 0.038798004 -0.020154592 0.041508738 0.998181105
1341846342.316068 0.069433779 0.065117992 0.358411729 0.040114831 -0.019562669 0.042163614 0.998113394
1341846342.347894 0.073449858 0.067840710 0.354548693 0.040610429 -0.020025339 0.042507697 0.998069584
1341846342.379953 0.073577613 0.067248926 0.356291682 0.040766876 -0.019402483 0.042627275 0.998070419
1341846342.416195 0.071035832 0.065140918 0.354630113 0.041068312 -0.018864555 0.043692231 0.998022318
