1341846313.592026 0.000000000 0.000000000 0.000000000 0.000000000 0.000000000 0.000000000 1.000000000
1341846313.654184 0.007754475 -0.002762970 -0.001375375 -0.001320530 -0.003408143 0.005805379 0.999976456
1341846313.686156 0.014231893 -0.000269613 0.002817627 0.000179107 -0.005553552 0.004727013 0.999973357
1341846313.721918 0.020601412 0.004088356 -0.000862917 0.000602462 -0.006666680 0.005577825 0.999962032
1341846313.753994 0.030327605 0.000147096 0.002622378 -0.000439081 -0.007707680 0.007086493 0.999945104
1341846313.789969 0.037766546 0.000565716 0.001060542 0.000762713 -0.008475189 0.005525543 0.999948502
1341846313.822075 0.048241202 0.007368070 -0.001070644 0.001553274 -0.007997980 0.004599988 0.999956250
1341846313.853928 0.057137370 0.004087819 0.002168343 0.000461682 -0.006345145 0.003914950 0.999972105
1341846313.890011 0.059677124 0.008783034 0.000709525 0.000831347 -0.004075985 0.004580974 0.999980867
1341846313.922055 0.062250257 0.011152520 -0.010645970 -0.000873284 -0.003583381 0.006616249 0.999971330
1341846313.957927 0.092039019 0.007757029 -0.000006523 -0.003708899 -0.001051579 0.008343330 0.999957740
1341846313.990058 0.073832884 0.003843499 0.006164711 -0.005503667 0.008372887 0.009937665 0.999900401
1341846314.022042 0.088213325 0.015326066 0.010079612 -0.006418591 0.007128172 0.009855985 0.999905407
1341846314.057816 0.102555275 0.012489946 0.013365665 -0.009855161 0.008773936 0.010896698 0.999853551
1341846314.089801 0.106615230 0.011259790 0.023452716 -0.009073570 0.014480148 0.010243503 0.999801517
1341846314.122037 0.105272107 0.019361088 0.016866650 -0.009844163 0.018943567 0.014059788 0.999673247
1341846314.157989 0.117701732 0.014915968 0.022085637 -0.012310941 0.021141570 0.014331558 0.999597967
1341846314.190094 0.120057270 0.014965660 0.016928554 -0.012083508 0.025708120 0.016029205 0.999467969
1341846314.225969 0.131432235 0.021928307 0.021060590 -0.014121245 0.026412129 0.019799659 0.999355257
1341846314.257923 0.131178156 0.010390824 0.025459273 -0.017464647 0.029131327 0.018786820 0.999246418
1341846314.290052 0.138834700 0.011300229 0.025048330 -0.016095122 0.029822746 0.017413441 0.999273896
1341846314.325981 0.151847094 0.020837333 0.011067537 -0.015475531 0.029861985 0.016821165 0.999292672
1341846314.357905 0.160792336 0.022188593 0.021941539 -0.015659010 0.032425124 0.015456137 0.999231994
1341846314.389899 0.159849659 0.017580647 0.013377381 -0.014935980 0.036046088 0.014750226 0.999129653
1341846314.427905 0.171298161 0.024087360 0.011203664 -0.014302064 0.037003070 0.013396346 0.999122977
1341846314.493987 0.179989710 0.015780011 0.018706294 -0.013924269 0.046827473 0.005470029 0.998790979
1341846314.526085 0.190665185 0.015071889 0.005525872 -0.014117534 0.048037559 0.005139765 0.998732567
1341846314.558292 0.186017275 0.020336373 0.010799548 -0.014388809 0.052916843 0.001185187 0.998494565
1341846314.594085 0.191355824 0.011307580 0.011661300 -0.014031691 0.057465941 0.001278711 0.998248041
1341846314.626096 0.192474484 0.020228783 0.004234895 -0.012719765 0.062065512 0.003318785 0.997985482
1341846314.658455 0.193120971 0.019785179 0.002244351 -0.014766192 0.064677529 0.000150061 0.997796953
1341846314.694004 0.216661885 0.013488246 0.015910642 -0.015261019 0.066063061 0.001601322 0.997697473
1341846314.725910 0.213380501 0.008100789 0.016896004 -0.011600085 0.069976784 0.006520057 0.997459829
1341846314.761942 0.221192986 0.009009311 0.015066558 -0.008122437 0.069527946 0.011188013 0.997484207
1341846314.794030 0.225844130 0.011461328 0.006994527 -0.004589092 0.072168514 0.011238125 0.997318566
1341846314.826092 0.244659126 0.013500148 -0.002010431 -0.002683283 0.074332118 0.013429749 0.997139513
1341846314.862145 0.244815379 0.018462012 -0.003146898 -0.001920258 0.078756548 0.014034543 0.996793270
1341846314.894072 0.257909656 0.016784545 0.005636249 -0.002607242 0.081564203 0.016237894 0.996532440
1341846314.925969 0.269809604 0.017357105 0.001210343 -0.002759110 0.082988672 0.021038011 0.996324658
1341846314.961937 0.268971384 0.031433158 -0.000411171 -0.004069872 0.084134564 0.024852207 0.996136129
1341846314.994564 0.270154595 0.029714616 0.003741130 -0.007501195 0.085569046 0.023404360 0.996029079
1341846315.029900 0.289782405 0.027459018 0.014257181 -0.007863177 0.087283246 0.020796755 0.995935440
1341846315.061965 0.288647324 0.024682436 0.009912338 -0.008843425 0.090129875 0.025193995 0.995572090
1341846315.094388 0.291570008 0.021884672 0.012289915 -0.009034715 0.089347184 0.025520207 0.995632589
1341846315.129851 0.301120818 0.022415133 0.001743805 -0.007017157 0.088898346 0.024159957 0.995722950
1341846315.161941 0.298492908 0.050305836 0.007805161 -0.007203398 0.089859813 0.026503284 0.995575666
1341846315.197984 0.291772366 0.052821945 0.011033770 -0.013014690 0.089156710 0.022284804 0.995683193
1341846315.230076 0.302472323 0.045115136 0.020347204 -0.017683180 0.087419577 0.018107222 0.995850027
1341846315.262069 0.305559188 0.044003692 0.030559912 -0.021162299 0.084601641 0.022315195 0.995940089
1341846315.298000 0.315108448 0.035098981 0.029107496 -0.023937151 0.080020353 0.024585918 0.996202409
1341846315.329931 0.342774630 0.013422719 0.022324234 -0.022774393 0.074860096 0.026243202 0.996588469
1341846315.361981 0.347449005 0.016665155 0.018387780 -0.017381964 0.074059688 0.028473310 0.996695697
1341846315.397962 0.356939822 0.018012477 0.016279962 -0.014192630 0.073492140 0.032513935 0.996664584
1341846315.429923 0.362285852 0.023405373 0.010173164 -0.010690182 0.075259626 0.033896387 0.996530354
1341846315.466047 0.375210822 0.029949382 0.007213052 -0.009198771 0.077808104 0.036556862 0.996255457
1341846315.497883 0.356923729 0.043173343 0.032587864 -0.008714967 0.084489271 0.040017977 0.995582342
1341846315.530008 0.375133544 0.028513374 0.011094254 -0.010379541 0.082931384 0.041664816 0.995629787
1341846315.566108 0.374958038 0.028694680 0.009616382 -0.011117497 0.084580936 0.043532066 0.995403111
1341846315.597986 0.376613587 0.028843129 0.012396626 -0.011028744 0.085919283 0.042873569 0.995318115
1341846315.630109 0.378357440 0.029501881 0.014247231 -0.010869255 0.086988673 0.041394465 0.995289564
1341846315.666042 0.381647408 0.034503758 0.003250420 -0.011371494 0.088357106 0.040743515 0.995190263
1341846315.698114 0.385682523 0.043276276 -0.006757803 -0.015188538 0.091286637 0.038413856 0.994967580
1341846315.733985 0.378052503 0.025831509 0.014884882 -0.020094823 0.094930910 0.039909795 0.994480550
1341846315.766041 0.368368328 0.031293511 0.017964222 -0.019081697 0.093763635 0.041018657 0.994566143
1341846315.798188 0.373760730 0.025793033 0.012546510 -0.020815291 0.092190169 0.040360183 0.994705379
1341846315.834140 0.371528566 0.019390028 0.013244636 -0.020387501 0.094826452 0.038754847 0.994530201
1341846315.866751 0.366205752 0.020491818 0.013384201 -0.017795747 0.096801043 0.037726436 0.994429290
1341846315.898492 0.365607053 0.019455273 0.019360155 -0.016640514 0.097076938 0.037864964 0.994417131
1341846315.936901 0.359524637 0.010238843 0.008540228 -0.014911204 0.099247053 0.036004402 0.994299412
1341846315.966572 0.353326470 0.010493096 0.011338890 -0.011595941 0.100940615 0.035621874 0.994186938
1341846316.034204 0.342441171 0.007497810 0.005777523 -0.008058776 0.101239160 0.034324650 0.994237125
1341846316.066113 0.328786016 0.005324196 0.005119912 -0.005751957 0.102479383 0.034197312 0.994130492
1341846316.101867 0.321134329 0.010212403 -0.002667442 -0.003965876 0.101389281 0.036161836 0.994181454
1341846316.134066 0.312157154 0.014459646 -0.000505734 -0.004133623 0.098747864 0.033045355 0.994555056
1341846316.202049 0.298917770 0.006014673 0.002283815 -0.004432805 0.094192378 0.028159857 0.995145798
1341846316.233979 0.291397810 0.005381180 -0.009547122 -0.004136429 0.093528286 0.026544731 0.995254099
1341846316.270052 0.291091651 0.011457737 -0.003432222 -0.004577632 0.093977235 0.023771374 0.995279968
1341846316.301915 0.288693041 0.002051884 0.001855884 -0.005298944 0.094608314 0.023539137 0.995222151
1341846316.334208 0.282492012 0.001621009 0.003787167 -0.003698103 0.093863040 0.025511889 0.995251298
1341846316.370006 0.274588436 -0.001089763 0.002648354 -0.001822346 0.092941724 0.025448687 0.995344579
1341846316.401994 0.263820976 0.000033752 0.000109389 -0.000041606 0.092961304 0.027017910 0.995303094
1341846316.438069 0.261465251 -0.004892289 0.003525078 0.001736317 0.092134662 0.029423503 0.995310247
1341846316.470076 0.253259242 -0.010138392 0.001408763 0.005615377 0.091617063 0.032044102 0.995262742
1341846316.502034 0.227974087 0.010921443 -0.003475510 0.010292164 0.091629736 0.029809721 0.995293617
1341846316.537975 0.219212890 0.011222781 -0.005167440 0.007702514 0.088955522 0.027678765 0.995621145
1341846316.570121 0.211856335 0.000091528 0.000785429 0.006593035 0.089090414 0.024105068 0.995710015
1341846316.601885 0.204762742 -0.004120280 0.002212390 0.008270520 0.088554181 0.022942005 0.995772779
1341846316.638009 0.198237151 -0.002631943 0.002388183 0.010739964 0.087375052 0.024369325 0.995819509
1341846316.669925 0.212776884 -0.002802236 0.013035458 0.013164045 0.083927840 0.025161641 0.996067107
1341846316.705941 0.182596013 -0.009918796 0.000212081 0.016959306 0.087364502 0.024196424 0.995738149
1341846316.738062 0.169295266 -0.002945335 -0.004612274 0.019631805 0.087396242 0.026741737 0.995621085
1341846316.770433 0.173987642 0.009576620 0.005521793 0.020005191 0.084688418 0.028533693 0.995797932
1341846316.805932 0.170780271 0.003563953 0.015453527 0.020356454 0.084571883 0.027632099 0.995826125
1341846316.838029 0.165467590 0.003311620 0.025976377 0.021262387 0.082782231 0.029103316 0.995915651
1341846316.870034 0.144674212 0.003181145 0.024768380 0.021990553 0.081051826 0.029890360 0.996018887
1341846316.906344 0.140223980 0.001693620 0.023057841 0.022856221 0.077656075 0.028734982 0.996303856
1341846316.937940 0.140537724 0.004132108 0.015935831 0.022968257 0.075620614 0.027095715 0.996503770
1341846316.973994 0.126798853 0.008255390 0.020587340 0.022798447 0.074760206 0.026606103 0.996585786
1341846317.005913 0.121587798 0.001672381 0.020410085 0.020962764 0.071612030 0.027423007 0.996835113
1341846317.037936 0.114780255 0.002691389 0.021189377 0.021810655 0.069146812 0.026459739 0.997016966
1341846317.073972 0.113336645 -0.002119590 0.020445671 0.022433423 0.067003712 0.027958868 0.997108579
1341846317.106113 0.099559054 -0.008498080 0.021463603 0.024047442 0.066415519 0.030813135 0.997026205
1341846317.137887 0.093064860 -0.003279088 0.017350201 0.028053556 0.060128856 0.034624793 0.997195363
1341846317.173970 0.090958804 -0.000440746 0.020141382 0.029429877 0.052273609 0.037696980 0.997486949
1341846317.205887 0.076196119 -0.004507233 0.017179567 0.028996481 0.050382320 0.038816661 0.997554064
1341846317.248131 0.068931192 -0.001707911 0.023425540 0.030851319 0.047777500 0.041142557 0.997533381
1341846317.306289 0.056881968 -0.016897239 0.015233415 0.029991435 0.042216755 0.045637399 0.997614861
1341846317.348137 0.053774778 -0.023283752 0.013837890 0.030458596 0.043260336 0.046836033 0.997500479
1341846317.410120 0.044037919 -0.013765479 0.022893136 0.033248436 0.042276628 0.053432737 0.997121930
1341846317.442569 0.037710849 -0.021549784 0.025429793 0.035190042 0.042680129 0.054950051 0.996955633
1341846317.474010 0.031468496 -0.021176193 0.028218005 0.040916804 0.042834129 0.058526259 0.996526837
1341846317.509927 0.011375306 -0.011716670 0.020950267 0.044658326 0.042281501 0.061163235 0.996231377
1341846317.542282 0.013943763 -0.010368511 0.018707536 0.043945692 0.038320974 0.062709570 0.996327162
1341846317.573943 0.004170898 -0.017207025 0.018922832 0.043076519 0.040053278 0.061608132 0.996365666
1341846317.610159 -0.006975645 -0.020886082 0.022131318 0.045667429 0.042440005 0.062031507 0.996125221
1341846317.643553 -0.033165623 -0.019115834 0.000613784 0.047910217 0.043907657 0.062225197 0.995944142
1341846317.677993 -0.041248817 -0.020018961 0.006448659 0.048787206 0.040701345 0.064388730 0.995900273
1341846317.709996 -0.043183085 -0.017825365 0.014684956 0.051745623 0.037229605 0.064036228 0.995909452
1341846317.741834 -0.050969243 -0.014147233 0.015967950 0.051815212 0.036495678 0.065461650 0.995840311
1341846317.777923 -0.047515858 -0.014293017 0.020764273 0.049924958 0.033525351 0.062775463 0.996214211
1341846317.810021 -0.059215967 -0.018234596 0.027137851 0.049310829 0.032630399 0.060909525 0.996390283
1341846317.841886 -0.076281905 -0.004182231 0.016283851 0.050544105 0.033365142 0.060099505 0.996353388
1341846317.878017 -0.080352321 -0.006111015 0.030386075 0.047581624 0.032405771 0.056776378 0.996725798
1341846317.909910 -0.084633067 -0.012273051 0.029527700 0.046014577 0.033883478 0.052604292 0.996979117
1341846317.946031 -0.096056037 -0.014105478 0.030192329 0.047361281 0.035047047 0.054625899 0.996767104
1341846317.978041 -0.108093224 -0.020707637 0.034298468 0.048597585 0.034291975 0.054066382 0.996764362
1341846318.009897 -0.107044116 -0.016570996 0.031211140 0.051285774 0.033789612 0.051908497 0.996761560
1341846318.045949 -0.123323359 -0.008686665 0.032535449 0.052281834 0.035784706 0.050676163 0.996703565
1341846318.078074 -0.144978613 -0.016319165 0.021717548 0.050515898 0.035468172 0.047423370 0.996965945
1341846318.109894 -0.152601227 -0.015090361 0.012240969 0.050502356 0.031413864 0.045170762 0.997207284
1341846318.145957 -0.158570051 -0.022315891 0.021348447 0.048766233 0.029539209 0.042305205 0.997476578
1341846318.178001 -0.155832991 -0.016164698 0.025897190 0.049301427 0.028659971 0.041607104 0.997505307
1341846318.214074 -0.165457010 -0.026167419 0.024673730 0.049052607 0.026599001 0.041638289 0.997573376
1341846318.245970 -0.171246305 -0.023975026 0.038498547 0.052792352 0.020774782 0.041847900 0.997511983
1341846318.278018 -0.170040444 -0.016802691 0.038169071 0.057744887 0.014714329 0.043052327 0.997294128
1341846318.313937 -0.191651970 -0.017040998 0.049767390 0.058983263 0.010466211 0.040533479 0.997380793
1341846318.345989 -0.194916904 -0.022972668 0.055537816 0.059735194 0.001030096 0.039335385 0.997438431
1341846318.382046 -0.202537552 -0.024528127 0.062043194 0.061600905 -0.005420309 0.039103333 0.997319877
1341846318.414072 -0.226823181 -0.036359888 0.024380062 0.061759062 -0.011755782 0.040705085 0.997191429
1341846318.446035 -0.237467989 -0.042747732 0.032064319 0.063048132 -0.016714271 0.039513081 0.997087896
1341846318.482196 -0.246427670 -0.035088919 0.024054874 0.065570310 -0.018647654 0.039984304 0.996872127
1341846318.514144 -0.248474583 -0.033556130 0.025465470 0.065902501 -0.020722099 0.041216258 0.996759117
1341846318.546259 -0.254349470 -0.035499573 0.034721170 0.067345120 -0.021112541 0.040227540 0.996694863
1341846318.582042 -0.262436956 -0.030128300 0.028867725 0.069429755 -0.021187834 0.040796023 0.996527135
1341846318.614115 -0.279143810 -0.031955540 0.023113662 0.068511963 -0.020519638 0.039358582 0.996662438
1341846318.650038 -0.278946966 -0.027244503 0.031398762 0.068892926 -0.021972192 0.036310792 0.996720850
1341846318.682350 -0.292531133 -0.025911903 0.028723791 0.068938814 -0.021960689 0.035275389 0.996755123
1341846318.714063 -0.299084246 -0.026174732 0.031820111 0.068085365 -0.023249250 0.033537496 0.996844590
1341846318.749905 -0.305305928 -0.028745739 0.027857492 0.069039486 -0.023339249 0.035250902 0.996717751
1341846318.782036 -0.322008610 -0.027492022 0.018902550 0.070689350 -0.023495145 0.036245272 0.996562719
1341846318.814121 -0.328787237 -0.030478057 0.036043033 0.070649706 -0.028846687 0.036584891 0.996412635
1341846318.850072 -0.335196286 -0.035796270 0.031659205 0.070551343 -0.034788702 0.034789816 0.996294141
1341846318.883516 -0.349031508 -0.050135158 0.030754089 0.071854800 -0.041371398 0.032912713 0.996013105
1341846318.918047 -0.334933281 -0.036135368 0.012749672 0.076127335 -0.057296630 0.031266812 0.994959354
1341846318.950044 -0.367869020 -0.056243643 0.030528188 0.075924829 -0.062708691 0.030358562 0.994676530
1341846318.982028 -0.372002125 -0.057089694 0.025416721 0.077151805 -0.066654608 0.028173143 0.994389772
1341846319.018123 -0.388564259 -0.046696790 0.025440320 0.078092419 -0.072036229 0.025767593 0.994006217
1341846319.050745 -0.391169429 -0.048866060 0.014919795 0.079608120 -0.078619517 0.024232816 0.993425488
1341846319.081905 -0.384509444 -0.044203959 0.018158443 0.085682929 -0.079549715 0.022321651 0.992890716
1341846319.117976 -0.407480270 -0.034058645 0.008352920 0.088452682 -0.077542558 0.026976673 0.992691040
1341846319.150093 -0.415765077 -0.039591447 0.009151623 0.090167716 -0.082555838 0.034369588 0.991903782
1341846319.186069 -0.412378371 -0.025809566 0.005074687 0.092725091 -0.084338501 0.034211658 0.991523385
1341846319.218149 -0.416325629 -0.009654631 0.002798595 0.090515420 -0.079226315 0.032385767 0.992210269
1341846319.250034 -0.432228565 -0.008437137 -0.001225147 0.084898636 -0.072183259 0.031178661 0.993282199
1341846319.286594 -0.438337535 -0.027333561 0.019185863 0.081110157 -0.069482304 0.036630649 0.993605316
1341846319.318034 -0.444690675 -0.030485786 0.012153637 0.081699781 -0.068640046 0.039167218 0.993518829
1341846319.350268 -0.464064330 -0.026631773 0.011419207 0.083378688 -0.067089677 0.044151984 0.993276179
1341846319.386163 -0.474094242 -0.042273637 -0.003246933 0.082238995 -0.071891025 0.056416105 0.992414057
1341846319.418386 -0.474132389 -0.038045954 0.009533189 0.084572494 -0.077870369 0.055298846 0.991829515
1341846319.453961 -0.479538977 -0.032614592 0.001848176 0.085833810 -0.079341643 0.050870806 0.991841555
1341846319.486271 -0.496012062 -0.034996845 -0.001779504 0.084585965 -0.078842804 0.049740706 0.992045820
1341846319.554083 -0.511290312 -0.034194075 0.010106049 0.079891063 -0.085216425 0.048201773 0.991983950
1341846319.586296 -0.524379671 -0.037763413 0.012147844 0.079899438 -0.084350169 0.044876061 0.992213368
1341846319.622031 -0.538694263 -0.036984865 -0.017120078 0.078108691 -0.087216504 0.041950807 0.992236078
1341846319.653962 -0.544727266 -0.043109685 -0.008998625 0.077178679 -0.092239559 0.041111853 0.991889656
1341846319.686352 -0.553659439 -0.044877581 -0.011379689 0.078776136 -0.095670834 0.043549255 0.991334856
1341846319.721992 -0.555629075 -0.038283519 -0.020583510 0.079861157 -0.100275174 0.044060644 0.990770280
1341846319.754063 -0.565329611 -0.022126853 -0.019085810 0.078174710 -0.102057502 0.042931948 0.990772307
1341846319.786397 -0.567564070 -0.029403923 -0.014858082 0.072905876 -0.102407344 0.047815230 0.990914345
1341846319.822008 -0.578393221 -0.031076137 -0.023460351 0.069471449 -0.102415428 0.051446028 0.990978360
1341846319.853917 -0.579194665 -0.026552061 -0.009593852 0.064944699 -0.104029879 0.055672146 0.990888834
1341846319.889942 -0.581708193 -0.038413860 -0.003668189 0.060882904 -0.104880162 0.060976297 0.990744829
1341846319.922039 -0.588322282 -0.048562035 -0.006276205 0.059731502 -0.109497324 0.063776039 0.990138948
1341846319.953946 -0.587906897 -0.047420360 0.005593657 0.060876027 -0.115764469 0.058117263 0.989704549
1341846319.990054 -0.588382959 -0.042547472 0.003357962 0.064037219 -0.118723795 0.050753925 0.989559472
1341846320.028122 -0.591171861 -0.048102349 -0.007086232 0.065439008 -0.122141846 0.050146148 0.989082634
1341846320.090047 -0.576347411 -0.031093072 0.009349883 0.072288670 -0.130297691 0.049999315 0.987571239
1341846320.122011 -0.566697598 -0.031467743 0.007243454 0.072810970 -0.128357753 0.051420510 0.987713933
1341846320.157952 -0.559981585 -0.035625052 0.007346094 0.072679743 -0.125732780 0.051873498 0.988037467
1341846320.190003 -0.542935133 -0.036092110 0.016162217 0.075950749 -0.123082742 0.049819205 0.988230824
1341846320.221941 -0.542997837 -0.037530478 0.008427426 0.079754494 -0.118822053 0.050520562 0.988417029
1341846320.258015 -0.531322122 -0.040240742 0.017704450 0.083664738 -0.118846677 0.053544369 0.987931550
1341846320.289887 -0.518441677 -0.047668129 0.029185504 0.088606499 -0.120341621 0.053943835 0.987297773
1341846320.321954 -0.510178208 -0.052025661 0.008583553 0.097127706 -0.120629624 0.053378567 0.986491501
1341846320.357890 -0.493960828 -0.045451611 0.023305781 0.102253050 -0.121019967 0.055844951 0.985788941
1341846320.390064 -0.476252466 -0.038506091 0.002965830 0.104795896 -0.117254183 0.054335270 0.986061335
1341846320.426544 -0.454817384 -0.040505335 0.017399803 0.107277669 -0.110769883 0.051300287 0.986706555
1341846320.458122 -0.453074872 -0.044183530 0.036621995 0.108267657 -0.103136010 0.048779421 0.987553358
1341846320.490186 -0.439218283 -0.047038488 0.016087234 0.111350968 -0.095204480 0.048220940 0.988034308
1341846320.525911 -0.420206577 -0.050260928 0.000917323 0.114433333 -0.088125274 0.046226811 0.988434076
1341846320.558091 -0.409267902 -0.044861779 0.010394946 0.115359932 -0.085077420 0.043991126 0.988695502
1341846320.594093 -0.396087140 -0.036775935 0.045339927 0.118182011 -0.080974221 0.037631076 0.988969207
1341846320.631955 -0.377850443 -0.045756254 0.013131302 0.119047247 -0.073057227 0.039781053 0.989397705
1341846320.664916 -0.365334600 -0.042673223 0.019208357 0.119091339 -0.071249016 0.038417768 0.989578128
1341846320.699927 -0.343991458 -0.037140731 0.040938076 0.120598756 -0.068822294 0.033674963 0.989740074
1341846320.731822 -0.332100123 -0.033132888 0.036522176 0.122813314 -0.062014863 0.032818656 0.989946485
1341846320.763877 -0.339203089 -0.006695095 0.028278206 0.121622451 -0.060398459 0.034026742 0.990152597
1341846320.799999 -0.318909407 -0.026585199 0.041449398 0.113676280 -0.062418792 0.028352069 0.991149724
1341846320.831871 -0.286039442 -0.034528077 -0.003285358 0.115054257 -0.050831359 0.024694433 0.991750419
1341846320.863887 -0.325221747 -0.013892131 0.025219731 0.114705145 -0.040904786 0.024902383 0.992244661
1341846320.900014 -0.306058228 -0.030475665 0.034355685 0.106451839 -0.047222361 0.030954160 0.992713392
1341846320.931889 -0.274378866 -0.037028767 0.036290351 0.107958212 -0.047830943 0.029478071 0.992566526
1341846320.967866 -0.282490104 -0.011622828 0.031869754 0.108717464 -0.041364085 0.026155759 0.992867291
1341846321.000017 -0.279076397 -0.019133305 0.034978908 0.102094665 -0.041147962 0.024262562 0.993627131
1341846321.031860 -0.260414660 -0.030257232 0.029675089 0.099453129 -0.040936265 0.022637779 0.993942082
1341846321.068047 -0.253473967 -0.021903668 0.029846298 0.100379914 -0.037342750 0.019894142 0.994049072
1341846321.099840 -0.251050442 -0.023130894 0.024256084 0.097870961 -0.035804246 0.020576632 0.994341969
1341846321.131821 -0.226203695 -0.040936567 0.030992486 0.096940540 -0.034930706 0.024437845 0.994376779
1341846321.167887 -0.220405236 -0.035439231 0.029544126 0.099768147 -0.030912291 0.025199963 0.994211078
1341846321.200042 -0.218001068 -0.033654325 0.025523251 0.099958800 -0.028070366 0.025051409 0.994280040
1341846321.231950 -0.205681890 -0.037850127 0.031133948 0.099353939 -0.027541867 0.023849808 0.994384944
1341846321.267939 -0.186778322 -0.031028522 0.027274653 0.100228161 -0.026145536 0.018963272 0.994440138
1341846321.299948 -0.179586977 -0.033086941 0.036744025 0.098935716 -0.021754755 0.012902183 0.994772315
1341846321.331858 -0.177009821 -0.037259899 0.038313374 0.098891288 -0.018599182 0.009474147 0.994879246
1341846321.367913 -0.158301249 -0.045648322 0.032578431 0.099749446 -0.016533839 0.005339781 0.994860888
1341846321.399897 -0.153561562 -0.041391559 0.029106632 0.101701535 -0.011093115 0.004232282 0.994744062
1341846321.435994 -0.149010539 -0.040964238 0.040925410 0.103743069 -0.007594560 0.003346863 0.994569480
1341846321.467946 -0.138134792 -0.042101596 0.037178062 0.105301373 -0.005266882 0.004111409 0.994417906
1341846321.499882 -0.125524580 -0.041763704 0.037666280 0.106661730 -0.002656355 0.004962621 0.994279385
1341846321.536109 -0.099522941 -0.034924660 0.021683756 0.106359728 0.001454594 0.002244411 0.994324088
1341846321.568960 -0.111036710 -0.025893247 0.046002753 0.103869818 0.009354829 -0.000709110 0.994546652
1341846321.603938 -0.111870520 -0.033908326 0.041640077 0.100175261 0.012011070 -0.002588121 0.994893968
1341846321.637163 -0.058791753 -0.024464730 0.010750891 0.097883463 0.013720104 -0.001719184 0.995101810
1341846321.668306 -0.084954262 -0.022769049 0.049651399 0.093496487 0.025861915 0.000482165 0.995283544
1341846321.704411 -0.103829481 -0.031410005 0.047638327 0.089830749 0.028095009 0.009022765 0.995519817
1341846321.736861 -0.093977503 -0.028128475 0.048577119 0.089112148 0.025408583 0.016641142 0.995558381
1341846321.771881 -0.078511380 -0.015850199 0.051532816 0.087080777 0.024812104 0.020774929 0.995675504
1341846321.804114 -0.071020603 -0.021703269 0.056470092 0.082348116 0.026914857 0.023606895 0.995960414
1341846321.836152 -0.070917502 -0.013006385 0.058340769 0.079970330 0.029687051 0.023671925 0.996073842
1341846321.871882 -0.068276495 -0.005409461 0.058716435 0.074934997 0.030895988 0.020513799 0.996498525
1341846321.904074 -0.058965895 -0.008155304 0.061826855 0.068609037 0.031701382 0.017969416 0.996977925
1341846321.939847 -0.057465002 -0.010777504 0.067949370 0.064572588 0.034997445 0.015508277 0.997178555
1341846322.004094 -0.063078210 -0.014258143 0.073809691 0.057678130 0.033301279 0.015226056 0.997663498
1341846322.066178 -0.043450475 -0.021447813 0.069056898 0.052665703 0.037254374 0.012459028 0.997839272
1341846322.107979 -0.049840137 -0.036030989 0.075988010 0.049957946 0.039826751 0.011258990 0.997893393
1341846322.166164 -0.048290569 -0.058114324 0.070999391 0.052640088 0.039393600 0.011204466 0.997773349
1341846322.202932 -0.045313194 -0.061249588 0.067729250 0.054182224 0.036722641 0.011649925 0.997787535
1341846322.234093 -0.046247888 -0.065152191 0.066063479 0.053131849 0.035487942 0.009615309 0.997910380
1341846322.265941 -0.045518894 -0.075313069 0.069669574 0.050537188 0.032422502 0.010495754 0.998140574
1341846322.301996 -0.037661623 -0.090146184 0.067846179 0.048386265 0.030343143 0.011108157 0.998305857
1341846322.333949 -0.047566835 -0.105335027 0.060761683 0.047281921 0.029140616 0.010142667 0.998404920
1341846322.369871 -0.034333263 -0.119618364 0.062596828 0.048076410 0.022793032 0.006850176 0.998560011
1341846322.402292 -0.022838091 -0.132971928 0.056320522 0.049968928 0.023742294 0.000090835 0.998468518
1341846322.433955 -0.031755731 -0.147107273 0.060965262 0.054752767 0.026079571 -0.002545872 0.998156011
1341846322.470030 -0.027742241 -0.150847614 0.062486820 0.063732713 0.021187322 0.001280994 0.997741282
1341846322.502433 -0.011751188 -0.168568522 0.061074872 0.069025263 0.016872259 0.005361933 0.997457802
1341846322.534002 -0.019137505 -0.186583161 0.064449169 0.077540793 0.017865218 0.004996094 0.996816576
1341846322.570196 -0.022748657 -0.192764699 0.064101547 0.087286800 0.018170593 0.007397220 0.995989978
1341846322.601920 -0.024887875 -0.201783851 0.053997129 0.092252530 0.014900299 0.011015084 0.995563209
1341846322.638119 -0.008473847 -0.214326829 0.056205325 0.097646549 0.010520693 0.010949131 0.995105326
1341846322.669947 -0.003093027 -0.216688484 0.058964208 0.102904685 0.013807772 0.009028791 0.994554400
1341846322.702026 -0.012540419 -0.228265762 0.059259407 0.105519347 0.015892195 0.011723639 0.994221151
1341846322.738006 -0.008588254 -0.230898321 0.056626741 0.106674060 0.013021680 0.013725745 0.994114041
1341846322.770087 0.001589010 -0.251815379 0.060335286 0.106058709 0.013149170 0.013884961 0.994175971
1341846322.806047 -0.008000880 -0.265214205 0.061351053 0.109539881 0.013576177 0.015455902 0.993769467
1341846322.838063 -0.009995990 -0.268501520 0.059503667 0.111754023 0.009163605 0.017445656 0.993540525
1341846322.870081 -0.003098428 -0.282262504 0.064319476 0.113692582 0.003718987 0.018602159 0.993334830
1341846322.906018 0.008473272 -0.283964247 0.072932661 0.118974559 0.001682556 0.019013938 0.992713809
1341846322.938349 0.007766793 -0.268234342 0.072985083 0.120436296 0.002744257 0.020151690 0.992512703
1341846322.970069 0.005521569 -0.278479040 0.069345161 0.114808634 0.002600007 0.021533230 0.993150771
1341846323.011820 0.014073809 -0.294742525 0.069421738 0.111761883 0.002372026 0.022258209 0.993482828
1341846323.073951 0.009679979 -0.296758741 0.072635844 0.108964883 0.002578805 0.026550006 0.993687570
1341846323.105962 0.009999618 -0.315910816 0.076629326 0.105571106 0.002852543 0.026279068 0.994060338
1341846323.138158 0.010089512 -0.315228015 0.079882860 0.106472336 0.002663053 0.022967631 0.994046748
1341846323.174092 0.008311446 -0.313863933 0.081134990 0.105090305 0.002349023 0.021810453 0.994220674
1341846323.206059 0.018644603 -0.321390033 0.077729046 0.101891458 0.001126676 0.019837840 0.994597018
1341846323.238053 0.025693728 -0.321235627 0.078751624 0.099589817 0.003725758 0.018019082 0.994858384
1341846323.273997 0.000882077 -0.320093095 0.077878334 0.096101888 0.005577470 0.018039078 0.995192349
1341846323.305946 0.008295458 -0.333193213 0.081647024 0.090311468 0.001113360 0.019109473 0.995729566
1341846323.342027 0.032489728 -0.355268508 0.086158976 0.087415911 0.001674469 0.016815813 0.996028543
1341846323.374048 0.010660400 -0.365114033 0.087336138 0.087536126 0.006407079 0.018297911 0.995972693
1341846323.405987 -0.003387247 -0.373863012 0.077777520 0.087632358 0.002845070 0.023220424 0.995878100
1341846323.441956 0.014373085 -0.380958140 0.087717779 0.089122213 -0.002248672 0.025257489 0.995697856
1341846323.473878 0.017698579 -0.392184466 0.088920802 0.093015946 -0.000846926 0.023835495 0.995378911
1341846323.506129 0.018371010 -0.391692549 0.083439812 0.094731472 -0.001175135 0.022591570 0.995245755
1341846323.541972 0.025160711 -0.390032649 0.084450170 0.093803227 -0.001457736 0.020442540 0.995379806
1341846323.573913 0.049578439 -0.411507875 0.084734283 0.092331052 0.001263816 0.014469408 0.995622396
1341846323.609927 0.026138768 -0.404351354 0.078369021 0.094000846 0.008994306 0.009952876 0.995481730
1341846323.642014 0.012659310 -0.414916933 0.080585033 0.092773817 0.011288615 0.010551968 0.995567322
1341846323.674081 0.011159016 -0.427475661 0.078011543 0.092545927 0.009602588 0.013037736 0.995576739
1341846323.710069 0.011707020 -0.447041005 0.074073084 0.093637727 0.008403471 0.017129773 0.995423496
1341846323.742111 0.015135082 -0.451030284 0.074825041 0.098415427 0.005925957 0.018749770 0.994951129
1341846323.774928 0.013157650 -0.445660651 0.069997430 0.102182388 0.003916507 0.015892670 0.994630992
1341846323.810012 0.014937095 -0.451070964 0.070526555 0.103576414 0.002779742 0.012438733 0.994539797
1341846323.842207 0.027145782 -0.460182875 0.067918576 0.104100630 0.002160822 0.007705336 0.994534552
1341846323.878019 0.019257104 -0.476972848 0.065267839 0.104158275 0.001698803 0.003625727 0.994552672
1341846323.909826 0.022820543 -0.490572870 0.066954881 0.107116647 -0.000142642 -0.000178621 0.994246423
1341846323.942459 0.020362861 -0.487404943 0.063995488 0.111191764 -0.000161083 -0.000619548 0.993798733
1341846323.978055 0.016708702 -0.492270261 0.061132804 0.113299944 -0.002904748 0.001491534 0.993555427
1341846324.015934 0.024897601 -0.496799886 0.063537419 0.116905600 -0.005228772 0.001190263 0.993128538
1341846324.047722 0.020171080 -0.482107222 0.061826788 0.121799320 -0.003376185 -0.001221641 0.992548227
1341846324.083904 0.016271161 -0.466896385 0.067719661 0.122448727 -0.001741559 -0.002047405 0.992471218
1341846324.115968 0.020555384 -0.467177242 0.064804919 0.120006248 -0.000428191 -0.003579969 0.992766619
1341846324.151967 0.024046520 -0.462499917 0.058458053 0.119577974 0.002478451 -0.008041422 0.992789149
1341846324.183941 0.026977295 -0.456615537 0.063350707 0.115774676 0.006368797 -0.010131627 0.993203402
1341846324.219984 0.024039671 -0.452764392 0.071154036 0.111649588 0.007974666 -0.009127926 0.993673682
1341846324.251968 0.022621050 -0.453142434 0.071075656 0.110943787 0.008071801 -0.009967620 0.993743896
1341846324.284052 0.016036546 -0.440005451 0.074323207 0.111822806 0.007813022 -0.010722779 0.993639588
1341846324.319880 0.007862278 -0.419844598 0.067887604 0.110980533 0.004623053 -0.011355865 0.993746936
1341846324.351917 0.011455741 -0.403741956 0.070451207 0.107721329 0.001147735 -0.012265085 0.994104803
1341846324.388001 0.023845013 -0.395921230 0.074387088 0.103546955 0.000557657 -0.015973050 0.994496107
1341846324.419908 0.017182823 -0.384091973 0.075762242 0.098881081 0.003241711 -0.018639266 0.994919360
1341846324.452027 0.011442062 -0.382633001 0.080294393 0.094084404 0.003793426 -0.019084593 0.995374024
1341846324.487928 0.007760619 -0.376962960 0.079028010 0.092617199 0.003606704 -0.017148001 0.995547533
1341846324.519985 0.000560892 -0.370533735 0.084349796 0.091112338 0.001570063 -0.012491209 0.995761037
1341846324.556001 0.002001103 -0.355539501 0.086309090 0.089493193 -0.003680975 -0.007740824 0.995950580
1341846324.587888 0.002165230 -0.337592781 0.082606643 0.086662613 -0.006631937 -0.006202358 0.996196330
1341846324.620086 0.002621149 -0.334880590 0.083050884 0.084082484 -0.009157377 -0.008539719 0.996380091
1341846324.655955 0.005772600 -0.320283055 0.086070508 0.083299123 -0.010298528 -0.009474518 0.996426284
1341846324.688082 0.001555877 -0.319488406 0.090168685 0.082236312 -0.009887836 -0.008739696 0.996525466
1341846324.755922 -0.014045745 -0.284163535 0.096768409 0.084322713 -0.012429505 -0.004999235 0.996348441
1341846324.814016 0.008865458 -0.245579720 0.096887216 0.080123380 -0.019378893 -0.007706015 0.996566772
1341846324.849979 -0.007459674 -0.244025499 0.105768561 0.073741063 -0.015057479 -0.010786409 0.997105420
1341846324.881924 -0.012473976 -0.240540788 0.109136432 0.070675254 -0.016331688 -0.010319450 0.997312307
1341846324.913902 -0.006932518 -0.232063144 0.110580541 0.069619589 -0.018195225 -0.007543764 0.997379124
1341846324.949999 -0.008641798 -0.234305859 0.111736357 0.069786780 -0.018221874 -0.004154521 0.997386873
1341846324.981922 -0.018979777 -0.228229553 0.111619279 0.074207395 -0.020240730 -0.000466752 0.997037292
1341846325.018013 -0.020002050 -0.216148436 0.109572724 0.078555129 -0.025201997 0.001433247 0.996590137
1341846325.050079 -0.021924891 -0.201109126 0.101512313 0.080580145 -0.030316684 0.000466648 0.996286869
1341846325.081901 -0.021448381 -0.178511292 0.102067947 0.080384120 -0.035474192 -0.002256647 0.996129990
1341846325.118531 -0.006975423 -0.165384114 0.099802107 0.076348886 -0.037947278 -0.003121448 0.996353924
1341846325.149933 -0.012206219 -0.165066853 0.105286434 0.070284352 -0.035245661 -0.005220997 0.996890485
1341846325.181925 -0.016119694 -0.158707902 0.108562835 0.067087717 -0.033932529 -0.002519328 0.997166753
1341846325.218055 -0.017072164 -0.154161647 0.113197915 0.064205341 -0.033891551 0.001240013 0.997360289
1341846325.249811 -0.019134492 -0.144842058 0.113741606 0.062312897 -0.033878684 0.005141751 0.997468293
1341846325.285925 -0.015574398 -0.137876645 0.112602636 0.059345629 -0.034710038 0.008640527 0.997596443
1341846325.317988 -0.001948556 -0.138780400 0.117074318 0.057026546 -0.033168063 0.010963661 0.997761309
1341846325.349844 -0.008802284 -0.141062453 0.122448929 0.059843693 -0.027716110 0.012676409 0.997742414
1341846325.387302 -0.008659369 -0.126692891 0.121238843 0.065138102 -0.024991555 0.015374865 0.997444749
1341846325.417931 0.002692159 -0.122207597 0.122767538 0.067580581 -0.020542828 0.018416541 0.997332335
1341846325.450747 0.004083435 -0.127239883 0.118304484 0.071909979 -0.012136072 0.018906042 0.997158110
1341846325.485954 -0.009893735 -0.107112266 0.126580760 0.081614316 -0.004573893 0.020718820 0.996438146
1341846325.517875 -0.015356188 -0.099026948 0.131248981 0.084920548 -0.001741663 0.023994613 0.996097267
1341846325.553859 -0.014874760 -0.091833860 0.134822696 0.088038608 0.001892945 0.023488576 0.995838344
1341846325.585855 -0.019767838 -0.074101061 0.132114574 0.090605102 0.004986744 0.021382177 0.995644867
1341846325.617990 -0.023727192 -0.049086776 0.131486624 0.088753834 0.006356306 0.020897361 0.995814085
1341846325.653982 -0.028775904 -0.066540919 0.138514012 0.084764577 0.008625309 0.017128643 0.996216476
1341846325.685819 -0.029468955 -0.060884640 0.135261759 0.090835162 0.010013801 0.018635878 0.995641172
1341846325.717857 -0.034802295 -0.049309626 0.146436691 0.095188230 0.011375677 0.025203299 0.995075166
1341846325.754083 -0.037785873 -0.049175687 0.141664594 0.097946845 0.011644098 0.029587002 0.994683623
1341846325.786087 -0.036496699 -0.042723179 0.140923351 0.104433604 0.012230974 0.030629992 0.993984818
1341846325.821856 -0.035345331 -0.026675779 0.145368338 0.108334355 0.013594203 0.032540124 0.993488848
1341846325.853827 -0.044050258 -0.019670285 0.146010071 0.109070294 0.014653761 0.036068495 0.993271351
1341846325.885958 -0.050972417 -0.005793454 0.143877923 0.109898113 0.012133179 0.041825704 0.992988348
1341846325.921984 -0.045151509 -0.003681213 0.151255250 0.108644634 0.007896448 0.045944810 0.992986977
1341846325.953899 -0.035979208 0.001193482 0.156556726 0.111822367 0.007900994 0.047622506 0.992554963
1341846325.985823 -0.039728276 0.013579745 0.155077651 0.114533946 0.010920851 0.051715754 0.992012203
1341846326.021991 -0.046536818 0.017280445 0.161587253 0.117493145 0.011521423 0.057115372 0.991362929
1341846326.054055 -0.042428702 0.029591743 0.161296412 0.122812785 0.010543680 0.060717020 0.990514636
1341846326.089984 -0.036172923 0.046787914 0.156333238 0.125423968 0.012064460 0.059746545 0.990229070
1341846326.121822 -0.037553109 0.053549405 0.160391361 0.124608129 0.016160762 0.058326393 0.990358353
1341846326.154079 -0.042519230 0.056002665 0.167645589 0.125048161 0.018809030 0.056848947 0.990342081
1341846326.190178 -0.048851628 0.070643924 0.173603877 0.128066003 0.018736614 0.058342613 0.989870787
1341846326.222162 -0.041938368 0.081627779 0.162033468 0.126427054 0.016497066 0.065969415 0.989642382
1341846326.259181 -0.040536489 0.095114231 0.165984482 0.123595096 0.013721199 0.069811210 0.989778996
1341846326.322766 -0.035996057 0.117339745 0.176538944 0.116591111 0.012943232 0.067936316 0.990769207
1341846326.359773 -0.034790058 0.121193379 0.178139240 0.112422265 0.014514600 0.066374063 0.991334975
1341846326.392109 -0.033689965 0.115636811 0.181328058 0.110500045 0.016490676 0.067243144 0.991461635
1341846326.423985 -0.039262652 0.125572085 0.188907042 0.115287051 0.017547311 0.071832426 0.990576148
1341846326.459869 -0.042493079 0.140278637 0.187053278 0.117438026 0.015044587 0.075879246 0.990062773
1341846326.526163 -0.026869165 0.172325790 0.186575398 0.117682986 0.015815973 0.075368501 0.990060687
1341846326.560211 -0.034543913 0.176442444 0.202764943 0.112358898 0.020340797 0.075375065 0.990595937
1341846326.591828 -0.039117124 0.181364059 0.207867756 0.109292813 0.022546645 0.076575406 0.990799129
1341846326.627027 -0.031866562 0.193818212 0.198935837 0.108923450 0.023344602 0.076973274 0.990790486
1341846326.658442 -0.028612664 0.212041348 0.202960908 0.107204534 0.026907060 0.075223893 0.991021991
1341846326.694856 -0.035731468 0.219497308 0.205332950 0.103267647 0.030913794 0.075432949 0.991307199
1341846326.726206 -0.035018276 0.236191139 0.206756860 0.098061338 0.031896915 0.073617250 0.991941035
1341846326.762753 -0.027168237 0.249238253 0.205797762 0.091771848 0.033833388 0.070978895 0.992670774
1341846326.826821 -0.028979074 0.280754209 0.216038868 0.077433616 0.039443851 0.067819081 0.993905842
1341846326.858887 -0.034591071 0.278844267 0.220362708 0.068486974 0.041057300 0.065898217 0.994626224
1341846326.895360 -0.043571450 0.273944020 0.229340032 0.065615162 0.041409262 0.066889405 0.994739056
1341846326.926897 -0.044378944 0.279101014 0.236062229 0.067249775 0.037663531 0.068553105 0.994665504
1341846326.958888 -0.041257903 0.303926229 0.226380497 0.071343005 0.035137288 0.071881913 0.994237661
1341846326.994594 -0.036846075 0.319058895 0.222866133 0.072567962 0.035254613 0.073839568 0.994001389
1341846327.026301 -0.034332857 0.332874060 0.217794448 0.070870779 0.036331184 0.072905190 0.994154036
1341846327.063945 -0.036660843 0.333016306 0.223142549 0.066505156 0.039292470 0.069075309 0.994616389
1341846327.094662 -0.036390744 0.342519969 0.230758965 0.066343956 0.041448917 0.067125373 0.994673133
1341846327.128901 -0.037881158 0.352533251 0.233809710 0.065519333 0.041403670 0.066614173 0.994764090
1341846327.161940 -0.040061161 0.364868373 0.234012902 0.064782538 0.040611412 0.065529779 0.994916975
1341846327.193867 -0.037192799 0.379098892 0.243628144 0.064689562 0.042063165 0.062185310 0.995077372
1341846327.229885 -0.038654782 0.393431634 0.243393689 0.065952718 0.045684140 0.059800707 0.994980931
1341846327.262014 -0.031927988 0.402748436 0.256766379 0.064921826 0.050033405 0.056116790 0.995054126
1341846327.294023 -0.017487718 0.421570271 0.260950029 0.071134761 0.061052110 0.056815512 0.993974090
1341846327.330015 -0.016334977 0.431034505 0.231891364 0.070931278 0.069992796 0.050736573 0.993728101
1341846327.361939 -0.019536007 0.447576433 0.244681090 0.069001324 0.074797429 0.045603923 0.993762791
1341846327.393887 -0.017932663 0.457835615 0.255202234 0.067637332 0.077353850 0.038344495 0.993967414
1341846327.429966 -0.033245046 0.485413432 0.256544828 0.067399941 0.078576513 0.039630622 0.993837178
1341846327.461965 -0.043819357 0.495517969 0.263334811 0.058726341 0.075264536 0.036730967 0.994754910
1341846327.497931 -0.041649692 0.498659134 0.259303361 0.052950449 0.073564008 0.034129262 0.995298862
1341846327.530068 -0.038968507 0.508490264 0.260431707 0.051304847 0.073411629 0.037507027 0.995274723
1341846327.561895 -0.044764448 0.514207542 0.273136079 0.049869910 0.071822606 0.043425955 0.995222926
1341846327.598010 -0.048783500 0.516386092 0.275358081 0.050715040 0.069073446 0.047788750 0.995174885
1341846327.629945 -0.053382643 0.537582099 0.276950359 0.052197479 0.064261310 0.046854712 0.995464981
1341846327.662003 -0.050463606 0.534309506 0.284436375 0.050633673 0.060685892 0.042357907 0.995971501
1341846327.697919 -0.045507282 0.554306746 0.281798393 0.054044008 0.059232268 0.044203177 0.995799601
1341846327.730075 -0.052410893 0.582711101 0.282191813 0.051257700 0.059199061 0.044643547 0.995929241
1341846327.766017 -0.052887764 0.582219481 0.283462793 0.045374867 0.058726646 0.045316566 0.996212184
1341846327.797917 -0.053593874 0.597693682 0.284698069 0.040692050 0.058247175 0.047127556 0.996358573
1341846327.830054 -0.048728257 0.606631637 0.289872468 0.034197237 0.057000492 0.047754962 0.996644855
1341846327.865944 -0.038341083 0.618985772 0.292846382 0.031692117 0.056827985 0.048464730 0.996703267
1341846327.898010 -0.043647051 0.634021461 0.298709691 0.029756438 0.058152560 0.049758524 0.996622741
1341846327.929991 -0.044502232 0.641079366 0.298256785 0.024899969 0.056828804 0.046843886 0.996973515
1341846327.966065 -0.042292900 0.652972698 0.298922479 0.020647777 0.056662902 0.045019180 0.997164130
1341846327.998073 -0.044390563 0.662682891 0.298542380 0.014076218 0.058113705 0.041828904 0.997333944
1341846328.034045 -0.042168461 0.664930403 0.298135459 0.007884274 0.058667660 0.040239561 0.997435093
1341846328.065993 -0.045638300 0.660361886 0.296861172 0.001586294 0.059575059 0.041210201 0.997371554
1341846328.098045 -0.048688062 0.644909024 0.302481860 -0.000828858 0.060631894 0.042233896 0.997265935
1341846328.133967 -0.050462760 0.646145046 0.299389899 0.002615181 0.059421718 0.045478337 0.997193038
1341846328.166023 -0.052592371 0.641165316 0.297316581 0.001795901 0.056751534 0.046370730 0.997309268
1341846328.198018 -0.056490581 0.621729970 0.297998428 -0.000016139 0.054739378 0.042668439 0.997588575
1341846328.234044 -0.052136682 0.614446700 0.292517602 0.003489116 0.052561391 0.042469151 0.997708142
1341846328.265899 -0.051985770 0.601721823 0.290054411 0.004704362 0.050788436 0.042915646 0.997775853
1341846328.302051 -0.047790661 0.582574785 0.287495285 0.006795164 0.050183788 0.043074917 0.997787535
1341846328.333917 -0.061112314 0.570552528 0.284361720 0.010712383 0.052099463 0.046018522 0.997523487
1341846328.366008 -0.066747375 0.552990675 0.289421320 0.016216880 0.052754514 0.042982977 0.997550189
1341846328.402010 -0.053307854 0.535152495 0.282628983 0.029604441 0.052180797 0.046908591 0.997095942
1341846328.433920 -0.056921221 0.510781348 0.268328488 0.030645464 0.051388547 0.045073219 0.997190297
1341846328.470003 -0.043098036 0.486097187 0.272289693 0.029730055 0.047880054 0.038601562 0.997664034
1341846328.502194 -0.037231654 0.452426314 0.268504292 0.029347103 0.049652435 0.029406520 0.997902155
1341846328.534033 -0.033666417 0.438597262 0.268885374 0.031139063 0.052114040 0.027132165 0.997786701
1341846328.570125 -0.034141190 0.415450662 0.256145507 0.032039694 0.053214397 0.027460208 0.997691154
1341846328.602804 -0.032592732 0.392326653 0.231336862 0.037114270 0.047688399 0.034025509 0.997592390
1341846328.672663 -0.038652197 0.344218820 0.252373010 0.045777477 0.036075778 0.030974010 0.997819424
1341846328.702975 -0.033594169 0.329449654 0.250206470 0.048312914 0.032813307 0.029702943 0.997851133
1341846328.770129 -0.017709151 0.305368781 0.227872491 0.057430375 0.028067159 0.027748283 0.997569084
1341846328.802331 -0.015948815 0.284989923 0.230184585 0.057657965 0.025117647 0.027651833 0.997637272
1341846328.838051 -0.014448365 0.270874441 0.226920038 0.061823051 0.023320066 0.024111057 0.997523308
1341846328.869939 -0.015887301 0.274001539 0.222353742 0.062750563 0.022350144 0.023515042 0.997501850
1341846328.904486 -0.018471926 0.255267948 0.223569676 0.058043614 0.019999929 0.022276258 0.997865081
1341846328.939814 -0.006981794 0.225164846 0.216733947 0.060169075 0.016262742 0.021399075 0.997826278
1341846328.970217 -0.008064603 0.217446253 0.215334535 0.063291997 0.014492949 0.025922604 0.997553051
1341846329.006232 -0.006013256 0.208408639 0.209550738 0.064457908 0.011998480 0.030220071 0.997390568
1341846329.038243 -0.009076129 0.202247545 0.213040084 0.069510087 0.011594707 0.028573167 0.997104526
1341846329.106125 -0.008443614 0.200638771 0.210205495 0.073107243 0.011215543 0.027276199 0.996887922
1341846329.138340 -0.004948987 0.183140218 0.207888365 0.074147269 0.010087282 0.025569905 0.996868372
1341846329.169991 -0.006099162 0.183368847 0.199953169 0.076406389 0.009239481 0.025136733 0.996717036
1341846329.208656 -0.002931458 0.172151238 0.195580810 0.076445401 0.008246215 0.023923473 0.996752620
1341846329.238169 0.000529004 0.170135140 0.193764612 0.076152690 0.006898916 0.024079181 0.996781468
1341846329.273827 0.002535407 0.152860656 0.187103763 0.073523507 0.005917642 0.024553841 0.996973634
1341846329.306052 -0.001039466 0.154701293 0.183375955 0.074740127 0.003686863 0.023943879 0.996908724
1341846329.338104 0.013392219 0.138886362 0.178846762 0.069966748 0.000981745 0.022733631 0.997289777
1341846329.373907 0.005850853 0.129157946 0.173698083 0.067077801 0.001004714 0.020007480 0.997546613
1341846329.405985 0.013949132 0.105959691 0.174140453 0.066760980 -0.001193996 0.018782705 0.997591496
1341846329.442057 0.004694892 0.121565275 0.177187055 0.068487875 -0.000878996 0.013403140 0.997561514
1341846329.473950 0.012051559 0.088802196 0.174601138 0.064996421 -0.002862399 0.009213695 0.997838855
1341846329.506147 0.015276795 0.083895452 0.162443176 0.065097556 -0.004886763 0.006775554 0.997843921
1341846329.542121 0.011423009 0.069638066 0.164285153 0.063053936 -0.007744029 0.007076873 0.997954965
1341846329.574086 0.017013177 0.050761662 0.159525171 0.064720459 -0.010379693 0.005832714 0.997832417
1341846329.606387 0.004798031 0.058865547 0.161668375 0.069060236 -0.009808381 0.002367315 0.997561455
1341846329.641955 0.000899510 0.055310190 0.155504957 0.069005430 -0.010646454 0.002883596 0.997555256
1341846329.681570 -0.000706773 0.041501261 0.156529218 0.067850649 -0.013478765 0.002684210 0.997600794
1341846329.748113 0.006477720 0.038020127 0.153003335 0.070347764 -0.014050169 0.000401038 0.997423470
1341846329.810175 0.003597144 0.011293303 0.154986009 0.067565955 -0.010701560 0.005765009 0.997640729
1341846329.842255 0.002797848 0.002893368 0.147318959 0.069112420 -0.010406028 0.008853836 0.997515321
1341846329.874044 -0.001452054 -0.003902240 0.147438541 0.071032964 -0.009974371 0.011788564 0.997354388
1341846329.910073 0.002244547 0.000476275 0.147753090 0.071286276 -0.011132500 0.014969267 0.997281432
1341846329.942009 -0.001597823 0.001031049 0.149569109 0.067438945 -0.011113397 0.018893747 0.997482538
1341846329.978087 0.001254624 -0.025735918 0.147375241 0.064195193 -0.011807740 0.020940159 0.997647762
1341846330.016305 0.005548968 -0.017193206 0.148902178 0.066656046 -0.011217252 0.019191198 0.997528374
1341846330.048192 -0.002968973 -0.010638876 0.144050762 0.063446440 -0.008915773 0.019985208 0.997745275
1341846330.080418 0.001251210 -0.034540102 0.144353211 0.058039170 -0.009474445 0.022494409 0.998015881
1341846330.115886 0.000488915 -0.045771696 0.145161405 0.061057553 -0.007775039 0.022991227 0.997839093
1341846330.147839 -0.002271582 -0.034240425 0.137106717 0.063522279 -0.007667131 0.025001450 0.997637689
1341846330.181257 -0.001414165 -0.019070745 0.135967642 0.059738129 -0.008314111 0.028624412 0.997768939
1341846330.215852 -0.001376786 -0.032635443 0.140279084 0.053007349 -0.007366664 0.027101167 0.998199105
1341846330.247833 -0.007487858 -0.040674094 0.141067922 0.050727129 -0.006511525 0.026156088 0.998348713
1341846330.283913 -0.009446385 -0.026207151 0.132119909 0.048038840 -0.006907696 0.027051531 0.998455167
1341846330.316011 -0.003300852 -0.032052748 0.139698207 0.041823611 -0.008359509 0.026738767 0.998732150
1341846330.347868 -0.012337731 -0.053883314 0.138655007 0.038153928 -0.009632399 0.025391961 0.998902738
1341846330.383835 -0.007812181 -0.053536009 0.139574736 0.036715057 -0.010312249 0.025336621 0.998951256
1341846330.415934 -0.010548360 -0.068987139 0.139976710 0.035446681 -0.009194963 0.023838127 0.999044895
1341846330.452561 -0.010843750 -0.073054709 0.134160206 0.037992895 -0.009864334 0.023078009 0.998962760
1341846330.483903 -0.014713820 -0.066733405 0.130065277 0.038381454 -0.011622552 0.025851838 0.998861074
1341846330.515970 -0.016587179 -0.076166309 0.130492121 0.036801953 -0.013487728 0.028468840 0.998825908
1341846330.552099 -0.014359054 -0.079770871 0.131497562 0.037946768 -0.015037768 0.031196332 0.998679459
1341846330.583876 -0.018866163 -0.067148775 0.123658121 0.038222168 -0.014948781 0.031224031 0.998669446
1341846330.619992 -0.027756333 -0.055598035 0.117250174 0.034776606 -0.015444927 0.030788904 0.998801291
1341846330.652136 -0.023009850 -0.067681164 0.118882596 0.027361726 -0.017400457 0.028897353 0.999056280
1341846330.683796 -0.023778703 -0.074191041 0.117320359 0.022178007 -0.017362036 0.028559487 0.999195158
1341846330.719991 -0.031176465 -0.088367119 0.110116139 0.019133702 -0.019096933 0.029363994 0.999203146
1341846330.752103 -0.033224687 -0.092566296 0.103857875 0.020811344 -0.023295306 0.033925891 0.998936057
1341846330.787952 -0.038652465 -0.086324990 0.099477157 0.022224497 -0.027691323 0.037172664 0.998677850
1341846330.819823 -0.033644788 -0.085424595 0.102820724 0.022020357 -0.032516088 0.038265023 0.998495638
1341846330.852208 -0.035361465 -0.075963497 0.098215416 0.022211090 -0.034001440 0.039091159 0.998409927
1341846330.914111 -0.039001692 -0.063273661 0.089727700 0.013509391 -0.037329737 0.038951434 0.998452187
1341846330.949903 -0.044364624 -0.079993427 0.086896278 0.009273956 -0.038009096 0.038995266 0.998473167
1341846330.981986 -0.051493857 -0.079069823 0.085195333 0.010223804 -0.042228248 0.039917372 0.998257875
1341846331.014111 -0.048079506 -0.068996608 0.088707961 0.010727046 -0.046561468 0.039785188 0.998065174
1341846331.082139 -0.049305670 -0.072989658 0.080310643 0.012387270 -0.049413346 0.036866732 0.998020887
1341846331.114334 -0.052086949 -0.070758864 0.080084212 0.012111490 -0.051512621 0.036314256 0.997938395
1341846331.149989 -0.051925816 -0.076837577 0.080043696 0.012392714 -0.052202992 0.034993540 0.997946203
1341846331.181954 -0.053213008 -0.079365529 0.074809931 0.015198214 -0.052616399 0.034202546 0.997913182
1341846331.218151 -0.062475167 -0.065099403 0.067292273 0.015960367 -0.054885417 0.034268629 0.997776747
1341846331.249914 -0.047680490 -0.074694782 0.076073803 0.012888968 -0.058015749 0.034145307 0.997648299
1341846331.318141 -0.043577436 -0.072307333 0.072564445 0.023680881 -0.048303235 0.029273745 0.998122752
1341846331.349926 -0.034690317 -0.061017264 0.065722220 0.023410847 -0.046203282 0.028905369 0.998239279
1341846331.382003 -0.003451407 -0.084796064 0.070141762 0.025144046 -0.041681215 0.029030852 0.998392522
1341846331.418008 -0.027469080 -0.077260181 0.071453340 0.032652277 -0.029297706 0.027282350 0.998664677
1341846331.450327 -0.026036799 -0.061746910 0.086679533 0.034673616 -0.025181722 0.028149869 0.998684764
1341846331.486219 -0.032500278 -0.053578757 0.096223488 0.035351090 -0.022882299 0.028883297 0.998695374
1341846331.518344 -0.027941102 -0.067440614 0.099260651 0.033049710 -0.022190453 0.027108861 0.998839498
1341846331.550202 -0.025630709 -0.072859667 0.104172416 0.035310920 -0.017410962 0.025412202 0.998901486
1341846331.586139 -0.033411760 -0.061158530 0.113607019 0.038047243 -0.015570765 0.026196836 0.998811126
1341846331.617931 -0.021863563 -0.044927672 0.119609557 0.038259201 -0.016493214 0.026495425 0.998780370
1341846331.654027 -0.015704954 -0.053037938 0.123114303 0.038285915 -0.014059084 0.027583938 0.998787105
1341846331.686123 -0.023597671 -0.042728048 0.131007984 0.041089848 -0.010827689 0.029038690 0.998674691
1341846331.717954 -0.030947100 -0.041335132 0.142609000 0.038076885 -0.011495063 0.028878018 0.998791277
1341846331.754076 -0.012627548 -0.045086227 0.153271362 0.035567369 -0.012280471 0.028085811 0.998897076
1341846331.785920 -0.014396023 -0.045499019 0.162064224 0.038610745 -0.008991371 0.026235189 0.998869419
1341846331.818053 -0.017868817 -0.034925058 0.173988461 0.039307158 -0.007151410 0.026927674 0.998838663
1341846331.853849 -0.014832523 -0.044432696 0.180611521 0.037290949 -0.006957766 0.026325358 0.998933375
1341846331.885987 -0.009109386 -0.041249853 0.196415469 0.040763516 -0.004914214 0.024471559 0.998857021
1341846331.922014 -0.013159073 -0.036385737 0.207081795 0.042738810 -0.001082254 0.023190852 0.998816490
1341846331.954037 -0.007734509 -0.035321325 0.214457825 0.042578045 0.001260626 0.023388920 0.998818517
1341846331.986135 -0.003958561 -0.061021186 0.221368715 0.043005019 0.006763256 0.025380632 0.998729527
1341846332.022364 -0.017089374 -0.058676794 0.247149795 0.050595239 0.012569615 0.024400683 0.998341978
1341846332.054175 -0.015312897 -0.046220101 0.257513076 0.057273027 0.012232090 0.026981479 0.997918904
1341846332.086502 -0.014023587 -0.053645048 0.271844834 0.059419505 0.012060747 0.028151488 0.997763157
1341846332.122051 -0.015370192 -0.046123404 0.285852045 0.061657649 0.013296670 0.027540185 0.997628689
1341846332.153983 -0.021422908 -0.032930348 0.295690536 0.060428135 0.013285260 0.024446383 0.997784674
1341846332.190165 -0.024222268 -0.033069439 0.310575694 0.054098882 0.011784238 0.022699229 0.998207986
1341846332.254145 -0.024511047 -0.051730733 0.339724153 0.053073052 0.012068642 0.020109979 0.998315156
1341846332.289948 -0.027071379 -0.047617111 0.348150104 0.055017352 0.011924855 0.022106266 0.998169422
1341846332.322172 -0.023460083 -0.047543701 0.362235248 0.055841785 0.011005507 0.024801519 0.998070836
1341846332.354003 -0.015003155 -0.055738665 0.362182945 0.057675514 0.012246351 0.021652576 0.998025417
1341846332.390180 -0.013809821 -0.041175481 0.378797978 0.060227938 0.016557980 0.019282151 0.997861028
1341846332.422055 -0.018637219 -0.036113139 0.391392082 0.058767337 0.019252529 0.016250418 0.997953713
1341846332.458114 -0.016745185 -0.040955927 0.395676643 0.057918698 0.021688893 0.011666192 0.998017490
1341846332.489993 -0.018618558 -0.029430024 0.409760356 0.059790000 0.023429619 0.014587339 0.997829318
1341846332.522130 -0.026732024 -0.028517783 0.421052456 0.058930248 0.020192705 0.021015441 0.997836530
1341846332.558114 -0.021566780 -0.030561782 0.431673795 0.058945406 0.014357382 0.027653303 0.997774780
1341846332.589874 -0.009538524 -0.021845035 0.431795210 0.059032805 0.010405210 0.032544881 0.997671127
1341846332.621889 -0.011168107 -0.016149089 0.436133265 0.055186372 0.010812972 0.033910129 0.997841477
1341846332.658202 -0.005447775 -0.024405841 0.443829864 0.050146408 0.010875332 0.031700671 0.998179376
1341846332.690001 -0.002685332 -0.018400816 0.456247628 0.048833150 0.011524375 0.033634339 0.998173952
1341846332.726000 -0.011157073 -0.018342271 0.474545062 0.048476782 0.011772693 0.037081435 0.998066306
1341846332.758386 -0.005434889 -0.020965686 0.475252539 0.048298657 0.008760969 0.037933365 0.998073936
1341846332.789937 0.003174698 -0.011972345 0.488511890 0.048206240 0.009084021 0.036550950 0.998127103
1341846332.825925 0.006982998 -0.013714675 0.497627407 0.046038538 0.011152536 0.035840556 0.998234153
1341846332.857898 0.006235134 -0.014230795 0.505175412 0.046949700 0.012691681 0.035121433 0.998198926
1341846332.894069 0.008243183 -0.002629720 0.510298073 0.047406610 0.012344266 0.035656244 0.998162687
1341846332.926029 0.016534008 0.003417391 0.517681897 0.044572614 0.011987939 0.033795238 0.998362362
1341846332.958015 0.018838216 -0.000480689 0.528747618 0.040702287 0.014422710 0.031551063 0.998568892
1341846332.994073 0.021158878 0.002222110 0.535881221 0.037721895 0.015614862 0.030796209 0.998691559
1341846333.026545 0.026702290 0.002153937 0.547258437 0.034928311 0.016372159 0.027662512 0.998872757
1341846333.057998 0.035002597 0.004890632 0.552896321 0.034341894 0.017904026 0.028560707 0.998841524
1341846333.094024 0.034848630 0.005081780 0.562477827 0.034685630 0.019810339 0.031528831 0.998704314
1341846333.126095 0.037770782 0.008459728 0.567939281 0.035181057 0.021521866 0.034030158 0.998569489
1341846333.161973 0.044484381 0.013455633 0.569914699 0.034217332 0.023558525 0.036371339 0.998474479
1341846333.195660 0.043019045 0.015270915 0.579169691 0.031870827 0.025954887 0.037228953 0.998461127
1341846333.226331 0.045649305 0.018346336 0.583843589 0.030884346 0.026286583 0.036835913 0.998498023
1341846333.262056 0.046737473 0.025517020 0.591828704 0.028270522 0.026996953 0.035720289 0.998597026
1341846333.294147 0.048204873 0.023216657 0.598059893 0.024543520 0.026740443 0.034628361 0.998740911
1341846333.326100 0.052227344 0.025614502 0.602855682 0.023160676 0.025071654 0.033371713 0.998860002
1341846333.362100 0.053701028 0.033290975 0.601401687 0.020643180 0.024237689 0.031930350 0.998982906
1341846333.394119 0.057059541 0.025310239 0.612349570 0.016108820 0.023211977 0.029779779 0.999157131
1341846333.429974 0.055459172 0.029506085 0.613890350 0.016298166 0.022049695 0.029267192 0.999195516
1341846333.462115 0.060777821 0.026892968 0.616517961 0.015652204 0.021608226 0.027939899 0.999253452
1341846333.494040 0.063161582 0.025379285 0.618249714 0.016222134 0.022197874 0.027053902 0.999255836
1341846333.529953 0.069532350 0.026456831 0.617369235 0.017165234 0.022520531 0.026646541 0.999243796
1341846333.562063 0.064743504 0.029236322 0.620633304 0.018184727 0.025639569 0.028256694 0.999106348
1341846333.594090 0.056990758 0.037117444 0.620510519 0.017606867 0.025725335 0.028961441 0.999094307
1341846333.629994 0.054170504 0.038127430 0.620636225 0.014156828 0.023563139 0.027500704 0.999243796
1341846333.662127 0.055475995 0.036285911 0.617183745 0.010794131 0.022441231 0.027068343 0.999323368
1341846333.697964 0.057976328 0.026777647 0.618461490 0.008072028 0.022115057 0.028211763 0.999324679
1341846333.730092 0.056339391 0.027039535 0.615070105 0.010812935 0.022809975 0.028925877 0.999262750
1341846333.762089 0.056745663 0.029226568 0.610512793 0.012680499 0.023277123 0.030824613 0.999173284
1341846333.798006 0.052394047 0.026942991 0.607917368 0.014020422 0.024446830 0.030076530 0.999150217
1341846333.830055 0.055775687 0.027416792 0.602349460 0.016741121 0.025076728 0.028211480 0.999147117
1341846333.866045 0.053512089 0.027500093 0.598122597 0.017788244 0.026400361 0.026884388 0.999131560
1341846333.897987 0.051061682 0.024286324 0.595222652 0.019245191 0.026597971 0.025851574 0.999126554
1341846333.930099 0.048751317 0.022011476 0.588703811 0.022092536 0.027907452 0.024294913 0.999071002
1341846333.965889 0.048959542 0.021737032 0.581753790 0.024179904 0.028366543 0.024194522 0.999012172
1341846333.997985 0.047526363 0.019282525 0.574825525 0.026851770 0.029458079 0.024824066 0.998896897
1341846334.030076 0.040716127 0.022253804 0.568362772 0.030247612 0.031419639 0.025861641 0.998713672
1341846334.066000 0.039960094 0.019155547 0.560574353 0.031473890 0.030795362 0.027611544 0.998648405
1341846334.097932 0.043500587 0.018834863 0.554104447 0.033282578 0.030223481 0.027376203 0.998613715
1341846334.133884 0.038814507 0.019166779 0.549812973 0.035038441 0.031485997 0.027512280 0.998510897
1341846334.166115 0.030588372 0.018668760 0.541939020 0.035238288 0.030862806 0.028107984 0.998506725
1341846334.198072 0.030051313 0.017519001 0.534179747 0.035677828 0.029163131 0.027070614 0.998570859
1341846334.234097 0.032839309 0.021090493 0.529647887 0.036622696 0.029208317 0.026160887 0.998559594
1341846334.266045 0.027038515 0.017065063 0.519949198 0.036251191 0.031270120 0.026809195 0.998493552
1341846334.297946 0.019111034 0.017494667 0.515091717 0.037669431 0.030147543 0.027880585 0.998446226
1341846334.334036 0.019952586 0.017883446 0.509052217 0.038051698 0.028284775 0.028356612 0.998472810
1341846334.365871 0.019519545 0.019941136 0.499727279 0.037695244 0.028239293 0.026940286 0.998526871
1341846334.401845 0.015957136 0.017939698 0.493301332 0.036064837 0.029208327 0.025788782 0.998589575
1341846334.433864 0.008180968 0.014716163 0.485205382 0.036040131 0.028717248 0.026086364 0.998596966
1341846334.466105 0.008155657 0.017329097 0.475786448 0.036728945 0.026902094 0.027507439 0.998584270
1341846334.502142 0.001074312 0.021416005 0.470764220 0.036126889 0.026149340 0.027875438 0.998616040
1341846334.540153 0.000476690 0.017376103 0.464084595 0.035168339 0.024716021 0.026616378 0.998721123
1341846334.602351 -0.017925179 0.026863068 0.449101031 0.031580172 0.022624403 0.018480651 0.999074221
1341846334.670161 -0.021559749 0.023710113 0.439701587 0.026452130 0.019697826 0.011996281 0.999383986
1341846334.702085 -0.026406355 0.019413756 0.428518474 0.024943244 0.017597429 0.012147107 0.999460161
1341846334.734751 -0.031406101 0.014965978 0.420951605 0.024587218 0.015549806 0.013314595 0.999488056
1341846334.770889 -0.033856690 0.018207476 0.406855524 0.024900122 0.013961623 0.016629085 0.999454081
1341846334.802194 -0.038499229 0.016545506 0.397110730 0.024233485 0.011482510 0.017176306 0.999492824
1341846334.833908 -0.038602874 0.019074429 0.391265035 0.024320794 0.009737035 0.014900791 0.999545753
1341846334.869874 -0.038911421 0.019063922 0.379081964 0.022548925 0.009034862 0.015730120 0.999581158
1341846334.902006 -0.045003414 0.014516691 0.367808968 0.020447023 0.007755394 0.015857087 0.999635100
1341846334.938010 -0.052525759 0.014163870 0.363388032 0.020055518 0.005262182 0.015507928 0.999664724
1341846334.970032 -0.045851357 0.011483835 0.350151688 0.019700885 0.003682439 0.014433328 0.999694943
1341846335.002203 -0.052759279 0.009049527 0.342118651 0.021264274 0.004524880 0.015840625 0.999638140
1341846335.037880 -0.052722204 0.007217810 0.322542101 0.023193918 0.001018183 0.019144494 0.999547124
1341846335.069990 -0.057470247 0.015647152 0.323106200 0.024730267 -0.001343710 0.018003479 0.999531150
1341846335.106038 -0.051698267 0.011520790 0.309470206 0.024683230 -0.000787101 0.015946850 0.999567807
1341846335.138045 -0.060722291 0.009879543 0.302775919 0.026251873 0.000927797 0.015112039 0.999540687
1341846335.169900 -0.066665642 0.014325452 0.286215067 0.026748078 -0.001417157 0.015331246 0.999523640
1341846335.206091 -0.060133606 0.013258056 0.278807789 0.025729513 -0.004120475 0.013473888 0.999569654
1341846335.239365 -0.057767071 0.008926172 0.268898219 0.025305010 -0.003243392 0.010803834 0.999616146
1341846335.269948 -0.063052483 0.006312423 0.256579757 0.026858203 -0.001613269 0.009474536 0.999593019
1341846335.305972 -0.065421291 0.005855015 0.244999394 0.028617933 -0.003461308 0.010916240 0.999524832
1341846335.338012 -0.063429870 0.009323190 0.234997958 0.030056894 -0.004711421 0.013000329 0.999452531
1341846335.374005 -0.061060272 -0.005207529 0.219065651 0.033521138 -0.003204854 0.013322467 0.999344110
1341846335.406025 -0.065850355 -0.006278991 0.209199816 0.040097941 -0.000287010 0.015296411 0.999078631
1341846335.438079 -0.066996410 0.003119169 0.199115738 0.045795146 0.000439239 0.018735599 0.998775065
1341846335.473998 -0.065121613 0.009120483 0.191196293 0.048549876 0.001727813 0.020284496 0.998613298
1341846335.507038 -0.065748051 0.012345448 0.182636499 0.049671996 0.004271250 0.018267740 0.998589396
1341846335.538040 -0.071024440 0.018413154 0.175188288 0.049274243 0.006866609 0.015944410 0.998634398
1341846335.574119 -0.077822931 0.021645380 0.166299969 0.047024868 0.006962391 0.016565550 0.998732090
1341846335.605970 -0.078690946 0.014772524 0.157603323 0.045044020 0.006366846 0.015647288 0.998842180
1341846335.641978 -0.072685182 0.015201462 0.141588479 0.046137352 0.006932669 0.013260100 0.998823047
1341846335.673993 -0.080897145 0.018080279 0.132555142 0.045873702 0.008161602 0.012978574 0.998829603
1341846335.706178 -0.082522161 0.018883642 0.123781800 0.045624565 0.006608439 0.014352054 0.998833716
1341846335.741982 -0.079730578 0.015689928 0.116848938 0.045789752 0.006373725 0.012489401 0.998852670
1341846335.773960 -0.085490115 0.022490323 0.108173348 0.046461787 0.007272335 0.012023734 0.998821199
1341846335.806271 -0.086258747 0.027056890 0.093144417 0.044703841 0.006649239 0.011781067 0.998908699
1341846335.842031 -0.084369823 0.018764414 0.086202092 0.041949682 0.007208008 0.012673944 0.999013305
1341846335.873966 -0.085283570 0.015361268 0.076709539 0.042564400 0.008700963 0.011997744 0.998983800
1341846335.910005 -0.092197560 0.021821395 0.063716687 0.042505961 0.008891747 0.013964817 0.998959005
1341846335.941936 -0.094841354 0.021775421 0.051095910 0.041517824 0.007075317 0.014734033 0.999004066
1341846335.974198 -0.095611989 0.022795025 0.043571837 0.041555367 0.006315060 0.011908296 0.999045253
1341846336.010032 -0.099933483 0.023440685 0.029199671 0.041237846 0.006603160 0.010831988 0.999068797
1341846336.042129 -0.105479926 0.025624558 0.019246932 0.040458240 0.005434752 0.011228025 0.999103367
1341846336.078076 -0.105193540 0.021071682 0.011223903 0.039926760 0.003265996 0.010691161 0.999140084
1341846336.110739 -0.106682748 0.024681618 0.006665936 0.040959228 0.003263730 0.008977626 0.999115169
1341846336.142002 -0.114046976 0.021972792 -0.006182105 0.040396031 0.003525641 0.009975341 0.999127746
1341846336.183953 -0.118692666 0.027046164 -0.013953925 0.040486567 0.001007129 0.010866606 0.999120414
1341846336.241891 -0.114949793 0.026208766 -0.026618348 0.038436640 -0.000156945 0.010274472 0.999208212
1341846336.277946 -0.123470783 0.021397952 -0.033912905 0.038548488 0.000499484 0.012403982 0.999179602
1341846336.309977 -0.127362937 0.020920530 -0.045732189 0.041238062 -0.001797054 0.015487714 0.999027729
1341846336.346143 -0.126819775 0.027298953 -0.054119259 0.043511152 -0.003137850 0.016264796 0.998915613
1341846336.377975 -0.126732007 0.025122125 -0.065388814 0.044032507 -0.002963881 0.015429435 0.998906553
1341846336.410032 -0.131022453 0.028406013 -0.074583367 0.045235399 -0.002048060 0.015426060 0.998855174
1341846336.446041 -0.132951081 0.034060843 -0.083812810 0.044957727 -0.002645199 0.015578707 0.998863935
1341846336.477990 -0.132206365 0.031875156 -0.086952411 0.043793671 -0.002776771 0.015336377 0.998919010
1341846336.510056 -0.133613810 0.031312674 -0.091218546 0.044143427 -0.002172966 0.015939385 0.998895645
1341846336.546024 -0.136393204 0.030715965 -0.099139266 0.045072235 -0.002019744 0.017991450 0.998819649
1341846336.578003 -0.139476717 0.035037015 -0.108627819 0.044761028 -0.002314234 0.020103412 0.998792708
1341846336.614020 -0.131206229 0.036794905 -0.110291801 0.044314932 -0.002338110 0.019046534 0.998833299
1341846336.645982 -0.140635461 0.042374879 -0.119119987 0.043542292 -0.000445368 0.018179324 0.998886108
1341846336.678036 -0.148256302 0.036842421 -0.124776043 0.041477825 -0.001899774 0.018577859 0.998964906
1341846336.714024 -0.149018422 0.031541798 -0.120550744 0.042803261 -0.004286719 0.018127780 0.998909831
1341846336.746016 -0.153358161 0.027467092 -0.130372524 0.046420891 -0.006177859 0.020676361 0.998688877
1341846336.778014 -0.157003790 0.033571631 -0.150422677 0.049248528 -0.009955543 0.023686061 0.998456001
1341846336.820006 -0.157619417 0.036874045 -0.150471136 0.050015092 -0.013581927 0.025373165 0.998333752
1341846336.882056 -0.161509722 0.035050459 -0.161707014 0.052499838 -0.015712555 0.024188843 0.998204291
1341846336.914273 -0.163408667 0.026158683 -0.172853395 0.053940788 -0.020150818 0.026869247 0.997979164
1341846336.945998 -0.152786344 0.029009540 -0.169954836 0.060846951 -0.027879126 0.029874882 0.997310340
1341846336.981980 -0.155772492 0.050002240 -0.181020156 0.065180175 -0.031536438 0.028006593 0.996981740
1341846337.014238 -0.155449241 0.054467544 -0.185014263 0.062292881 -0.034431666 0.026403291 0.997114301
1341846337.046017 -0.162743077 0.049094766 -0.180191427 0.059815213 -0.034573801 0.020077737 0.997408509
1341846337.082104 -0.166571856 0.050255500 -0.186839953 0.059118088 -0.034800015 0.017279986 0.997494578
1341846337.114317 -0.169964358 0.049878046 -0.188550621 0.057296909 -0.036969479 0.016837593 0.997530341
1341846337.150037 -0.168747321 0.050547153 -0.187284991 0.055729084 -0.038901851 0.015902651 0.997561038
1341846337.181873 -0.164699212 0.049918786 -0.190490589 0.055271331 -0.038966872 0.012541547 0.997631848
1341846337.214073 -0.169791400 0.060401469 -0.196758121 0.053552184 -0.037058789 0.010380139 0.997823179
1341846337.250087 -0.174944475 0.042782612 -0.206464797 0.049565241 -0.038503684 0.011709516 0.997959733
1341846337.282028 -0.179521054 0.044977244 -0.204913706 0.051279344 -0.042279076 0.014596036 0.997682273
1341846337.317920 -0.169018194 0.052678578 -0.196840584 0.051323842 -0.044606250 0.015421040 0.997566223
1341846337.350018 -0.171487883 0.056409143 -0.205809191 0.049877003 -0.043717545 0.015498120 0.997677743
1341846337.382159 -0.171706587 0.048028350 -0.205664143 0.046522237 -0.043339942 0.013211148 0.997889161
1341846337.417941 -0.176070139 0.041063614 -0.207042530 0.047053557 -0.042742204 0.013605728 0.997884750
1341846337.450137 -0.180623129 0.048601255 -0.220114321 0.047969326 -0.044204600 0.014616309 0.997763097
1341846337.482096 -0.172841981 0.044772066 -0.215449437 0.046090439 -0.044850610 0.015796097 0.997804880
1341846337.518008 -0.172498584 0.041115716 -0.216263309 0.046973959 -0.045297362 0.015674094 0.997745395
1341846337.549978 -0.174593508 0.050048295 -0.224107668 0.047568295 -0.045814153 0.013835546 0.997720838
1341846337.585971 -0.177273870 0.047543954 -0.221075311 0.044801332 -0.046065126 0.012950219 0.997849226
1341846337.617903 -0.170829430 0.027727073 -0.217667967 0.044799138 -0.047018837 0.013677800 0.997795165
1341846337.650141 -0.170875907 0.044110380 -0.224755511 0.048411638 -0.047266483 0.012888676 0.997625232
1341846337.686352 -0.171295136 0.050611373 -0.223356858 0.046880376 -0.047096848 0.013286985 0.997701168
1341846337.718002 -0.170287564 0.046847880 -0.220232904 0.045002285 -0.046586007 0.013105154 0.997814000
1341846337.749920 -0.166077793 0.052606903 -0.213293031 0.045174208 -0.044969577 0.012303379 0.997890592
1341846337.786157 -0.165106490 0.060711496 -0.209649682 0.042391282 -0.042242493 0.012556214 0.998128712
1341846337.817945 -0.164511517 0.053592347 -0.203891233 0.039633166 -0.040242594 0.013927855 0.998306453
1341846337.854071 -0.160821155 0.058085572 -0.206149459 0.038600631 -0.037105020 0.013247148 0.998477697
1341846337.885951 -0.164664209 0.063927598 -0.199266702 0.035721410 -0.034462266 0.011518172 0.998700976
1341846337.918223 -0.163034141 0.063535705 -0.192351699 0.031670623 -0.033244044 0.008816669 0.998906434
1341846337.954120 -0.159768671 0.059652574 -0.183417052 0.028940042 -0.032043412 0.008659130 0.999029875
1341846337.985994 -0.158136219 0.069195122 -0.181491971 0.026734024 -0.031168893 0.008961678 0.999116361
1341846338.018107 -0.157380268 0.062583216 -0.172324583 0.022994053 -0.029617863 0.009938953 0.999247372
1341846338.054055 -0.154399514 0.066190168 -0.169939697 0.020701859 -0.028282193 0.008891863 0.999346018
1341846338.085986 -0.146619260 0.067586392 -0.155900776 0.017335199 -0.025668724 0.009149635 0.999478340
1341846338.121875 -0.151226237 0.059282787 -0.150062367 0.014792284 -0.022941915 0.010942872 0.999567449
1341846338.154089 -0.155206531 0.061313599 -0.142724261 0.014179345 -0.022005001 0.014039901 0.999558687
1341846338.186029 -0.150120914 0.064039044 -0.133839160 0.013301932 -0.022824802 0.016362606 0.999517024
1341846338.222071 -0.142075107 0.067372404 -0.126045987 0.012069312 -0.022184346 0.015651662 0.999558508
1341846338.254107 -0.145191640 0.062517665 -0.116122700 0.010104404 -0.019946346 0.016343089 0.999616385
1341846338.290130 -0.144128188 0.061731569 -0.105219536 0.010585188 -0.020036539 0.018058335 0.999580085
1341846338.321952 -0.140860021 0.068164587 -0.097761266 0.011052378 -0.019312473 0.019993814 0.999552488
1341846338.354022 -0.137281656 0.064940818 -0.085041687 0.010032322 -0.019096170 0.020404901 0.999559045
1341846338.389969 -0.138578743 0.070640109 -0.080472566 0.009931790 -0.017866861 0.020655109 0.999577641
1341846338.422377 -0.136368677 0.067241408 -0.067236438 0.007957005 -0.017673410 0.020788284 0.999596000
1341846338.454010 -0.136687398 0.071402125 -0.059657004 0.007203293 -0.017928787 0.019923132 0.999614775
1341846338.489894 -0.135896012 0.067422427 -0.047980312 0.005179527 -0.018326404 0.020029645 0.999617994
1341846338.522066 -0.132763416 0.067257114 -0.037727885 0.006177107 -0.018066240 0.019287731 0.999631643
1341846338.558058 -0.134437814 0.074474677 -0.034811065 0.005694889 -0.017973777 0.018881720 0.999643922
1341846338.589842 -0.129378006 0.071873009 -0.021255562 0.003452576 -0.018607398 0.018588657 0.999648094
1341846338.622019 -0.121797219 0.067828059 -0.005232780 0.003942822 -0.018096710 0.020320345 0.999621928
1341846338.657984 -0.128421769 0.076276064 -0.003572155 0.004837873 -0.017635548 0.021797407 0.999595165
1341846338.690198 -0.119506180 0.078189149 0.007494789 0.002740539 -0.019083329 0.021530390 0.999582291
1341846338.722454 -0.114772439 0.070671842 0.022723172 0.001488096 -0.018114321 0.021999028 0.999592781
1341846338.757945 -0.121225521 0.079480007 0.027286937 0.002417472 -0.017579824 0.023655219 0.999562681
1341846338.790039 -0.117189921 0.078468241 0.039332155 0.000250450 -0.019924110 0.023917116 0.999515355
1341846338.826048 -0.109700732 0.075774074 0.049335200 0.000402390 -0.019437278 0.022191424 0.999564707
1341846338.858027 -0.111468814 0.081423655 0.056110647 0.000527844 -0.017675169 0.021674991 0.999608696
1341846338.889902 -0.111628950 0.082684398 0.070102781 -0.001870882 -0.018540703 0.020881278 0.999608278
1341846338.925948 -0.099351712 0.078064479 0.080167390 -0.002893602 -0.018885128 0.019456504 0.999628186
1341846338.958108 -0.100613192 0.078771174 0.093532801 -0.002677296 -0.016621465 0.018938074 0.999678910
1341846338.990057 -0.100999668 0.076629907 0.105478019 -0.002487994 -0.016457545 0.019509349 0.999671102
1341846339.025928 -0.096095458 0.076971009 0.116917998 -0.000116619 -0.015776219 0.019683406 0.999681771
1341846339.057939 -0.093910649 0.082100168 0.124727361 0.002665375 -0.013358429 0.019822622 0.999710739
1341846339.093927 -0.099755414 0.087666325 0.130717650 0.001789033 -0.013269804 0.021431182 0.999680698
1341846339.126562 -0.091746420 0.091063157 0.135253876 -0.001329685 -0.014775600 0.019945009 0.999691010
1341846339.157969 -0.083354622 0.094738789 0.155087829 -0.003261104 -0.012853325 0.017702062 0.999755383
1341846339.194113 -0.091452606 0.093651354 0.156567857 -0.005618885 -0.010959806 0.019345684 0.999737024
1341846339.228165 -0.088182196 0.095483266 0.166619584 -0.009046823 -0.013146357 0.021830952 0.999634326
1341846339.257998 -0.078430027 0.090724714 0.185144156 -0.012343252 -0.013287283 0.022126002 0.999590695
1341846339.294132 -0.078502536 0.097945653 0.190222517 -0.011598079 -0.010649057 0.023096262 0.999609232
1341846339.326577 -0.084030606 0.112923995 0.189945340 -0.013890052 -0.011850582 0.025649456 0.999504268
1341846339.362269 -0.068384103 0.103479885 0.212505609 -0.019363146 -0.015594734 0.024359856 0.999394059
1341846339.394725 -0.065525234 0.105266996 0.220698640 -0.019917389 -0.013488066 0.023589127 0.999432325
1341846339.462186 -0.059049610 0.103468142 0.239241675 -0.023553949 -0.014850560 0.023078211 0.999345839
1341846339.496743 -0.046484388 0.101609126 0.245637462 -0.021051906 -0.011984011 0.021523736 0.999474823
1341846339.562052 -0.048980843 0.098134175 0.265835673 -0.020395413 -0.008324778 0.023313859 0.999485493
1341846339.595122 -0.039126672 0.100348935 0.273553431 -0.018002125 -0.008342835 0.022639301 0.999546766
1341846339.632085 -0.037151609 0.105328798 0.285387427 -0.016179590 -0.004646734 0.020582957 0.999646425
1341846339.664568 -0.036310017 0.101002507 0.295236886 -0.016500665 -0.001882785 0.018707067 0.999687076
1341846339.698896 -0.035612214 0.099848874 0.303032130 -0.016703963 -0.000772728 0.017642405 0.999704540
1341846339.731977 -0.031023461 0.102369905 0.312470466 -0.016081572 -0.000876673 0.016076367 0.999741018
1341846339.762241 -0.028934419 0.100184724 0.320287526 -0.015985208 0.000680840 0.016157165 0.999741435
1341846339.797873 -0.025626853 0.100452073 0.326612443 -0.015936982 0.000801403 0.017367000 0.999721825
1341846339.830245 -0.024043979 0.099266566 0.337347001 -0.016158042 0.000429864 0.017331759 0.999719143
1341846339.862015 -0.021001520 0.100214072 0.340994835 -0.016478809 0.000423447 0.017013248 0.999719381
1341846339.897797 -0.013555613 0.098343134 0.350982308 -0.017793328 0.000835936 0.017153420 0.999694169
1341846339.929916 -0.013002560 0.089568734 0.359803855 -0.019120270 0.002189967 0.019134220 0.999631703
1341846339.961960 -0.009769433 0.088791944 0.366800427 -0.017730149 0.001432746 0.019903526 0.999643683
1341846339.997845 -0.003777878 0.092356741 0.371709317 -0.015878780 0.002280005 0.019150842 0.999687910
1341846340.029925 0.000185021 0.089729734 0.377866209 -0.015489765 0.004371477 0.021025248 0.999649405
1341846340.066044 0.001211351 0.089166075 0.382237226 -0.013455993 0.005683331 0.022672081 0.999636233
1341846340.098009 0.001738044 0.091341563 0.385181218 -0.012423884 0.006218356 0.023441063 0.999628663
1341846340.130102 0.005792472 0.089765519 0.395028383 -0.013185892 0.005852024 0.022156084 0.999650419
1341846340.166041 0.011742792 0.087134488 0.398955286 -0.012571149 0.007683558 0.020389779 0.999683559
1341846340.197867 0.009488711 0.091093287 0.408269376 -0.011039239 0.010714788 0.020086410 0.999679863
1341846340.229904 0.008808737 0.093759567 0.416372478 -0.011913287 0.010690489 0.019863976 0.999674559
1341846340.265859 0.015608182 0.086158201 0.421789467 -0.013412428 0.011292168 0.019103644 0.999663770
1341846340.298061 0.020878233 0.087514468 0.431772590 -0.011192950 0.013100539 0.020115705 0.999649167
1341846340.334063 0.013418612 0.093169004 0.435612828 -0.011576207 0.013373137 0.022149883 0.999598145
1341846340.366064 0.021281678 0.089069270 0.441733956 -0.013616289 0.010750401 0.021055756 0.999627769
1341846340.397995 0.026892234 0.087199405 0.444759816 -0.011973287 0.010680074 0.021020439 0.999650300
1341846340.433895 0.025812168 0.089247353 0.452643663 -0.011123376 0.010727901 0.021828765 0.999642253
1341846340.465959 0.024425689 0.088540234 0.455416143 -0.010539759 0.008729205 0.023514636 0.999629796
1341846340.501858 0.028872168 0.087953061 0.455442011 -0.009780306 0.005130790 0.023668773 0.999658823
1341846340.534329 0.034452375 0.090072729 0.453650355 -0.009112650 0.003218272 0.023471326 0.999677777
1341846340.566041 0.039503127 0.087138727 0.455022931 -0.008089802 0.001992858 0.024038112 0.999676287
1341846340.601909 0.043747809 0.086988382 0.453932166 -0.005562113 0.001225595 0.024850940 0.999674916
1341846340.634005 0.047048490 0.090992935 0.449790150 -0.004386295 0.000629435 0.023273230 0.999719322
1341846340.666028 0.050903108 0.089178614 0.446220547 -0.004674099 0.000800127 0.020956818 0.999769151
1341846340.701946 0.052776188 0.086439535 0.447085291 -0.003129737 0.002241979 0.019210128 0.999808073
1341846340.733954 0.058857117 0.089252234 0.442109555 -0.001942778 0.003279714 0.017620681 0.999837458
1341846340.770081 0.056825977 0.091211401 0.437049598 -0.002418482 0.004078631 0.014738106 0.999880135
1341846340.801980 0.062608771 0.090037644 0.435017854 -0.002528187 0.004613144 0.009519610 0.999940872
1341846340.833999 0.060890641 0.094254620 0.436213911 -0.002227795 0.007276776 0.005163649 0.999957681
1341846340.870013 0.057562031 0.092471063 0.438217163 -0.003838239 0.007545880 0.003813950 0.999956846
1341846340.901955 0.058369059 0.088596925 0.435186535 -0.003230396 0.007437221 0.003626923 0.999960542
1341846340.933918 0.059955094 0.089021064 0.432948589 -0.001344666 0.006568358 0.006612835 0.999955654
1341846340.970122 0.058549330 0.092580326 0.432626992 0.000440023 0.003531877 0.011594613 0.999926448
1341846341.001922 0.054151658 0.086167067 0.429573089 0.001056573 0.000369069 0.016198670 0.999868155
1341846341.037923 0.060102150 0.088745065 0.425020754 0.002477102 -0.002967806 0.019498702 0.999802411
1341846341.070300 0.059142005 0.087333940 0.422997952 0.002841832 -0.003498321 0.019280823 0.999803960
1341846341.102028 0.057430614 0.085409299 0.416625321 0.002327272 -0.004726775 0.019799193 0.999790132
1341846341.137982 0.058072418 0.085570730 0.413447917 0.002481387 -0.006533143 0.019398995 0.999787390
1341846341.170048 0.057806257 0.086073816 0.416174740 0.003409803 -0.006871664 0.019879181 0.999772966
1341846341.202110 0.058913156 0.082719058 0.412078857 0.004351515 -0.007383513 0.022044258 0.999720216
1341846341.237996 0.062453855 0.084998161 0.411298215 0.006463286 -0.007584340 0.022673562 0.999693274
1341846341.269883 0.061497841 0.085226625 0.407365978 0.007501593 -0.007121445 0.023356909 0.999673665
1341846341.306107 0.058960311 0.085007809 0.406271756 0.008036306 -0.007495794 0.022507979 0.999686241
1341846341.338109 0.058609091 0.085840106 0.401087254 0.009133369 -0.006820792 0.020217007 0.999730587
1341846341.370120 0.060412236 0.086070262 0.401800960 0.009736571 -0.005832423 0.017634861 0.999780059
1341846341.406074 0.053536221 0.084402770 0.400217980 0.009595215 -0.004585519 0.016941549 0.999799907
1341846341.438113 0.055329714 0.080568209 0.401362479 0.010454715 -0.006939652 0.017334260 0.999770999
1341846341.470024 0.056393649 0.082389295 0.399054736 0.013453793 -0.006990816 0.015383564 0.999766707
1341846341.506077 0.055003431 0.088221207 0.396225005 0.013831521 -0.006124143 0.014727841 0.999777079
1341846341.538156 0.047973372 0.082517803 0.395557553 0.012176876 -0.007028505 0.014847060 0.999790907
1341846341.574016 0.055187706 0.084014520 0.394539744 0.013393833 -0.010226090 0.015789825 0.999733329
1341846341.612466 0.051510099 0.087927274 0.391904682 0.014434048 -0.010338715 0.016256733 0.999710202
1341846341.643972 0.049064294 0.089169294 0.390316784 0.013634325 -0.011485402 0.015188555 0.999725699
1341846341.679982 0.047405712 0.084512219 0.385670871 0.012847719 -0.012680719 0.015232377 0.999720991
1341846341.712332 0.046373080 0.086586721 0.386337101 0.013935790 -0.014815398 0.017979000 0.999631464
1341846341.744185 0.046793398 0.087116405 0.386671156 0.014466380 -0.016923053 0.020356419 0.999544859
1341846341.780061 0.047624961 0.088701680 0.383404762 0.014978315 -0.017587924 0.021711037 0.999497354
1341846341.842595 0.051114086 0.082466900 0.379688412 0.016776036 -0.018701104 0.027134560 0.999316037
1341846341.906227 0.054309905 0.077354468 0.373560131 0.019524513 -0.019734412 0.031999372 0.999102294
1341846341.942069 0.053415962 0.074540064 0.371187150 0.022766797 -0.019515092 0.034074038 0.998969376
1341846341.974775 0.053078938 0.073905915 0.369912058 0.025873663 -0.019604899 0.035512630 0.998841882
1341846342.010161 0.051892020 0.076588430 0.367038310 0.027091108 -0.020705920 0.036889769 0.998737454
1341846342.042024 0.059846893 0.070151150 0.364408404 0.028107656 -0.022312433 0.037762120 0.998642147
1341846342.080032 0.060474269 0.073632851 0.360734373 0.030566795 -0.019837430 0.037299357 0.998639524
1341846342.112265 0.053251542 0.067537829 0.358253479 0.030086657 -0.018351009 0.039293300 0.998606086
1341846342.147954 0.054186787 0.064626485 0.361129433 0.032489765 -0.019609040 0.041362453 0.998423278
1341846342.179852 0.060487010 0.067193598 0.356610090 0.035517350 -0.019863479 0.042918369 0.998249471
1341846342.211848 0.059743900 0.068270184 0.358338177 0.036203507 -0.019200055 0.042781565 0.998243630
1341846342.247920 0.060822472 0.066715620 0.354967564 0.037422009 -0.019218968 0.041142847 0.998267233
1341846342.279870 0.062573217 0.066403456 0.354724705 0.038812712 -0.018912461 0.041778717 0.998193562
1341846342.316068 0.061454497 0.066061884 0.349746615 0.040054042 -0.018482303 0.042465754 0.998123586
1341846342.347894 0.063188903 0.068647586 0.351308852 0.040536087 -0.018730093 0.042406078 0.998102069
1341846342.379953 0.063350052 0.066735826 0.352994829 0.040390648 -0.017972209 0.042773120 0.998106241
1341846342.416195 0.061760545 0.068671197 0.351526260 0.041221771 -0.017663417 0.043940652 0.998027027
