1341846313.592026 0.000000000 0.000000000 0.000000000 0.000000000 0.000000000 0.000000000 1.000000000
1341846313.654184 0.007301857 -0.002449753 -0.001265640 -0.001203533 -0.003232554 0.005186942 0.999980628
1341846313.686156 0.014741006 -0.001864636 0.001776217 -0.000109368 -0.005591602 0.004790413 0.999972880
1341846313.721918 0.021359449 0.002600020 -0.001091055 0.000428218 -0.006751506 0.005217471 0.999963522
1341846313.753994 0.028979454 0.002839514 0.002730832 -0.000082926 -0.007577963 0.006747746 0.999948502
1341846313.789969 0.037709028 0.001436121 0.002333278 0.000885418 -0.008582676 0.005399129 0.999948204
1341846313.822075 0.047679760 0.005739146 -0.000730146 0.001298307 -0.007951166 0.004361277 0.999958038
1341846313.853928 0.057120252 0.002995950 0.005002956 0.000274539 -0.006315239 0.003826570 0.999972701
1341846313.890011 0.064459838 0.001260809 -0.008519424 -0.000033402 -0.004621301 0.006364730 0.999969065
1341846313.922055 0.074790753 0.005551134 -0.002307067 -0.001643876 -0.005458753 0.006874390 0.999960124
1341846313.957927 0.093070924 0.006834908 0.004268151 -0.003282655 -0.002685058 0.006240747 0.999971569
1341846313.990058 0.084881924 0.006694071 0.003607457 -0.004709152 0.005526097 0.008215678 0.999939859
1341846314.022042 0.096570209 0.016103039 0.003592848 -0.005994102 0.005523577 0.010949211 0.999906838
1341846314.057816 0.108913355 0.013752589 0.009095307 -0.009447838 0.007336235 0.012000033 0.999856472
1341846314.089801 0.112415753 0.010914653 0.015039772 -0.008819776 0.013309872 0.011532151 0.999806046
1341846314.122037 0.111679174 0.018469114 0.008025891 -0.009562470 0.017650526 0.015067384 0.999684930
1341846314.157989 0.119865730 0.010224744 0.009495599 -0.012530237 0.020435007 0.014404101 0.999608874
1341846314.190094 0.133162215 0.017572753 0.018935036 -0.011494628 0.023074334 0.016450008 0.999532342
1341846314.225969 0.140126377 0.021383751 0.014103934 -0.014014846 0.024519112 0.020931805 0.999381959
1341846314.257923 0.142116502 0.019305695 0.018745404 -0.016165733 0.026997132 0.021786299 0.999267340
1341846314.290052 0.135451689 0.020761823 0.016042756 -0.014562770 0.030107101 0.019599184 0.999248385
1341846314.325981 0.146623164 0.028016120 0.017573988 -0.014815710 0.030246381 0.018681701 0.999258101
1341846314.357905 0.160039708 0.025252439 0.026353903 -0.015830524 0.032179885 0.018086551 0.999193072
1341846314.389899 0.165403754 0.018421220 0.016659247 -0.015264905 0.034667239 0.016632767 0.999143898
1341846314.427905 0.168963179 0.026240852 0.014825586 -0.014286756 0.036882892 0.014334911 0.999114633
1341846314.493987 0.183871195 0.016607791 0.012933513 -0.014257538 0.045979541 0.006774231 0.998817682
1341846314.526085 0.192225277 0.019567894 0.004110873 -0.013780681 0.047404151 0.005207992 0.998767138
1341846314.558292 0.196501508 0.018476103 0.008553196 -0.014897330 0.050343342 0.005270672 0.998606920
1341846314.594085 0.202153549 0.013672632 0.010168541 -0.014019122 0.054896623 0.004645629 0.998382866
1341846314.626096 0.196557343 0.020853840 0.008085001 -0.012972553 0.060533531 0.005081933 0.998068929
1341846314.658455 0.198892608 0.023648052 0.010789055 -0.014444401 0.062915601 0.003104620 0.997909486
1341846314.694004 0.220122874 0.015488947 0.020656196 -0.015038162 0.064441204 0.003033165 0.997803628
1341846314.725910 0.224054202 0.002891322 0.030303448 -0.012322947 0.067943737 0.007764523 0.997582793
1341846314.761942 0.222056657 0.005078903 0.028408764 -0.008349494 0.069199763 0.011743014 0.997498751
1341846314.794030 0.230776876 0.011091240 0.030930307 -0.004415419 0.070995763 0.012150168 0.997392833
1341846314.826092 0.247381151 0.014035901 0.025400408 -0.002107397 0.073656693 0.014550008 0.997175276
1341846314.862145 0.268152773 0.021432297 0.028224424 -0.001268808 0.074975722 0.017059764 0.997038603
1341846314.894072 0.262467235 0.009382170 0.013606876 -0.003531432 0.080166422 0.016522607 0.996638298
1341846314.925969 0.256259829 0.013485013 0.008861203 -0.002810599 0.084205493 0.019498922 0.996253669
1341846314.961937 0.257726699 0.019414721 0.006084297 -0.005476182 0.085059255 0.023935419 0.996073306
1341846314.994564 0.268662870 0.019090315 0.017948844 -0.008808134 0.085075818 0.022632172 0.996078491
1341846315.029900 0.285276324 0.019781249 0.019575141 -0.008958547 0.087153055 0.020133615 0.995951176
1341846315.061965 0.298948258 0.018824451 0.014476597 -0.009864276 0.088109672 0.024955248 0.995749295
1341846315.094388 0.301843077 0.019859837 0.015201937 -0.009504940 0.087238476 0.025831385 0.995807111
1341846315.129851 0.315379202 0.021393467 0.018241692 -0.007470684 0.086321145 0.025469923 0.995913684
1341846315.161941 0.317098677 0.039271429 0.013475902 -0.008365005 0.086496234 0.028208341 0.995817602
1341846315.197984 0.305244088 0.035851397 0.007974785 -0.015199466 0.086289011 0.021979608 0.995911658
1341846315.230076 0.324911028 0.028539907 0.006446324 -0.019548733 0.083143085 0.020876430 0.996127129
1341846315.262069 0.322995543 0.028824070 0.018087871 -0.022536844 0.081387080 0.022850439 0.996165693
1341846315.298000 0.330324829 0.022650087 0.025877185 -0.025002535 0.077179775 0.026072444 0.996362567
1341846315.329931 0.339380354 0.011339758 0.036640316 -0.021915890 0.074628808 0.025651205 0.996640503
1341846315.361981 0.344971180 0.017377656 0.030664403 -0.016322307 0.073817514 0.029554630 0.996700108
1341846315.397962 0.349062592 0.018448278 0.025426924 -0.013119784 0.074069723 0.033007648 0.996620297
1341846315.429923 0.354528159 0.020532424 0.020192944 -0.010090853 0.075735092 0.035190471 0.996455729
1341846315.466047 0.372442454 0.031934887 0.018347140 -0.007872605 0.077534519 0.037873201 0.996238947
1341846315.497883 0.382246315 0.020777965 0.021017790 -0.011082686 0.079494089 0.044005673 0.995801866
1341846315.530008 0.385352165 0.021357637 0.022727687 -0.011062662 0.080745868 0.045193739 0.995648146
1341846315.566108 0.387268901 0.022298312 0.025352199 -0.011794665 0.082310654 0.046148602 0.995467782
1341846315.597986 0.387869149 0.021419188 0.026530758 -0.012030066 0.083851367 0.045425419 0.995369673
1341846315.630109 0.390682608 0.021296518 0.025168024 -0.011888025 0.084701300 0.044184454 0.995355248
1341846315.666042 0.394813091 0.023444969 0.008623041 -0.012667642 0.085876130 0.043964170 0.995254755
1341846315.698114 0.397140592 0.032466900 0.001560383 -0.016626708 0.088949740 0.041034725 0.995051622
1341846315.733985 0.386005849 0.017882489 0.027936950 -0.021154448 0.093184553 0.042479351 0.994517326
1341846315.766041 0.379972428 0.020520121 0.024985582 -0.020385871 0.091530122 0.043669421 0.994635403
1341846315.798188 0.384688705 0.019357035 0.023458593 -0.021556588 0.090259001 0.042433452 0.994780421
1341846315.834140 0.382621765 0.015221911 0.028045721 -0.020892069 0.092771381 0.040453419 0.994645953
1341846315.866751 0.371788263 0.015299622 0.021086790 -0.018418118 0.095591985 0.039270673 0.994475126
1341846315.898492 0.366483599 0.016053889 0.020736724 -0.017111186 0.096719362 0.039313979 0.994387746
1341846315.936901 0.368912101 0.011061981 0.024281107 -0.014868094 0.097567536 0.038451646 0.994374692
1341846315.966572 0.361060649 0.011473483 0.025588773 -0.011247835 0.099649511 0.037651494 0.994246364
1341846316.034204 0.344374746 0.008172832 0.022392996 -0.007948470 0.100703560 0.035013348 0.994268417
1341846316.066113 0.346514434 0.017984267 0.023738354 -0.003716118 0.099316046 0.034695283 0.994443953
1341846316.101867 0.337830871 0.021579405 0.015514836 -0.002046592 0.098196626 0.035964053 0.994514883
1341846316.134066 0.331041068 0.023272736 0.017556950 -0.002610734 0.095086351 0.032583788 0.994932175
1341846316.202049 0.315513462 0.015573310 0.019799370 -0.002818557 0.091141604 0.028893949 0.995414674
1341846316.233979 0.311367959 0.014876173 0.005395021 -0.002441332 0.089835294 0.026778547 0.995593607
1341846316.270052 0.303702056 0.017412124 0.009541966 -0.003388795 0.091126435 0.023110807 0.995565355
1341846316.301915 0.295881599 0.006526492 0.016349293 -0.004328795 0.092786565 0.021814266 0.995437622
1341846316.334208 0.287140340 0.005637509 0.019190103 -0.002805777 0.092312083 0.023325413 0.995452940
1341846316.370006 0.285540074 0.006049637 0.012999497 -0.000496047 0.090417527 0.024353378 0.995606005
1341846316.401994 0.271633178 0.006890753 0.015242916 0.001229082 0.090946756 0.025772635 0.995521486
1341846316.438069 0.263993025 -0.006018351 0.013405520 0.001690009 0.090674117 0.029345641 0.995446682
1341846316.470076 0.264903873 -0.009466253 0.023397375 0.005670242 0.089283533 0.032880045 0.995447218
1341846316.502034 0.248906091 0.006856393 0.009165078 0.009360754 0.087699294 0.033277858 0.995546937
1341846316.537975 0.228272200 0.009959488 0.003091745 0.007377593 0.086750112 0.029817943 0.995756388
1341846316.570121 0.235885292 -0.006560958 0.017566744 0.005088819 0.085361995 0.029102573 0.995911896
1341846316.601885 0.247069806 -0.007085754 0.024408996 0.007134100 0.082411923 0.030397467 0.996109128
1341846316.638009 0.220178559 -0.014752069 0.012644343 0.008663661 0.083733067 0.030095883 0.995995998
1341846316.669925 0.219021887 -0.018061059 0.013678301 0.010784250 0.082399026 0.030426832 0.996076465
1341846316.705941 0.211119622 -0.025780447 0.010083705 0.014288567 0.082770318 0.030431818 0.996001422
1341846316.738062 0.185288996 -0.007089529 0.008309433 0.018522572 0.084866494 0.030371420 0.995757043
1341846316.770433 0.183631003 -0.003812239 0.011376685 0.018110100 0.083468571 0.031952590 0.995833337
1341846316.805932 0.182101652 -0.007001355 0.013742236 0.018694019 0.082885683 0.031199928 0.995895088
1341846316.838029 0.169594452 -0.005834837 0.017846387 0.019882141 0.081935287 0.033137057 0.995888174
1341846316.870034 0.151376277 -0.012531895 0.025543306 0.019708276 0.080035917 0.033129323 0.996046364
1341846316.906344 0.148876309 -0.020529222 0.013704861 0.019998975 0.075981744 0.032933515 0.996364474
1341846316.937940 0.130815417 -0.009141047 0.010619484 0.021651531 0.076324038 0.028749403 0.996433318
1341846316.973994 0.136344299 -0.013073576 0.010381870 0.020091197 0.073012464 0.030313836 0.996667743
1341846317.005913 0.120634712 -0.013788213 0.009880554 0.019025136 0.071558610 0.028645892 0.996843398
1341846317.037936 0.109433703 -0.012616989 0.013296986 0.020013202 0.069802791 0.027439162 0.996982515
1341846317.073972 0.113615327 -0.021542260 0.009088151 0.020037862 0.066711232 0.029773921 0.997126698
1341846317.106113 0.103446163 -0.023203669 0.006522821 0.022296133 0.065166302 0.033906203 0.997048974
1341846317.137887 0.085167855 -0.026890730 0.022417672 0.024914006 0.060935598 0.035958461 0.997182608
1341846317.173970 0.079733931 -0.020453159 0.023792248 0.026906257 0.053249694 0.038962364 0.997457981
1341846317.205887 0.078204304 -0.019260237 0.010381939 0.027106121 0.049959697 0.040941838 0.997543514
1341846317.248131 0.062023476 -0.021884268 0.011745905 0.028126437 0.048655353 0.041787717 0.997544646
1341846317.306289 0.059732299 -0.022736153 0.011853704 0.029547347 0.041104078 0.049467683 0.997492015
1341846317.348137 0.050644010 -0.023760522 0.008419283 0.030519662 0.042757221 0.049303576 0.997401357
1341846317.410120 0.035644170 -0.010001311 0.028883036 0.033907831 0.042629074 0.054165021 0.997045219
1341846317.442569 0.026686816 -0.016126588 0.027523011 0.036205228 0.043776020 0.055788253 0.996825159
1341846317.474010 0.022784669 -0.021106115 0.020922177 0.040952623 0.043847378 0.057436235 0.996544719
1341846317.509927 0.012249191 -0.010194035 0.023272065 0.045232456 0.041915983 0.062045105 0.996166408
1341846317.542282 0.011584355 -0.017048696 0.006479555 0.043090627 0.037808005 0.064461932 0.996272266
1341846317.573943 -0.001887336 -0.025008593 0.015694216 0.042186972 0.040527932 0.059824627 0.996493220
1341846317.610159 -0.013898879 -0.025405295 0.019341972 0.045107845 0.043062203 0.061204549 0.996175170
1341846317.643553 -0.020673489 -0.017153066 0.014090654 0.048355773 0.041340433 0.064008996 0.995919466
1341846317.677993 -0.026238691 -0.019114567 0.021704460 0.048989519 0.037790973 0.066548839 0.995863020
1341846317.709996 -0.034938466 -0.026165482 0.029464129 0.050733954 0.035921667 0.065344483 0.995924592
1341846317.741834 -0.044951160 -0.013578296 0.034667972 0.052321699 0.035722610 0.066130728 0.995797694
1341846317.777923 -0.046905272 -0.014575831 0.035257179 0.049964469 0.033405788 0.066101685 0.996001065
1341846317.810021 -0.056127273 -0.018364051 0.042621482 0.049454767 0.032084737 0.064164124 0.996196628
1341846317.841886 -0.069475949 -0.013911899 0.036825735 0.048982061 0.031664401 0.062439755 0.996343017
1341846317.878017 -0.074742071 -0.013662698 0.040625371 0.046555266 0.031197254 0.058914050 0.996688724
1341846317.909910 -0.076083131 -0.018089937 0.037125174 0.045418888 0.031869520 0.055064272 0.996940017
1341846317.946031 -0.087525703 -0.019101748 0.044602014 0.046905383 0.033075083 0.057124741 0.996715963
1341846317.978041 -0.098570466 -0.025523864 0.049265053 0.048363987 0.032350503 0.057347577 0.996657193
1341846318.009897 -0.105596215 -0.021714631 0.037272502 0.051029243 0.032895502 0.054617729 0.996659815
1341846318.045949 -0.115188964 -0.018560998 0.036648154 0.051304467 0.034061085 0.053258225 0.996680081
1341846318.078074 -0.131113932 -0.020507557 0.038617577 0.050323013 0.033268597 0.051424272 0.996853173
1341846318.109894 -0.142510027 -0.018726014 0.037134800 0.050019506 0.029155921 0.048428357 0.997147262
1341846318.145957 -0.139557213 -0.020031460 0.036137167 0.049430277 0.026715903 0.045342043 0.997390091
1341846318.178001 -0.143250614 -0.022817440 0.039267771 0.048560318 0.026658528 0.043114599 0.997533143
1341846318.214074 -0.171568543 -0.027121574 0.024876779 0.049368653 0.026306145 0.042001892 0.997550309
1341846318.245970 -0.172318488 -0.034471396 0.031502198 0.051266350 0.020347381 0.042704903 0.997564077
1341846318.278018 -0.173992261 -0.030026054 0.034481823 0.055748243 0.015017593 0.043755431 0.997372627
1341846318.313937 -0.183043554 -0.029700050 0.040978923 0.058030143 0.008664207 0.044093195 0.997302949
1341846318.345989 -0.184781522 -0.029851973 0.046649124 0.059566990 -0.001064210 0.043150127 0.997290671
1341846318.382046 -0.194060445 -0.029103957 0.058141213 0.062217329 -0.007564417 0.042589553 0.997124851
1341846318.414072 -0.224667281 -0.035533775 0.032481994 0.062319394 -0.011558902 0.041897800 0.997109473
1341846318.446035 -0.234379902 -0.037819240 0.024053315 0.064519025 -0.017821934 0.042863294 0.996836245
1341846318.482196 -0.227777749 -0.033515628 0.035354823 0.066041715 -0.020668196 0.042318556 0.996704817
1341846318.514144 -0.233820170 -0.031104192 0.030586660 0.066666543 -0.022685383 0.044650409 0.996517599
1341846318.546259 -0.237122238 -0.039537158 0.041185983 0.067224458 -0.023471180 0.042908505 0.996538460
1341846318.582042 -0.245877147 -0.032266818 0.037024811 0.069626637 -0.023463450 0.042582951 0.996387661
1341846318.614115 -0.274584830 -0.033908658 0.027381826 0.068738170 -0.021351214 0.039870750 0.996609032
1341846318.650038 -0.266667426 -0.027160143 0.042508617 0.069347784 -0.023764247 0.038998891 0.996546686
1341846318.682350 -0.274013788 -0.026019864 0.042208362 0.069287084 -0.024436487 0.038590137 0.996550560
1341846318.714063 -0.288012892 -0.031012790 0.035665534 0.067960486 -0.024813766 0.036770653 0.996701360
1341846318.749905 -0.296366513 -0.035728846 0.034694418 0.068393514 -0.024627518 0.038792014 0.996599734
1341846318.782036 -0.309102178 -0.029759858 0.042786192 0.070941336 -0.025074264 0.039576761 0.996379614
1341846318.814121 -0.317774385 -0.034007125 0.040239781 0.070556588 -0.030132461 0.038351163 0.996314764
1341846318.850072 -0.326034516 -0.045920547 0.030697104 0.069795080 -0.036140442 0.036742367 0.996229172
1341846318.883516 -0.328894079 -0.048542917 0.009581245 0.072849333 -0.044358511 0.036189318 0.995698631
1341846318.918047 -0.345211506 -0.038823374 0.016850106 0.076315247 -0.055676103 0.033102024 0.994977653
1341846318.950044 -0.368953764 -0.042724561 0.013679087 0.078179881 -0.063482009 0.030770715 0.994440079
1341846318.982028 -0.377972096 -0.048240356 0.004547723 0.078802459 -0.067015201 0.027690964 0.994249642
1341846319.018123 -0.385124922 -0.048509426 0.009913027 0.078721672 -0.072348051 0.026802240 0.993906617
1341846319.050745 -0.381273061 -0.047942642 0.015222117 0.080231875 -0.079685740 0.026406635 0.993234992
1341846319.081905 -0.384804100 -0.043977745 0.017942570 0.086310908 -0.079771653 0.023767769 0.992784977
1341846319.117976 -0.412539214 -0.052736349 0.008565612 0.088201612 -0.077713773 0.028475285 0.992658138
1341846319.150093 -0.412551165 -0.051221840 0.001611844 0.090057701 -0.083061427 0.036964629 0.991778195
1341846319.186069 -0.400403619 -0.031688888 0.003420599 0.092642471 -0.085289724 0.037028622 0.991348565
1341846319.218149 -0.427888662 -0.031584132 -0.009399742 0.088637210 -0.078936189 0.035994735 0.992278636
1341846319.250034 -0.433303803 -0.017103471 0.009164311 0.084401667 -0.072662279 0.033138629 0.993226230
1341846319.286594 -0.430783898 -0.026597913 0.025781758 0.081342034 -0.070693053 0.037983797 0.993450165
1341846319.318034 -0.438194424 -0.027168456 0.032529522 0.082224235 -0.069852695 0.040699143 0.993329406
1341846319.350268 -0.461383939 -0.038497716 0.009931505 0.082682557 -0.068044215 0.046589870 0.993158102
1341846319.386163 -0.467057496 -0.041985996 0.024063423 0.083860047 -0.073213860 0.055731677 0.992220342
1341846319.418386 -0.458575457 -0.049084362 -0.012827281 0.083336361 -0.079481073 0.059249215 0.991578221
1341846319.453961 -0.466627568 -0.034778293 0.003191397 0.085604906 -0.080691405 0.053662241 0.991605282
1341846319.486271 -0.471069962 -0.035948083 -0.006443664 0.084024891 -0.081154242 0.053679764 0.991701782
1341846319.554083 -0.487084895 -0.037375636 -0.002368428 0.078958161 -0.087239400 0.052344773 0.991672754
1341846319.586296 -0.508824885 -0.036846500 0.008181319 0.079831980 -0.086378329 0.048648134 0.991866410
1341846319.622031 -0.533457637 -0.034772024 -0.013310708 0.078574419 -0.088153571 0.044684086 0.991997123
1341846319.653962 -0.531697810 -0.043831009 0.008276120 0.077139176 -0.094306991 0.044537343 0.991550386
1341846319.686352 -0.537966847 -0.042912900 0.007548288 0.079226442 -0.098009333 0.046101771 0.990955055
1341846319.721992 -0.547751307 -0.038617790 0.005945057 0.080170274 -0.101803541 0.047146443 0.990447402
1341846319.754063 -0.550513506 -0.021031246 0.010180548 0.078571372 -0.104609646 0.045850787 0.990343869
1341846319.786397 -0.555249810 -0.028085714 0.016107522 0.073601581 -0.104534879 0.050567128 0.990504026
1341846319.822008 -0.562600672 -0.028787823 0.008354656 0.070056468 -0.105291665 0.053888943 0.990505815
1341846319.853917 -0.567440033 -0.028294345 0.007109001 0.065134466 -0.106342308 0.057888336 0.990503788
1341846319.889942 -0.568286657 -0.036006339 0.014930323 0.061526503 -0.107224479 0.062828414 0.990338326
1341846319.922039 -0.570705473 -0.045919202 0.004372142 0.060420796 -0.111989349 0.064940587 0.989742637
1341846319.953946 -0.567793071 -0.054488003 0.018883422 0.060232639 -0.118701786 0.061920114 0.989165246
1341846319.990054 -0.571092725 -0.046567421 0.015901119 0.063963048 -0.121211894 0.054044016 0.989088297
1341846320.028122 -0.576556861 -0.049570255 0.017416328 0.065825872 -0.124460652 0.053276386 0.988604128
1341846320.090047 -0.556780875 -0.035531461 0.029395312 0.072160974 -0.133161366 0.053315330 0.987024963
1341846320.122011 -0.553784788 -0.032319944 0.027902156 0.073114075 -0.130599990 0.053866930 0.987267137
1341846320.157952 -0.544891238 -0.034212418 0.039432660 0.073277421 -0.128392085 0.054505128 0.987509549
1341846320.190003 -0.534249842 -0.037830383 0.035408452 0.076022796 -0.125012696 0.052652311 0.987836063
1341846320.221941 -0.528029740 -0.039702639 0.031120606 0.079872124 -0.121388689 0.053633504 0.987931550
1341846320.258015 -0.512452066 -0.049299460 0.041414119 0.082970724 -0.121380463 0.056780953 0.987501204
1341846320.289887 -0.505913675 -0.062316608 0.026439339 0.087336928 -0.121808901 0.057428766 0.987034380
1341846320.321954 -0.494101644 -0.059712261 0.024316944 0.096577287 -0.123050705 0.057014529 0.986042976
1341846320.357890 -0.476417750 -0.045053378 0.041370578 0.102866411 -0.123675883 0.058777690 0.985224843
1341846320.390064 -0.461637318 -0.042677760 0.026183948 0.104202658 -0.119998291 0.058268223 0.985569417
1341846320.426544 -0.435701519 -0.046308409 0.064137831 0.106605977 -0.113455191 0.055504639 0.986246586
1341846320.458122 -0.451297134 -0.046680078 0.044500411 0.107785746 -0.104376040 0.051546648 0.987335205
1341846320.490186 -0.404084295 -0.050046243 0.040124014 0.111442283 -0.099419609 0.050607804 0.987489343
1341846320.525911 -0.418375015 -0.053973787 0.007202044 0.113834739 -0.089484774 0.048762336 0.988259315
1341846320.558091 -0.405349731 -0.046014562 0.011255220 0.115956590 -0.086279690 0.044428896 0.988501847
1341846320.594093 -0.400761783 -0.048743479 0.018502533 0.116246656 -0.080933511 0.041565944 0.989044368
1341846320.631955 -0.391915172 -0.043731995 0.021409705 0.119197987 -0.073108129 0.040488664 0.989347100
1341846320.664916 -0.382311314 -0.037469864 0.017410114 0.119690925 -0.070583515 0.038876887 0.989535511
1341846320.699927 -0.354633540 -0.042745177 0.026085142 0.119264767 -0.068701118 0.037733737 0.989763737
1341846320.731822 -0.345311284 -0.040518723 0.030456811 0.121959977 -0.061858907 0.037061486 0.989911973
1341846320.763877 -0.349124253 -0.013849380 0.000207271 0.121176198 -0.059990879 0.036147799 0.990156949
1341846320.799999 -0.333994389 -0.038064577 0.017939109 0.112077966 -0.061809782 0.033397716 0.991212726
1341846320.831871 -0.263973325 -0.046210416 0.030192308 0.112906508 -0.055721242 0.026707565 0.991682410
1341846320.863887 -0.317631632 -0.017157093 -0.001153754 0.114300303 -0.042208824 0.027002143 0.992181838
1341846320.900014 -0.303482115 -0.034728579 0.014553200 0.106252164 -0.048124012 0.033627570 0.992604494
1341846320.931889 -0.275964528 -0.042153291 0.016824584 0.107247479 -0.048798971 0.031848766 0.992523193
1341846320.967866 -0.284267962 -0.011941133 0.018729934 0.108776577 -0.041817676 0.027268833 0.992811859
1341846321.000017 -0.279678941 -0.017582659 0.027550608 0.102399647 -0.041478518 0.025114719 0.993560851
1341846321.031860 -0.260650098 -0.029489975 0.024585165 0.099731021 -0.041398086 0.023363685 0.993878305
1341846321.068047 -0.251694322 -0.020131622 0.026487470 0.100764886 -0.037849192 0.020651868 0.993975520
1341846321.099840 -0.249900043 -0.021979418 0.019574922 0.098199360 -0.036231559 0.021396879 0.994276762
1341846321.131821 -0.225213185 -0.035748150 0.022967009 0.097602226 -0.035777755 0.023261517 0.994310200
1341846321.167887 -0.220572919 -0.028826345 0.025605749 0.100717798 -0.031542648 0.023837574 0.994129181
1341846321.200042 -0.213116154 -0.024548586 0.027212411 0.101291299 -0.029342556 0.023580644 0.994144380
1341846321.231950 -0.206911966 -0.031219110 0.024342749 0.100297756 -0.028130924 0.021779811 0.994321167
1341846321.267939 -0.190854266 -0.026564565 0.013788559 0.101034932 -0.026423136 0.017155778 0.994383931
1341846321.299948 -0.182308480 -0.029325377 0.018651521 0.099631771 -0.022052914 0.010978837 0.994719386
1341846321.331858 -0.179212511 -0.033491213 0.024894102 0.099572107 -0.019040197 0.007124576 0.994822621
1341846321.367913 -0.157398194 -0.038963798 0.023788370 0.100777656 -0.017312789 0.003499867 0.994752169
1341846321.399897 -0.155077741 -0.036443077 0.019721640 0.102687374 -0.011540588 0.001869120 0.994644940
1341846321.435994 -0.148899093 -0.039754696 0.028873254 0.103914663 -0.008347434 0.002623090 0.994547725
1341846321.467946 -0.134945169 -0.038689580 0.027981373 0.105844982 -0.006344954 0.003408499 0.994356573
1341846321.499882 -0.126485214 -0.035027966 0.026226554 0.107498311 -0.003531939 0.003505650 0.994192839
1341846321.536109 -0.103533663 -0.026118102 0.018601969 0.107672781 0.000894678 0.000199181 0.994185984
1341846321.568960 -0.116544105 -0.016464256 0.036612518 0.105277188 0.008915418 -0.002738377 0.994399190
1341846321.603938 -0.107713893 -0.026035227 0.027614884 0.101150647 0.011067159 -0.002206222 0.994807124
1341846321.637163 -0.057625677 -0.036746535 0.006400484 0.096444257 0.013203137 -0.000456987 0.995250702
1341846321.668306 -0.081537642 -0.016500751 0.033711787 0.094819985 0.023975451 0.000475161 0.995205641
1341846321.704411 -0.096783556 -0.022660408 0.041892212 0.090828225 0.026480092 0.008307464 0.995479822
1341846321.736861 -0.088059038 -0.021882445 0.040234171 0.089780755 0.024053100 0.016251931 0.995538473
1341846321.771881 -0.072121985 -0.005152709 0.038124081 0.088231005 0.023187349 0.021401221 0.995600224
1341846321.804114 -0.063194759 -0.007443526 0.042879075 0.084192172 0.025376722 0.023732800 0.995843589
1341846321.836152 -0.064480096 -0.003266874 0.046802256 0.081509501 0.028202122 0.024421534 0.995974123
1341846321.871882 -0.056274015 0.007149378 0.048774496 0.076497838 0.028854260 0.022944557 0.996387959
1341846321.904074 -0.048742048 0.004927866 0.047331434 0.070103750 0.029976215 0.019216709 0.996904016
1341846321.939847 -0.050133899 0.000625625 0.056031760 0.065916710 0.033541113 0.015549708 0.997139990
1341846322.004094 -0.053384826 -0.005909026 0.060204376 0.058694549 0.031634819 0.015830399 0.997649074
1341846322.066178 -0.033849955 -0.014131492 0.053846255 0.053483758 0.035651810 0.012686972 0.997851431
1341846322.107979 -0.035737634 -0.031087659 0.058150642 0.050396826 0.037708677 0.011895308 0.997946262
1341846322.166164 -0.036708735 -0.054797482 0.049689937 0.052969169 0.037466902 0.012298857 0.997817278
1341846322.202932 -0.032578271 -0.056615457 0.052385818 0.054653436 0.034640621 0.012421262 0.997827053
1341846322.234093 -0.040748276 -0.057764206 0.054391682 0.054190181 0.034356866 0.008309331 0.997904837
1341846322.265941 -0.033733472 -0.065081857 0.055373333 0.051475290 0.030673716 0.011025870 0.998142242
1341846322.301996 -0.027144482 -0.080282316 0.056856103 0.049234189 0.028683173 0.011550603 0.998308539
1341846322.333949 -0.037649371 -0.097006075 0.050744213 0.047880668 0.027378183 0.010981865 0.998417377
1341846322.369871 -0.022458639 -0.111824043 0.055419009 0.048394017 0.020629670 0.008908413 0.998575509
1341846322.402292 -0.015646046 -0.124163240 0.049642213 0.050586861 0.022442000 0.001204984 0.998466790
1341846322.433955 -0.026224475 -0.152059630 0.047911149 0.053769883 0.024495799 -0.001979931 0.998250902
1341846322.470030 -0.027613794 -0.157101989 0.055886768 0.063348688 0.020137988 0.001340328 0.997787356
1341846322.502433 -0.022880504 -0.168479875 0.059639409 0.069513775 0.017194623 0.003711347 0.997425854
1341846322.534002 -0.008821649 -0.189779639 0.055878110 0.076406106 0.015958289 0.006402127 0.996928513
1341846322.570196 -0.016385015 -0.203989521 0.053362995 0.085796952 0.016654270 0.007036559 0.996148586
1341846322.601920 -0.020168299 -0.205038443 0.050295830 0.092264518 0.013709736 0.010412585 0.995585680
1341846322.638119 -0.002865028 -0.222205415 0.054496210 0.097334415 0.009371251 0.010732071 0.995149732
1341846322.669947 0.018058347 -0.240965039 0.064688325 0.100525722 0.010821778 0.012774830 0.994793534
1341846322.702026 0.003499385 -0.252732396 0.060648661 0.103020050 0.013458005 0.014395598 0.994484007
1341846322.738006 0.006911645 -0.249126703 0.062536150 0.105053492 0.010447727 0.015835000 0.994285583
1341846322.770087 0.018258957 -0.273665130 0.066777200 0.104027674 0.010664830 0.016145905 0.994386137
1341846322.806047 0.004672695 -0.287731081 0.057780292 0.107486583 0.011517069 0.016471056 0.994003356
1341846322.838063 0.000630220 -0.291182131 0.055958577 0.109628931 0.007369141 0.018823395 0.993767023
1341846322.870081 0.009253378 -0.304082960 0.067244783 0.111480020 0.001708530 0.019787209 0.993568182
1341846322.906018 0.024063602 -0.307984799 0.070150435 0.116622388 -0.000408916 0.020325327 0.992968202
1341846322.938349 0.017897952 -0.293857962 0.065839916 0.117680892 0.000997544 0.021134904 0.992826045
1341846322.970069 0.019755639 -0.298686832 0.069437720 0.112957425 0.000423658 0.023209557 0.993328571
1341846323.011820 0.020773616 -0.316328496 0.071450248 0.109840073 0.000963651 0.023283405 0.993676066
1341846323.073951 0.020888176 -0.317975461 0.069680803 0.107026130 0.000646167 0.028342877 0.993851960
1341846323.105962 0.020232152 -0.336392313 0.076870412 0.103575505 0.000900751 0.028227137 0.994220555
1341846323.138158 0.023528095 -0.340043962 0.075052850 0.104237750 0.000625564 0.024199013 0.994257748
1341846323.174092 0.019034330 -0.341362000 0.076743893 0.102287315 0.000548490 0.022850187 0.994492233
1341846323.206059 0.027143363 -0.345278740 0.077655964 0.099600427 -0.000488762 0.020598935 0.994814157
1341846323.238053 0.027500117 -0.344918638 0.078519300 0.097652353 0.002619932 0.017815011 0.995057642
1341846323.273997 0.015120443 -0.349576384 0.070585929 0.092843011 0.003138694 0.020022504 0.995474458
1341846323.305946 0.026573820 -0.354256034 0.087623268 0.088195771 -0.001536081 0.021272462 0.995874822
1341846323.342027 0.054893564 -0.372537404 0.091729738 0.085583240 -0.001498438 0.019860035 0.996131957
1341846323.374048 0.027876705 -0.378176272 0.092168182 0.086123139 0.003765550 0.020852242 0.996059120
1341846323.405987 0.012687558 -0.391926318 0.074940026 0.085794769 0.000322042 0.025865385 0.995976985
1341846323.441956 0.031005912 -0.398681223 0.089568414 0.087081082 -0.004643460 0.028093666 0.995794177
1341846323.473878 0.034719907 -0.412214696 0.088230729 0.090930201 -0.003250557 0.026101932 0.995509863
1341846323.506129 0.027764944 -0.404582500 0.088744283 0.093899332 -0.003048800 0.023664707 0.995295763
1341846323.541972 0.040180549 -0.404111445 0.091327466 0.092665873 -0.003986889 0.021666665 0.995453537
1341846323.573913 0.060387466 -0.422478288 0.083270684 0.091198437 -0.001001406 0.017064307 0.995685995
1341846323.609927 0.039361779 -0.422965705 0.079488687 0.091998734 0.007009444 0.011558619 0.995667338
1341846323.642014 0.027469261 -0.433493257 0.080246896 0.090697236 0.009235761 0.012466976 0.995757639
1341846323.674081 0.030502146 -0.444611639 0.087079838 0.090479895 0.006808108 0.015672335 0.995751679
1341846323.710069 0.033434521 -0.464398295 0.082879066 0.091460347 0.005343284 0.020012522 0.995593250
1341846323.742111 0.031662196 -0.471891642 0.080704331 0.095971406 0.003558604 0.020919219 0.995157897
1341846323.774928 0.031943474 -0.468105227 0.082336895 0.099890262 0.001378015 0.017683411 0.994840324
1341846323.810012 0.032066584 -0.480482221 0.071933173 0.100884691 0.000423034 0.013022567 0.994812787
1341846323.842207 0.031082487 -0.477916479 0.063648403 0.102545314 0.001253296 0.007116724 0.994702101
1341846323.878019 0.025067769 -0.491670102 0.061633214 0.102586836 0.000808869 0.003316355 0.994718194
1341846323.909826 0.036793113 -0.511154413 0.058089316 0.105215065 -0.001980238 0.000396965 0.994447470
1341846323.942459 0.029897740 -0.508513391 0.057425484 0.109369338 -0.001343549 -0.000007270 0.994000256
1341846323.978055 0.025408955 -0.516063929 0.048411153 0.111386977 -0.004004354 0.001120056 0.993768394
1341846324.015934 0.034647465 -0.509223163 0.074561171 0.115743898 -0.007462684 0.002975804 0.993246615
1341846324.047722 0.035569385 -0.507042766 0.053197637 0.118994400 -0.005131567 0.000639608 0.992881477
1341846324.083904 0.034591302 -0.495551080 0.053809673 0.119169913 -0.003690574 0.000932868 0.992866576
1341846324.115968 0.036470305 -0.490074575 0.053528018 0.117385514 -0.002064768 -0.001693670 0.993082821
1341846324.151967 0.040409375 -0.477141947 0.057301752 0.117456503 0.000221951 -0.006093047 0.993059337
1341846324.183941 0.027945373 -0.457388341 0.061379038 0.116937533 0.005684363 -0.011184444 0.993059993
1341846324.219984 0.022250276 -0.454464763 0.068590239 0.112941198 0.007635190 -0.010165559 0.993520319
1341846324.251968 0.015878931 -0.452646405 0.068904735 0.112472065 0.008285503 -0.011620213 0.993552387
1341846324.284052 0.013436523 -0.439924479 0.079980224 0.113245808 0.007260321 -0.012293580 0.993464410
1341846324.319880 0.006983948 -0.424692988 0.072930343 0.112270385 0.004156039 -0.013038703 0.993583441
1341846324.351917 0.023960004 -0.427603215 0.067985088 0.106326148 -0.000952684 -0.011870881 0.994259953
1341846324.388001 0.033140596 -0.421320707 0.068440668 0.101968534 -0.001266990 -0.015389849 0.994667768
1341846324.419908 0.027173715 -0.403482050 0.069439478 0.097676188 0.001388312 -0.018032592 0.995053887
1341846324.452027 0.020142134 -0.407913446 0.072605312 0.092201851 0.002041870 -0.018588269 0.995564699
1341846324.487928 0.018134836 -0.398820579 0.073348880 0.091158643 0.001683670 -0.016285866 0.995701730
1341846324.519985 0.004333952 -0.385956824 0.074386865 0.089960203 0.000077927 -0.011974756 0.995873332
1341846324.556001 0.005928138 -0.364840299 0.077198111 0.089107081 -0.004913651 -0.007641633 0.995980620
1341846324.587888 0.015296932 -0.350013942 0.086582556 0.085847184 -0.008915804 -0.004074167 0.996260107
1341846324.620086 0.011764915 -0.348922402 0.082538217 0.083018042 -0.010982607 -0.007188227 0.996461570
1341846324.655955 0.017538242 -0.334533453 0.084731579 0.082089178 -0.012428738 -0.008171238 0.996513963
1341846324.688082 0.010272153 -0.333484918 0.086789861 0.081090510 -0.011718254 -0.007747093 0.996607721
1341846324.755922 -0.001501150 -0.296355337 0.087524481 0.083085693 -0.014753641 -0.003216797 0.996427953
1341846324.814016 0.019494839 -0.261826485 0.079577327 0.078635938 -0.021632474 -0.005946158 0.996650934
1341846324.849979 0.004242667 -0.256067365 0.095669381 0.072588868 -0.017466724 -0.008895579 0.997169316
1341846324.881924 -0.004542386 -0.249801725 0.099293962 0.070044674 -0.018330008 -0.009424440 0.997330904
1341846324.913902 0.000191495 -0.241161093 0.102030627 0.068816163 -0.020163519 -0.005535190 0.997410178
1341846324.949999 0.001531172 -0.247904629 0.097495079 0.068449460 -0.020276478 -0.002491054 0.997445405
1341846324.981922 -0.013956145 -0.242555559 0.097076707 0.072976939 -0.021744866 0.000109853 0.997096539
1341846325.018013 -0.012647051 -0.225158989 0.095769331 0.077599853 -0.027145097 0.003019351 0.996610403
1341846325.050079 -0.020741399 -0.209435120 0.094284102 0.079812117 -0.031482369 0.001206045 0.996311963
1341846325.081901 -0.016552964 -0.189535320 0.092996880 0.079471149 -0.037128672 -0.000606663 0.996145308
1341846325.118531 -0.000668847 -0.170886368 0.091862217 0.075927943 -0.039579220 -0.002946054 0.996323109
1341846325.149933 -0.002923583 -0.173106745 0.089456171 0.069875523 -0.037170786 -0.004170098 0.996854246
1341846325.181925 -0.006804014 -0.168387115 0.086057216 0.066500165 -0.035776794 -0.001639809 0.997143447
1341846325.218055 -0.008968100 -0.161914438 0.092241637 0.063746803 -0.035598364 0.002159546 0.997328699
1341846325.249811 -0.014151611 -0.154448032 0.101717278 0.061576139 -0.035382885 0.005340933 0.997460723
1341846325.285925 -0.009243186 -0.145045847 0.103330493 0.059035309 -0.036218602 0.008320031 0.997563958
1341846325.317988 0.005051832 -0.146525860 0.105516009 0.056484684 -0.035012845 0.011022270 0.997728467
1341846325.349844 -0.004427950 -0.148506030 0.113034815 0.059434075 -0.029213857 0.013030373 0.997719586
1341846325.387302 -0.001997012 -0.136600375 0.113837190 0.064368047 -0.026701538 0.016063403 0.997439623
1341846325.417931 0.008597378 -0.132915050 0.120091908 0.066804074 -0.022468932 0.018372575 0.997343898
1341846325.450747 0.019822497 -0.139520362 0.123545960 0.070971221 -0.015074622 0.021336833 0.997136176
1341846325.485954 -0.004780882 -0.115167372 0.118451908 0.080910273 -0.006585249 0.022178153 0.996452868
1341846325.517875 -0.006031786 -0.109733477 0.113661349 0.084053323 -0.003900721 0.025021441 0.996139467
1341846325.553859 -0.004057590 -0.101171918 0.124132968 0.087275460 -0.000307676 0.024754362 0.995876551
1341846325.585855 -0.011093110 -0.084216341 0.117862672 0.089774296 0.003052248 0.022319160 0.995707393
1341846325.617990 -0.013698271 -0.062296607 0.115324356 0.087749466 0.005008219 0.020527121 0.995918512
1341846325.653982 -0.014998578 -0.080420658 0.123938486 0.083733462 0.006783467 0.018078860 0.996301055
1341846325.685819 -0.015800191 -0.079472803 0.125729680 0.088928953 0.008130437 0.019650269 0.995810926
1341846325.717857 -0.019332219 -0.065092415 0.128630072 0.093742594 0.009394245 0.026761128 0.995192409
1341846325.754083 -0.029488612 -0.042879913 0.126455426 0.098600440 0.010132991 0.029092332 0.994650185
1341846325.786087 -0.024525210 -0.036748946 0.124839753 0.105044715 0.010262338 0.030574435 0.993944466
1341846325.821856 -0.021261394 -0.038096234 0.131037965 0.107509531 0.011676235 0.033812772 0.993560314
1341846325.853827 -0.029629258 -0.031193092 0.133007184 0.108156428 0.012742307 0.037372496 0.993349433
1341846325.885958 -0.038742851 -0.017554244 0.129619345 0.109019414 0.010474037 0.043025181 0.993052840
1341846325.921984 -0.037885081 0.008863319 0.137919098 0.110115625 0.006487587 0.045808170 0.992841482
1341846325.953899 -0.027809037 0.013945810 0.142045766 0.113108762 0.006367948 0.047456771 0.992428243
1341846325.985823 -0.032538459 0.027462212 0.144357800 0.116143979 0.009551776 0.051588476 0.991845787
1341846326.021991 -0.036997624 0.023945166 0.144808069 0.118140437 0.009775042 0.057518013 0.991281509
1341846326.054055 -0.031250775 0.036784869 0.143617898 0.123574950 0.008674072 0.061268527 0.990404129
1341846326.089984 -0.027202073 0.058373637 0.145698816 0.126858085 0.010288147 0.060040284 0.990048707
1341846326.121822 -0.030531958 0.067718297 0.144942805 0.126467660 0.014772864 0.057470512 0.990194380
1341846326.154079 -0.036674559 0.070052683 0.160043970 0.126977682 0.017568016 0.056264125 0.990152717
1341846326.190178 -0.040727690 0.080449618 0.159243703 0.129395723 0.017339759 0.058218103 0.989730656
1341846326.222162 -0.041880213 0.099867024 0.158556819 0.129216850 0.015261328 0.064580888 0.989393413
1341846326.259181 -0.040710479 0.110342667 0.165347278 0.126006305 0.012436456 0.068675660 0.989571273
1341846326.322766 -0.036323804 0.134961113 0.167650372 0.118989863 0.011955987 0.067516640 0.990525126
1341846326.359773 -0.035938520 0.138217092 0.162874803 0.114847325 0.013637275 0.064840980 0.991170943
1341846326.392109 -0.034564808 0.132590026 0.176876262 0.113189191 0.015438397 0.065660134 0.991281331
1341846326.423985 -0.040350560 0.140826836 0.181630507 0.117856413 0.016588332 0.071550548 0.990310669
1341846326.459869 -0.041180573 0.154770166 0.182300836 0.119927369 0.013561515 0.075326815 0.989827991
1341846326.526163 -0.034194574 0.191340894 0.180533081 0.120716617 0.015268734 0.074353799 0.989780724
1341846326.560211 -0.033989608 0.193884000 0.195307299 0.114923306 0.018772451 0.075357810 0.990334034
1341846326.591828 -0.038190439 0.197514087 0.198214337 0.111735865 0.021070004 0.076980628 0.990527749
1341846326.627027 -0.034195617 0.210174441 0.189763412 0.111444391 0.022567552 0.075818829 0.990617156
1341846326.658442 -0.033213444 0.229648367 0.195971429 0.110304713 0.026503207 0.074031517 0.990782440
1341846326.694856 -0.041088276 0.239719242 0.203688934 0.106377698 0.030340321 0.074350953 0.991077781
1341846326.726206 -0.043310188 0.256799549 0.205160394 0.101161413 0.031594723 0.071623124 0.991785407
1341846326.762753 -0.035010725 0.266550332 0.195770979 0.095165409 0.033413071 0.069752507 0.992452383
1341846326.826821 -0.042698760 0.298203707 0.202812448 0.080996342 0.039843343 0.065510966 0.993760765
1341846326.858887 -0.045543469 0.302165568 0.216455042 0.072574966 0.041248966 0.064035714 0.994450033
1341846326.895360 -0.042719714 0.283776760 0.233695626 0.067574024 0.040707190 0.066367999 0.994671822
1341846326.926897 -0.043960519 0.292008400 0.233560264 0.069633394 0.037169471 0.067476086 0.994593680
1341846326.958888 -0.036413707 0.305133581 0.235439748 0.072417378 0.034250271 0.070556618 0.994285882
1341846326.994594 -0.032101594 0.323545337 0.233691454 0.073824562 0.034294315 0.073076203 0.993998885
1341846327.026301 -0.040342122 0.338685453 0.242109969 0.072458930 0.036361404 0.072337419 0.994079947
1341846327.063945 -0.035691507 0.341300756 0.248293042 0.068988420 0.038173288 0.069543146 0.994458258
1341846327.094662 -0.037529815 0.351636082 0.251556635 0.068898477 0.040556718 0.067102239 0.994537771
1341846327.128901 -0.036362767 0.362180501 0.247676417 0.067841940 0.040754311 0.065077811 0.994736910
1341846327.161940 -0.040078446 0.373843789 0.252829373 0.067186348 0.039641567 0.065995261 0.994765878
1341846327.193867 -0.030397113 0.374208868 0.247932062 0.065284684 0.040236738 0.064856015 0.994943500
1341846327.229885 -0.029648850 0.390718758 0.246945709 0.066753313 0.043340672 0.063382939 0.994810641
1341846327.262014 -0.014080441 0.406305939 0.254004508 0.066664919 0.046345137 0.060344696 0.994870067
1341846327.294023 -0.037728999 0.403645635 0.247373864 0.068637289 0.061987653 0.053975571 0.994250000
1341846327.330015 -0.036244459 0.434283167 0.225322947 0.072618864 0.070599742 0.049524803 0.993624389
1341846327.361939 -0.021293974 0.450283080 0.259415358 0.070567101 0.074821390 0.045890156 0.993637800
1341846327.393887 -0.024806531 0.460565329 0.264209092 0.069244169 0.077388771 0.039048932 0.993826628
1341846327.429966 -0.031653441 0.484469026 0.258454978 0.069096588 0.077335007 0.040552020 0.993780911
1341846327.461965 -0.043517768 0.483898699 0.261289418 0.058056951 0.074104436 0.038895741 0.994799018
1341846327.497931 -0.029558055 0.500149012 0.275394976 0.054958481 0.071574256 0.036048617 0.995267391
1341846327.530068 -0.033748806 0.508740127 0.276628405 0.053005271 0.072595358 0.038978882 0.995188951
1341846327.561895 -0.043537788 0.516545594 0.287228823 0.051271334 0.071619444 0.044729475 0.995108604
1341846327.598010 -0.053685520 0.522347689 0.289619088 0.052805014 0.069518484 0.047493745 0.995049298
1341846327.629945 -0.056742586 0.538566232 0.285323858 0.053632256 0.064476810 0.048224367 0.995309353
1341846327.662003 -0.052465051 0.544291377 0.289345264 0.053857103 0.060503379 0.044041909 0.995740473
1341846327.697919 -0.042920969 0.566103995 0.290457964 0.057480261 0.058043364 0.045490503 0.995619178
1341846327.730075 -0.072410762 0.579146504 0.283113897 0.052511305 0.061509207 0.045942999 0.995664835
1341846327.766017 -0.047398597 0.588846028 0.291840732 0.048464600 0.057000536 0.046898596 0.996093690
1341846327.797917 -0.047368981 0.621015370 0.293719232 0.046288986 0.056374654 0.049218174 0.996120870
1341846327.830054 -0.045535751 0.611682951 0.295449644 0.036520332 0.055693481 0.048809335 0.996585250
1341846327.865944 -0.037194222 0.635261595 0.301704854 0.035480782 0.055787209 0.049557261 0.996580660
1341846327.898010 -0.050414454 0.636573792 0.299248606 0.031058744 0.058625735 0.050267808 0.996529758
1341846327.929991 -0.045520499 0.651057780 0.305706829 0.027837377 0.056088537 0.048041072 0.996880770
1341846327.966065 -0.041585710 0.666682601 0.303622097 0.024353825 0.055244416 0.047593422 0.997040510
1341846327.998073 -0.040990133 0.675219417 0.306044847 0.017956872 0.056037534 0.044855952 0.997258842
1341846328.034045 -0.043738212 0.674976647 0.307988822 0.011110211 0.057435062 0.042741675 0.997372031
1341846328.065993 -0.041823711 0.677391112 0.307746887 0.005612025 0.057896007 0.043294009 0.997367620
1341846328.098045 -0.047150481 0.660860181 0.312474370 0.002868657 0.059386171 0.043426968 0.997285843
1341846328.133967 -0.046647362 0.668998957 0.310785264 0.007074195 0.057827681 0.047802519 0.997156382
1341846328.166023 -0.047974765 0.664670885 0.305527836 0.006560013 0.054863364 0.049166843 0.997261047
1341846328.198018 -0.047546346 0.642602146 0.307824582 0.004565970 0.052032359 0.045947887 0.997577369
1341846328.234044 -0.047891624 0.632442951 0.306499332 0.007115577 0.050810512 0.044359591 0.997697294
1341846328.265899 -0.044381380 0.623981893 0.299689829 0.009113502 0.048331756 0.045380577 0.997758269
1341846328.302051 -0.043376617 0.600529969 0.289432347 0.010003852 0.048283458 0.044633660 0.997785747
1341846328.333917 -0.046636231 0.586707473 0.291433066 0.013667320 0.048893791 0.047272746 0.997591019
1341846328.366008 -0.059117004 0.563491583 0.308369637 0.018191855 0.050122112 0.042938855 0.997653782
1341846328.402010 -0.052767158 0.537775874 0.303552598 0.028695503 0.051149644 0.044961464 0.997265637
1341846328.433920 -0.050446596 0.530136704 0.302704602 0.034255140 0.048582315 0.046928309 0.997127950
1341846328.470003 -0.042616531 0.502700508 0.285806865 0.032797810 0.046958629 0.039210331 0.997587979
1341846328.502194 -0.039324876 0.477932245 0.287947476 0.033993181 0.048982482 0.031292040 0.997730434
1341846328.534033 -0.037691414 0.451758981 0.284344286 0.033743948 0.051905904 0.028064569 0.997687042
1341846328.570125 -0.040808864 0.432775468 0.284784555 0.035601977 0.053010020 0.028462486 0.997553170
1341846328.602804 -0.050374676 0.396847814 0.233947262 0.038922917 0.049079251 0.034373160 0.997444093
1341846328.672663 -0.046558987 0.359633178 0.227171361 0.047867466 0.036558382 0.032059520 0.997669458
1341846328.702975 -0.035541549 0.343015581 0.239962384 0.050889242 0.032098185 0.030999793 0.997706890
1341846328.770129 -0.017007332 0.314516842 0.246048942 0.059573378 0.027487028 0.026201319 0.997501373
1341846328.802331 -0.018894017 0.295367032 0.241180137 0.059980709 0.025101796 0.025358688 0.997561634
1341846328.838051 -0.010683997 0.278242290 0.239215836 0.063350946 0.022069447 0.024215832 0.997453332
1341846328.869939 -0.012151711 0.281224877 0.231570169 0.064297006 0.021291869 0.022819363 0.997442663
1341846328.904486 -0.011315661 0.259451091 0.233173832 0.058879573 0.018158337 0.022264233 0.997851610
1341846328.939814 -0.008437359 0.239483938 0.241444901 0.063111328 0.014731361 0.022881204 0.997635424
1341846328.970217 -0.010218669 0.235827163 0.235811517 0.066974640 0.013334689 0.025670312 0.997335255
1341846329.006232 -0.004601245 0.224522427 0.232889146 0.067819841 0.010313519 0.031014575 0.997162044
1341846329.038243 -0.002112810 0.202872962 0.229236498 0.070826702 0.009720461 0.030374888 0.996978641
1341846329.106125 -0.004758297 0.203288004 0.225990102 0.074841350 0.009892798 0.028970435 0.996725440
1341846329.138340 0.001545402 0.182555243 0.219933033 0.075325310 0.008443773 0.027713614 0.996738076
1341846329.169991 0.000350074 0.182013303 0.217405826 0.077841580 0.007637110 0.026435409 0.996585906
1341846329.208656 0.002739189 0.173155248 0.191963479 0.077611804 0.006661714 0.024509056 0.996660113
1341846329.238169 0.008921572 0.174642161 0.185828418 0.077577382 0.005061737 0.024877893 0.996663034
1341846329.273827 0.009317662 0.159473181 0.184538767 0.075242020 0.004005184 0.025710577 0.996825755
1341846329.306052 0.007491277 0.156743482 0.180621192 0.075970545 0.001839097 0.024670986 0.996803164
1341846329.338104 0.013190228 0.159337178 0.177924424 0.073105037 -0.000242094 0.022901293 0.997061253
1341846329.373907 0.013279808 0.134086028 0.175192177 0.068331279 -0.000929738 0.021173200 0.997437596
1341846329.405985 0.012148149 0.124107115 0.172962174 0.069502503 -0.002268696 0.018184282 0.997413456
1341846329.442057 0.013835834 0.121686280 0.170332223 0.069100194 -0.002859247 0.014886663 0.997494578
1341846329.473950 0.008963124 0.105521813 0.166027173 0.067557327 -0.003346823 0.008216662 0.997675955
1341846329.506147 0.010498389 0.101413190 0.166129276 0.068018869 -0.005611585 0.006074149 0.997649789
1341846329.542121 0.008201433 0.087078005 0.157380357 0.065681919 -0.008409612 0.005647630 0.997789204
1341846329.574086 0.015512446 0.071816824 0.163927808 0.067834616 -0.011454370 0.005110414 0.997617722
1341846329.606387 0.014587583 0.070444413 0.154214516 0.070672877 -0.011592754 0.003386639 0.997426450
1341846329.641955 0.009034187 0.066883087 0.148165584 0.070634007 -0.012205937 0.003065007 0.997422934
1341846329.681570 0.005740251 0.054330338 0.151802152 0.069559157 -0.015009750 0.003076853 0.997460186
1341846329.748113 0.014651322 0.048562724 0.145936832 0.071567759 -0.015713034 0.001344777 0.997311115
1341846329.810175 0.012945264 0.022238979 0.147563413 0.069059335 -0.012427390 0.005961115 0.997517347
1341846329.842255 0.013690730 0.015165430 0.147610754 0.070665933 -0.012545100 0.009163055 0.997379065
1341846329.874044 0.011871633 0.007890644 0.147092491 0.072481923 -0.012374674 0.012381651 0.997216105
1341846329.910073 0.009321122 0.014256421 0.141840994 0.073183089 -0.012527068 0.014316367 0.997137070
1341846329.942009 0.007816973 0.009869730 0.141300976 0.068448797 -0.012859603 0.019871753 0.997373819
1341846329.978087 0.009393363 -0.013442039 0.142628267 0.065715268 -0.013420369 0.021319881 0.997520387
1341846330.016305 0.014251316 -0.006699581 0.138205156 0.068113536 -0.012751735 0.019166015 0.997411966
1341846330.048192 0.004380396 0.001430662 0.137139082 0.064929992 -0.010529843 0.020169621 0.997630417
1341846330.080418 0.009316771 -0.021531664 0.136916533 0.059564181 -0.011227320 0.022344867 0.997911215
1341846330.115886 0.009768152 -0.036268599 0.140672684 0.062052082 -0.009732083 0.023202308 0.997755706
1341846330.147839 0.004105897 -0.020875204 0.135314569 0.065168224 -0.009177664 0.024942989 0.997520268
1341846330.181257 0.004299566 -0.006416750 0.133458421 0.061418734 -0.009779241 0.027487747 0.997685611
1341846330.215852 0.006416106 -0.024682954 0.133184686 0.053890392 -0.009098374 0.027959609 0.998113871
1341846330.247833 0.002170177 -0.032562420 0.131908894 0.051866647 -0.008324123 0.026665859 0.998263240
1341846330.283913 0.000454434 -0.019731313 0.126444310 0.049153075 -0.008864104 0.027479438 0.998373806
1341846330.316011 -0.001568204 -0.034206901 0.128025204 0.041951451 -0.009499679 0.026104536 0.998733401
1341846330.347868 -0.004166068 -0.041729368 0.129031494 0.039497849 -0.011122935 0.025549164 0.998831034
1341846330.383835 0.002371255 -0.044047259 0.128258973 0.037867945 -0.012153261 0.026049558 0.998869240
1341846330.415934 -0.001798371 -0.059920516 0.132245392 0.036640063 -0.010866975 0.024062734 0.998979688
1341846330.452561 -0.005928320 -0.060969841 0.128652930 0.039602470 -0.011019328 0.022601087 0.998899102
1341846330.483903 -0.009620615 -0.055426415 0.124963693 0.039931469 -0.012759457 0.025454804 0.998796642
1341846330.515970 -0.006567729 -0.065830760 0.123519912 0.037899513 -0.015339084 0.028944742 0.998744488
1341846330.552099 -0.005325228 -0.068865255 0.120755896 0.039323065 -0.016723378 0.031533122 0.998588860
1341846330.583876 -0.009737224 -0.058138829 0.121577531 0.039474297 -0.016637396 0.031561229 0.998583436
1341846330.619992 -0.018299999 -0.048612460 0.110914476 0.035486352 -0.017030414 0.030747944 0.998751879
1341846330.652136 -0.014906112 -0.053606234 0.111795999 0.028936252 -0.019073054 0.029002601 0.998978376
1341846330.683796 -0.016683429 -0.059006751 0.107683286 0.024027469 -0.018827813 0.027852438 0.999145925
1341846330.719991 -0.025517488 -0.075955153 0.104019150 0.020623954 -0.020457480 0.029060824 0.999155462
1341846330.752103 -0.027864106 -0.080554679 0.102144063 0.022255672 -0.024406111 0.033097796 0.998906195
1341846330.787952 -0.019927546 -0.087434463 0.100756295 0.022060310 -0.030096289 0.039006799 0.998541951
1341846330.819823 -0.015725695 -0.085864924 0.103294455 0.021959534 -0.035042234 0.040096909 0.998339653
1341846330.852208 -0.017670453 -0.077778988 0.100897178 0.022027172 -0.036495171 0.040938836 0.998251915
1341846330.914111 -0.021587191 -0.068137549 0.093046904 0.013173031 -0.039509658 0.040005211 0.998331130
1341846330.949903 -0.028649829 -0.081348136 0.093685701 0.009241535 -0.040211581 0.040463507 0.998328745
1341846330.981986 -0.036247253 -0.079813629 0.084764026 0.010283681 -0.044314694 0.040895879 0.998127222
1341846331.014111 -0.035214979 -0.072140768 0.086711451 0.010418431 -0.048459750 0.041012034 0.997928381
1341846331.082139 -0.036631953 -0.076390617 0.078256845 0.011922953 -0.051106937 0.037838519 0.997904897
1341846331.114334 -0.035770681 -0.073893271 0.077218801 0.011858293 -0.053681612 0.037839219 0.997770488
1341846331.149989 -0.036850210 -0.079445101 0.084396847 0.011978379 -0.054354820 0.036309641 0.997789383
1341846331.181954 -0.038559876 -0.083059631 0.071612321 0.014841937 -0.054524481 0.035679441 0.997764409
1341846331.218151 -0.044216849 -0.068749294 0.064670637 0.015298788 -0.057509396 0.036233388 0.997569919
1341846331.249914 -0.031968877 -0.079922594 0.072826467 0.012428300 -0.060294550 0.035629354 0.997467160
1341846331.318141 -0.026921816 -0.075222954 0.074185193 0.023401754 -0.050562799 0.030996118 0.997965455
1341846331.349926 -0.018369347 -0.073602587 0.074353725 0.022265155 -0.048794843 0.030960944 0.998080492
1341846331.382003 0.000287221 -0.087218300 0.072457463 0.025037384 -0.043346021 0.027466685 0.998368561
1341846331.418008 -0.002378498 -0.082829282 0.074230283 0.032074764 -0.032414924 0.028263727 0.998559773
1341846331.450327 -0.013395045 -0.076903194 0.083694577 0.033348888 -0.027265307 0.029576993 0.998633862
1341846331.486219 -0.021432105 -0.067661531 0.096501313 0.034068953 -0.024613474 0.030090446 0.998663127
1341846331.518344 -0.008873706 -0.070013359 0.101340242 0.032726824 -0.024727367 0.029009258 0.998737216
1341846331.550202 -0.015486258 -0.062520511 0.100331210 0.036597293 -0.019115767 0.024968931 0.998835206
1341846331.586139 -0.027669339 -0.049030725 0.105664000 0.039400451 -0.016881200 0.025646301 0.998751700
1341846331.617931 -0.021364190 -0.046395302 0.114307545 0.038573042 -0.017325463 0.025707863 0.998774767
1341846331.654027 -0.014863973 -0.054330841 0.123452201 0.038633887 -0.014966398 0.026118744 0.998799920
1341846331.686123 -0.018762741 -0.043480754 0.128766209 0.041512873 -0.012057743 0.028321866 0.998663723
1341846331.717954 -0.024211181 -0.032340147 0.128488496 0.038859654 -0.012689047 0.028718812 0.998751283
1341846331.754076 -0.013157135 -0.045648053 0.148449033 0.035953928 -0.012852322 0.027267864 0.998898685
1341846331.785920 -0.015295790 -0.047472771 0.156629458 0.038929168 -0.009712663 0.024842020 0.998885930
1341846331.818053 -0.016888337 -0.035009205 0.168594971 0.039989356 -0.007974620 0.025652558 0.998838961
1341846331.853849 -0.015434033 -0.042720906 0.178818062 0.038152121 -0.007835989 0.025334308 0.998920023
1341846331.885987 -0.007228783 -0.043670140 0.191348165 0.041008633 -0.005838836 0.023232238 0.998871624
1341846331.922014 -0.011154374 -0.038984291 0.204436257 0.043080345 -0.002337734 0.022474661 0.998816073
1341846331.954037 -0.000518226 -0.037396967 0.213474810 0.043019459 -0.000496837 0.023917872 0.998787761
1341846331.986135 0.012309135 -0.063448116 0.227041334 0.042757504 0.004143396 0.026438080 0.998727024
1341846332.022364 -0.010516470 -0.049049634 0.236903608 0.051738478 0.011232842 0.024333149 0.998301029
1341846332.054175 -0.013276113 -0.044560194 0.252720475 0.058204755 0.011259556 0.025778113 0.997908294
1341846332.086502 -0.006043959 -0.041738231 0.265369833 0.060921613 0.010438582 0.028462615 0.997682035
1341846332.122051 -0.009605199 -0.037675776 0.279308110 0.062899321 0.011880651 0.027248556 0.997577071
1341846332.153983 -0.016421847 -0.020034453 0.287695855 0.062000435 0.011872508 0.024435364 0.997706354
1341846332.190165 -0.016869701 -0.020140503 0.303002179 0.055682883 0.010183242 0.022993814 0.998131752
1341846332.254145 -0.015323072 -0.041042633 0.330155909 0.054513071 0.010445975 0.020747801 0.998242795
1341846332.289948 -0.018532014 -0.035335042 0.344021380 0.056990344 0.010250413 0.022826038 0.998061121
1341846332.322172 -0.018237721 -0.037708603 0.348133028 0.057386149 0.009879682 0.024855182 0.997993708
1341846332.354003 -0.009367864 -0.042429458 0.354480684 0.059692893 0.011141166 0.022075092 0.997910500
1341846332.390180 -0.006710014 -0.027803648 0.364566952 0.062210064 0.015246084 0.020112984 0.997743905
1341846332.422055 -0.014512670 -0.024848711 0.378310025 0.060517859 0.018389128 0.015823368 0.997872293
1341846332.458114 -0.012266688 -0.029090425 0.387040138 0.059603974 0.020664699 0.011398548 0.997943103
1341846332.489993 -0.019952642 -0.024516178 0.400201619 0.060792994 0.022960315 0.013542377 0.997794390
1341846332.522130 -0.023445051 -0.021051915 0.406711578 0.060152587 0.019372819 0.018841943 0.997823358
1341846332.558114 -0.019422967 -0.025419485 0.422670454 0.060022280 0.013443912 0.026766403 0.997747540
1341846332.589874 -0.011981949 -0.012879182 0.422593713 0.060768608 0.010329227 0.030737402 0.997625053
1341846332.621889 -0.010607768 -0.006292209 0.429583073 0.056787070 0.010248031 0.032398093 0.997807920
1341846332.658202 -0.006167186 -0.011568658 0.441580832 0.052405186 0.010545901 0.031717490 0.998066425
1341846332.690001 -0.004624709 -0.010811593 0.444863647 0.050220650 0.011312420 0.032865241 0.998133183
1341846332.726000 -0.012118128 -0.012767892 0.463202149 0.049306810 0.011253000 0.036404494 0.998056591
1341846332.758386 0.006273692 -0.026365753 0.474841297 0.047856316 0.006859662 0.039972730 0.998030484
1341846332.789937 0.011075716 -0.023057101 0.463355601 0.046908442 0.007469104 0.038310751 0.998136282
1341846332.825925 0.007651409 -0.025140593 0.480014414 0.044358604 0.010960951 0.036469635 0.998289585
1341846332.857898 0.015923781 -0.022173269 0.501554430 0.045627702 0.011309351 0.036113624 0.998241484
1341846332.894069 0.015599396 -0.010492597 0.507591367 0.046293046 0.011305072 0.036897022 0.998182237
1341846332.926029 0.023450727 -0.002810933 0.516598642 0.043528479 0.011136137 0.034639262 0.998389363
1341846332.958015 0.025153978 -0.000632111 0.527894735 0.040684715 0.013610133 0.031057136 0.998596489
1341846332.994073 0.029610157 -0.001161020 0.532857537 0.037384994 0.014117704 0.031026434 0.998719394
1341846333.026545 0.035343431 0.000852715 0.544398785 0.034947310 0.014811254 0.028065989 0.998885214
1341846333.057998 0.044674631 0.006329101 0.558815837 0.034507364 0.016298970 0.028562840 0.998863220
1341846333.094024 0.045105696 0.006919954 0.568474770 0.034944989 0.018170649 0.032089334 0.998708665
1341846333.126095 0.047682829 0.012512691 0.575830162 0.035745859 0.020210609 0.033543229 0.998593330
1341846333.161973 0.058190539 0.018710423 0.577870131 0.035165064 0.021180646 0.035310615 0.998532891
1341846333.195660 0.053995304 0.019479290 0.586468816 0.032477017 0.024338651 0.036586639 0.998506010
1341846333.226331 0.056637570 0.019735273 0.590568244 0.031055667 0.024589499 0.036433849 0.998550713
1341846333.262056 0.057551838 0.029429659 0.595481098 0.029088713 0.025184810 0.034745354 0.998655260
1341846333.294147 0.055276543 0.023534315 0.602862775 0.024612818 0.025850374 0.033382714 0.998805106
1341846333.326100 0.062647767 0.027374581 0.607561767 0.023503566 0.023412241 0.032006551 0.998936951
1341846333.362100 0.066058502 0.035745114 0.607684970 0.021192906 0.021873327 0.031208400 0.999048769
1341846333.394119 0.058740944 0.025068384 0.610372782 0.016670341 0.022319915 0.030888936 0.999134541
1341846333.429974 0.066977009 0.030690022 0.616414189 0.016723271 0.019176530 0.030902173 0.999198496
1341846333.462115 0.073306873 0.025841359 0.616349220 0.015904225 0.018520521 0.029988077 0.999252141
1341846333.494040 0.072086766 0.027960990 0.618770421 0.017159970 0.019747812 0.028664425 0.999246657
1341846333.529953 0.081262372 0.029500725 0.620345294 0.018304741 0.019699926 0.028450254 0.999233425
1341846333.562063 0.076241836 0.030762201 0.621512413 0.019147957 0.022756552 0.030028347 0.999106526
1341846333.594090 0.066536263 0.037766274 0.624443531 0.018520243 0.023108304 0.031087171 0.999077857
1341846333.629994 0.071043506 0.039106756 0.622567713 0.015054015 0.019935211 0.030022508 0.999237001
1341846333.662127 0.071191236 0.039240364 0.620039105 0.011938606 0.018911099 0.029351545 0.999318957
1341846333.697964 0.068622902 0.030252393 0.619026959 0.009411232 0.019525446 0.030013796 0.999314427
1341846333.730092 0.067234397 0.026653785 0.615770400 0.011485605 0.020006649 0.030779706 0.999259949
1341846333.762089 0.070843711 0.034734145 0.612932801 0.014105408 0.020391749 0.032435060 0.999166250
1341846333.798006 0.054647062 0.031441320 0.605869532 0.015384251 0.023796614 0.031503115 0.999101877
1341846333.830055 0.067487180 0.030365618 0.603488624 0.017693808 0.022616832 0.030076867 0.999135017
1341846333.866045 0.064029209 0.031469807 0.600086153 0.018847981 0.024184277 0.028711552 0.999117374
1341846333.897987 0.061952345 0.027792845 0.597301006 0.020206517 0.024261827 0.027889183 0.999112248
1341846333.930099 0.064043164 0.026045231 0.590847254 0.022976495 0.024712976 0.026464358 0.999080062
1341846333.965889 0.060908724 0.025646137 0.583244860 0.025090629 0.025990792 0.026734287 0.998989582
1341846333.997985 0.061671272 0.021035068 0.577790499 0.027450943 0.026609302 0.025901061 0.998933196
1341846334.030076 0.055631831 0.022623427 0.570651531 0.030799836 0.028602583 0.027161203 0.998746991
1341846334.066000 0.050590299 0.021829858 0.565570951 0.032494295 0.028632402 0.028537787 0.998654068
1341846334.097932 0.051594436 0.021100704 0.556448162 0.034273840 0.028413013 0.028241109 0.998609245
1341846334.133884 0.046254572 0.021885023 0.553045928 0.035879321 0.029889839 0.028503416 0.998502314
1341846334.166115 0.040126346 0.021669246 0.547096133 0.036189228 0.028827697 0.029297391 0.998499334
1341846334.198072 0.040567495 0.020713836 0.537708998 0.036529828 0.027066262 0.028439675 0.998561084
1341846334.234097 0.042160109 0.022533670 0.528675497 0.037178192 0.027402284 0.027228402 0.998561740
1341846334.266045 0.034585893 0.019313216 0.525702059 0.036936518 0.029491859 0.027795663 0.998495519
1341846334.297946 0.028684627 0.018744372 0.518720746 0.038051803 0.028127402 0.029335754 0.998448968
1341846334.334036 0.025914762 0.019180913 0.512223363 0.038573612 0.026662037 0.029548673 0.998462856
1341846334.365871 0.028028481 0.021422070 0.501623571 0.038275823 0.026501514 0.027888933 0.998526335
1341846334.401845 0.024111932 0.022406369 0.497612864 0.037108291 0.027416078 0.026780237 0.998576105
1341846334.433864 0.016365837 0.016874745 0.490127653 0.036777884 0.027066456 0.027275233 0.998584449
1341846334.466105 0.016363926 0.017763853 0.480186969 0.037260309 0.025203481 0.028327111 0.998585999
1341846334.502142 0.011138632 0.021176897 0.475499243 0.036499474 0.024098812 0.028960953 0.998623192
1341846334.540153 0.009219075 0.018089797 0.464269459 0.035827078 0.022998320 0.027765928 0.998707473
1341846334.602351 -0.001927054 0.026025822 0.453760564 0.031681892 0.019494427 0.021174395 0.999083519
1341846334.670161 -0.005527636 0.018113473 0.432198703 0.025589414 0.017171578 0.014236029 0.999423623
1341846334.702085 -0.007753914 0.013720050 0.424290299 0.023904167 0.014507948 0.015863389 0.999483109
1341846334.734751 -0.012545129 0.015372254 0.415309340 0.024510534 0.012462395 0.016659018 0.999483049
1341846334.770889 -0.016033269 0.015130278 0.406097531 0.024511678 0.010996197 0.019574180 0.999447405
1341846334.802194 -0.023859484 0.013151160 0.394653946 0.023918632 0.009105991 0.019754479 0.999477208
1341846334.833908 -0.023228806 0.015527776 0.384873420 0.023659023 0.007332790 0.017973326 0.999531627
1341846334.869874 -0.027064599 0.016573934 0.378791004 0.022193231 0.007186623 0.017747112 0.999570370
1341846334.902006 -0.034489185 0.013314974 0.368422180 0.020294290 0.005947134 0.018212184 0.999610484
1341846334.938010 -0.034222953 0.011752815 0.356626481 0.019659355 0.002563417 0.017796479 0.999645054
1341846334.970032 -0.030282963 0.011223012 0.351142853 0.019686621 0.001131303 0.016730618 0.999665558
1341846335.002203 -0.037229013 0.005890247 0.341113567 0.020924332 0.002160582 0.018089756 0.999615073
1341846335.037880 -0.042428400 0.009769656 0.325224936 0.023914229 -0.000689904 0.020220151 0.999509275
1341846335.069990 -0.040793143 0.012710294 0.320574254 0.024326453 -0.004022842 0.020867184 0.999478161
1341846335.106038 -0.037060235 0.011853647 0.307698220 0.024724793 -0.003147017 0.018377589 0.999520421
1341846335.138045 -0.045442041 0.008209789 0.302892685 0.026119370 -0.001486707 0.017753076 0.999500096
1341846335.169900 -0.051760577 0.011454561 0.281640798 0.026325919 -0.003628513 0.017951818 0.999485612
1341846335.206091 -0.047901344 0.011542129 0.279590994 0.025519643 -0.006263350 0.015843971 0.999529123
1341846335.239365 -0.046077941 0.006560998 0.268413723 0.025200455 -0.005349862 0.013671651 0.999574602
1341846335.269948 -0.049793746 0.007094266 0.257136226 0.026821876 -0.003829779 0.012663049 0.999552667
1341846335.305972 -0.054891512 0.003703284 0.241624519 0.028483825 -0.004991047 0.013218408 0.999494374
1341846335.338012 -0.050981183 0.002226145 0.235633701 0.029770277 -0.006989939 0.014876770 0.999421597
1341846335.374005 -0.044419181 -0.006791222 0.215240389 0.033204265 -0.005587962 0.015920468 0.999306202
1341846335.406025 -0.049588721 0.000437504 0.220483705 0.041349519 -0.002854635 0.017192464 0.998992741
1341846335.438079 -0.051380157 0.006113742 0.207155332 0.046643723 -0.001981487 0.020388957 0.998701513
1341846335.473998 -0.051840704 0.008858383 0.198803067 0.048783947 -0.000330113 0.021458114 0.998578787
1341846335.507038 -0.051771741 0.011683511 0.186580330 0.049876086 0.002190326 0.019149236 0.998569429
1341846335.538040 -0.058220129 0.018284688 0.178450733 0.049634323 0.004851772 0.017134739 0.998608708
1341846335.574119 -0.062035877 0.020531463 0.169064507 0.047179200 0.004745412 0.017817769 0.998716235
1341846335.605970 -0.061156001 0.012494999 0.160050765 0.045038365 0.003788824 0.017555792 0.998823822
1341846335.641978 -0.060140464 0.015372416 0.148497865 0.046562899 0.004977839 0.014461388 0.998798251
1341846335.673993 -0.064986184 0.018109065 0.135804385 0.046282612 0.005753245 0.014709397 0.998803496
1341846335.706178 -0.067531765 0.016273588 0.126976490 0.045708776 0.004567760 0.015121528 0.998829901
1341846335.741982 -0.064889215 0.012169945 0.120944947 0.045595571 0.003892037 0.015264196 0.998835802
1341846335.773960 -0.068110347 0.017035771 0.108607993 0.045860544 0.004601813 0.014890071 0.998826265
1341846335.806271 -0.070719980 0.020448864 0.096810527 0.044018596 0.004044411 0.014913007 0.998911202
1341846335.842031 -0.075846478 0.013376680 0.095836475 0.041695435 0.005256320 0.014122425 0.999016762
1341846335.873966 -0.076760322 0.011893248 0.083837517 0.042585216 0.006899219 0.013144294 0.998982549
1341846335.910005 -0.079476453 0.014792554 0.058818690 0.041766759 0.006975926 0.015929898 0.998975992
1341846335.941936 -0.081227295 0.015268431 0.051942836 0.040882770 0.004976033 0.016515933 0.999015033
1341846335.974198 -0.080796383 0.013761675 0.042892184 0.040528890 0.004153184 0.014317364 0.999067187
1341846336.010032 -0.087096862 0.017848412 0.028810395 0.040667661 0.004462123 0.013032754 0.999077737
1341846336.042129 -0.090580650 0.016353270 0.020475755 0.039538246 0.003106664 0.014275478 0.999111235
1341846336.078076 -0.092130698 0.012687674 0.014346924 0.039280511 0.001185173 0.013697962 0.999133646
1341846336.110739 -0.093023822 0.017438736 0.008216914 0.040430658 0.001065663 0.011219703 0.999118745
1341846336.142002 -0.099414110 0.017893311 -0.009055089 0.040154830 0.001253695 0.012171941 0.999118507
1341846336.183953 -0.103233017 0.021883303 -0.021498099 0.039955623 -0.001338896 0.013277424 0.999112308
1341846336.241891 -0.100398272 0.020660445 -0.032956265 0.037828203 -0.002289030 0.012675332 0.999201238
1341846336.277946 -0.110200688 0.015710985 -0.041719303 0.037921056 -0.001292015 0.014683825 0.999171972
1341846336.309977 -0.112926982 0.014400337 -0.044998657 0.040651917 -0.003931673 0.017605040 0.999010503
1341846336.346143 -0.114881620 0.020371059 -0.050446998 0.042915463 -0.005104343 0.018572967 0.998892963
1341846336.377975 -0.112470806 0.017013688 -0.064145073 0.043403622 -0.005091387 0.017824290 0.998885572
1341846336.410032 -0.115778618 0.021064563 -0.072861306 0.044478204 -0.004318419 0.018174112 0.998835683
1341846336.446041 -0.120217770 0.025596255 -0.082550272 0.044274841 -0.004600391 0.017754426 0.998851001
1341846336.477990 -0.119974606 0.023663620 -0.090687044 0.043071095 -0.004713287 0.017582102 0.998906136
1341846336.510056 -0.121871084 0.023148652 -0.093788058 0.043333925 -0.004120087 0.018363670 0.998883367
1341846336.546024 -0.123902254 0.022221860 -0.100474268 0.044336151 -0.003942243 0.020257547 0.998803496
1341846336.578003 -0.127890483 0.027994357 -0.110432610 0.044332813 -0.004200988 0.021672659 0.998772860
1341846336.614020 -0.122834146 0.028920788 -0.110484689 0.043759666 -0.003954629 0.020771544 0.998818278
1341846336.645982 -0.129114360 0.033196509 -0.121128269 0.042840730 -0.002251884 0.019925520 0.998880625
1341846336.678036 -0.134578601 0.026673511 -0.128864557 0.040547300 -0.003941998 0.020520523 0.998959124
1341846336.714024 -0.133662209 0.023124080 -0.125420183 0.042098906 -0.006491305 0.020831823 0.998875201
1341846336.746016 -0.139559045 0.022297377 -0.132025629 0.045832068 -0.008026101 0.022256879 0.998668969
1341846336.778014 -0.145212144 0.027123289 -0.146704793 0.048626225 -0.011895786 0.026223790 0.998401880
1341846336.820006 -0.144943193 0.030047372 -0.148528516 0.049321093 -0.015722340 0.028274789 0.998258889
1341846336.882056 -0.149045393 0.027902054 -0.162048325 0.051829569 -0.017666189 0.026814740 0.998139560
1341846336.914273 -0.143840045 0.015370112 -0.188347653 0.052877121 -0.022854766 0.031133518 0.997853875
1341846336.945998 -0.159758940 0.020382125 -0.150876880 0.060242794 -0.028837344 0.032396644 0.997241020
1341846336.981980 -0.149752140 0.035943974 -0.183948010 0.063971013 -0.032558404 0.029346015 0.996988714
1341846337.014238 -0.155962661 0.049622118 -0.174966797 0.061983157 -0.035211634 0.027331537 0.997081339
1341846337.046017 -0.154501587 0.043227974 -0.176955745 0.059394054 -0.036504298 0.022493757 0.997313261
1341846337.082104 -0.153954878 0.046313308 -0.181420654 0.058692068 -0.037036616 0.019793151 0.997392476
1341846337.114317 -0.168252826 0.041289218 -0.189220160 0.056763552 -0.038275626 0.018724058 0.997477949
1341846337.150037 -0.157201126 0.042686280 -0.189235955 0.055245832 -0.040895801 0.017594799 0.997479737
1341846337.181873 -0.147058591 0.040390991 -0.193388298 0.054572497 -0.041357797 0.014872768 0.997542083
1341846337.214073 -0.156267613 0.050033417 -0.202726617 0.052659299 -0.039247397 0.012599777 0.997761428
1341846337.250087 -0.172957748 0.034494635 -0.206437200 0.049214724 -0.039753921 0.013745641 0.997902095
1341846337.282028 -0.167929307 0.037580274 -0.206633180 0.050589684 -0.044277236 0.016877692 0.997594774
1341846337.317920 -0.156866029 0.041226484 -0.207315236 0.050439987 -0.046541687 0.017882019 0.997481763
1341846337.350018 -0.163233459 0.047699995 -0.211401701 0.049185369 -0.045349251 0.017167494 0.997611940
1341846337.382159 -0.160462201 0.041691616 -0.207894281 0.046269231 -0.045240935 0.015005458 0.997791171
1341846337.417941 -0.160537437 0.033471867 -0.212525234 0.046540510 -0.044777367 0.015960654 0.997784615
1341846337.450137 -0.162886456 0.038313862 -0.227039412 0.047228187 -0.046405487 0.016944768 0.997661710
1341846337.482096 -0.159108236 0.037141018 -0.223624617 0.045698285 -0.046936177 0.017896224 0.997691512
1341846337.518008 -0.157983720 0.032276072 -0.223156303 0.046402447 -0.047532830 0.017988691 0.997629106
1341846337.549978 -0.163968608 0.040291466 -0.235049620 0.047122959 -0.047702812 0.016064847 0.997620046
1341846337.585971 -0.159217805 0.039249763 -0.224350974 0.044409148 -0.048432361 0.014910500 0.997727334
1341846337.617903 -0.156209886 0.024532560 -0.212233663 0.044868693 -0.049350969 0.015752703 0.997648776
1341846337.650141 -0.157263249 0.038731374 -0.226417035 0.048148017 -0.049363829 0.014828122 0.997509420
1341846337.686352 -0.157411546 0.042661265 -0.224949062 0.046442121 -0.049076773 0.015009252 0.997601807
1341846337.718002 -0.156361639 0.039165817 -0.220253497 0.044587396 -0.048736505 0.015063806 0.997702241
1341846337.749920 -0.153445736 0.042860992 -0.220327973 0.044441648 -0.046933956 0.014460512 0.997804105
1341846337.786157 -0.153538883 0.046842739 -0.211587355 0.041368168 -0.044194948 0.014589854 0.998059392
1341846337.817945 -0.149629131 0.043614991 -0.202767134 0.038940664 -0.042434871 0.016071677 0.998210728
1341846337.854071 -0.148268938 0.048468277 -0.201349467 0.037994724 -0.039135151 0.015464680 0.998391569
1341846337.885951 -0.150651440 0.053306688 -0.196553066 0.035027556 -0.036685005 0.013598083 0.998620272
1341846337.918223 -0.147349671 0.052334510 -0.191973701 0.030545622 -0.035556581 0.011471044 0.998834848
1341846337.954120 -0.148512453 0.050052531 -0.186865032 0.028273143 -0.034003865 0.010947527 0.998961687
1341846337.985994 -0.149388984 0.056338325 -0.183373928 0.025812810 -0.032939885 0.010631295 0.999067426
1341846338.018107 -0.143280044 0.053226568 -0.169289201 0.022357574 -0.031788658 0.012147371 0.999170661
1341846338.054055 -0.138688266 0.060454011 -0.163557157 0.020486020 -0.030609682 0.011237158 0.999258280
1341846338.085986 -0.134281933 0.055900462 -0.155892730 0.016573017 -0.027692907 0.011145297 0.999416947
1341846338.121875 -0.136286601 0.052114185 -0.147449300 0.014501180 -0.025273053 0.012986056 0.999491036
1341846338.154089 -0.139145494 0.049843334 -0.143234864 0.013383757 -0.024476780 0.016712196 0.999471068
1341846338.186029 -0.130945757 0.049926665 -0.132663995 0.012136416 -0.025521435 0.019009547 0.999419808
1341846338.222071 -0.128147274 0.058501862 -0.122652896 0.011469108 -0.024368301 0.018106904 0.999473274
1341846338.254107 -0.129256278 0.055093158 -0.110915430 0.009564643 -0.022393806 0.018566011 0.999531031
1341846338.290130 -0.129674748 0.051821493 -0.106570497 0.009779429 -0.022199040 0.020249404 0.999500632
1341846338.321952 -0.124965087 0.056276027 -0.096751183 0.010059508 -0.021819875 0.022519089 0.999457657
1341846338.354022 -0.123542875 0.052909452 -0.085357822 0.009177350 -0.021366727 0.022643715 0.999473095
1341846338.389969 -0.125511855 0.063538879 -0.079255536 0.009598030 -0.020038504 0.022622637 0.999497116
1341846338.422377 -0.125086993 0.057533171 -0.069947124 0.007129811 -0.019638943 0.022719169 0.999523520
1341846338.454010 -0.124329150 0.063508265 -0.060103338 0.006672804 -0.020012561 0.021769574 0.999540389
1341846338.489894 -0.122664832 0.060381845 -0.048245035 0.004709843 -0.020527212 0.022283342 0.999529839
1341846338.522066 -0.121191032 0.059622724 -0.042310026 0.005576226 -0.020173006 0.021698896 0.999545455
1341846338.558058 -0.121838428 0.063861758 -0.037937090 0.004911513 -0.020154368 0.021324953 0.999557316
1341846338.589842 -0.114122793 0.064829938 -0.021614186 0.002872744 -0.020991281 0.020703107 0.999561131
1341846338.622019 -0.107264318 0.059223745 -0.004992718 0.003258441 -0.020515734 0.022840749 0.999523282
1341846338.657984 -0.115085319 0.067032732 -0.003477777 0.004137651 -0.019793162 0.023859486 0.999510825
1341846338.690198 -0.109691404 0.069605753 0.007654555 0.002210847 -0.020745495 0.023122506 0.999514937
1341846338.722454 -0.104544334 0.065918796 0.019325070 0.001456498 -0.019917790 0.023410063 0.999526441
1341846338.757945 -0.109157525 0.071444318 0.023235930 0.001798996 -0.019700084 0.025495710 0.999479175
1341846338.790039 -0.104765840 0.071889125 0.035898324 -0.000307969 -0.021949027 0.025998827 0.999420941
1341846338.826048 -0.096474506 0.072990999 0.055090263 0.000378334 -0.021741640 0.024805052 0.999455750
1341846338.858027 -0.101155430 0.073634624 0.055918135 0.000001712 -0.019524282 0.023487451 0.999533474
1341846338.889902 -0.099189550 0.074258022 0.069026105 -0.002515848 -0.020642437 0.023038927 0.999518275
1341846338.925948 -0.089446142 0.074035093 0.080500774 -0.003005727 -0.020849667 0.021791954 0.999540567
1341846338.958108 -0.091546267 0.072794944 0.090532027 -0.002920662 -0.018307474 0.020549159 0.999616981
1341846338.990057 -0.086045116 0.068867989 0.104710259 -0.002961919 -0.018919092 0.021858133 0.999577641
1341846339.025928 -0.079856783 0.068848662 0.117219962 -0.000811234 -0.018475469 0.022165190 0.999583244
1341846339.057939 -0.078362606 0.072984584 0.124967083 0.002054140 -0.016077148 0.022290133 0.999620140
1341846339.093927 -0.086059019 0.079445317 0.129415929 0.001183704 -0.015732666 0.022850446 0.999614418
1341846339.126562 -0.078765005 0.087938420 0.144016728 -0.001179494 -0.017217446 0.021802731 0.999613345
1341846339.157969 -0.070916593 0.086954333 0.160607949 -0.003653440 -0.015100533 0.019913882 0.999680996
1341846339.194113 -0.076260254 0.089575306 0.160496965 -0.005519913 -0.013510843 0.020845683 0.999676168
1341846339.228165 -0.075608343 0.095145121 0.171398520 -0.008513618 -0.015503035 0.023444489 0.999568701
1341846339.257998 -0.064090535 0.088199601 0.188612029 -0.012111009 -0.016044371 0.024366381 0.999500930
1341846339.294132 -0.065245323 0.089330822 0.193905205 -0.012259820 -0.013195197 0.025547456 0.999511361
1341846339.326577 -0.066018611 0.090589352 0.197738215 -0.016626924 -0.015168913 0.029353661 0.999315679
1341846339.362269 -0.059650198 0.097203828 0.212027937 -0.019945659 -0.017577475 0.026203930 0.999303043
1341846339.394725 -0.054569777 0.098153956 0.219892085 -0.020695707 -0.015866131 0.025983119 0.999322176
1341846339.462186 -0.049922206 0.099489197 0.239601791 -0.023884699 -0.016772626 0.025485804 0.999249041
1341846339.496743 -0.040123757 0.100597516 0.249820814 -0.020709401 -0.013672362 0.022753680 0.999433041
1341846339.562052 -0.042144172 0.099146456 0.272752076 -0.019800695 -0.010162917 0.025247484 0.999433458
1341846339.595122 -0.032531433 0.098898724 0.276371688 -0.017905025 -0.010140460 0.024742572 0.999482036
1341846339.632085 -0.025981067 0.098799139 0.286052674 -0.016790980 -0.007029154 0.022991167 0.999569952
1341846339.664568 -0.026721150 0.097677901 0.292096347 -0.016601535 -0.003974902 0.020750208 0.999638975
1341846339.698896 -0.026689515 0.093949378 0.299879104 -0.017226124 -0.002763845 0.020282779 0.999642074
1341846339.731977 -0.020052938 0.095544852 0.310406446 -0.016767679 -0.003035521 0.018434538 0.999684870
1341846339.762241 -0.016476164 0.093300618 0.322501242 -0.016508011 -0.001713864 0.018192854 0.999696732
1341846339.797873 -0.018276937 0.090884492 0.328378290 -0.016931120 -0.000956257 0.019796669 0.999660194
1341846339.830245 -0.011618972 0.091650158 0.336683065 -0.016931815 -0.001963186 0.019972712 0.999655247
1341846339.862015 -0.008585633 0.091678418 0.342426509 -0.017405160 -0.001941173 0.019364405 0.999659121
1341846339.897797 -0.003202581 0.090012744 0.349586874 -0.018670848 -0.001214681 0.019236755 0.999639869
1341846339.929916 -0.004067996 0.083859295 0.357849926 -0.019586131 0.000335221 0.021470996 0.999577522
1341846339.961960 -0.000719724 0.082789809 0.364907771 -0.018209167 -0.000507381 0.022096511 0.999589860
1341846339.997845 0.005794017 0.086049721 0.369987965 -0.016465859 0.000074859 0.021867190 0.999625266
1341846340.029925 0.007391730 0.084525704 0.375994563 -0.015845910 0.002696267 0.022447776 0.999618769
1341846340.066044 0.009307693 0.084502287 0.384800285 -0.013739281 0.003975310 0.024048688 0.999608457
1341846340.098009 0.010779705 0.085408412 0.392232835 -0.012671056 0.004484909 0.024557391 0.999608040
1341846340.130102 0.012803013 0.085542277 0.394016355 -0.013382758 0.004311494 0.023816159 0.999617457
1341846340.166041 0.021562018 0.085700870 0.405388266 -0.012337962 0.005911219 0.021672649 0.999671519
1341846340.197867 0.019284297 0.085969068 0.414602578 -0.011190210 0.008713311 0.021467179 0.999668956
1341846340.229904 0.016687263 0.089390621 0.420403659 -0.012046315 0.009265042 0.020534083 0.999673665
1341846340.265859 0.025285551 0.085680664 0.433863878 -0.012972472 0.009428594 0.020113096 0.999669075
1341846340.298061 0.025601048 0.087982938 0.437584907 -0.010529416 0.011940163 0.020485129 0.999663413
1341846340.334063 0.022307046 0.092594676 0.440011084 -0.011252846 0.011514960 0.023007553 0.999605656
1341846340.366064 0.027138196 0.085557491 0.447958380 -0.013631376 0.009358431 0.021903802 0.999623299
1341846340.397995 0.031930611 0.084270671 0.448572218 -0.011835054 0.009621411 0.021812728 0.999645710
1341846340.433895 0.032479245 0.085348457 0.457272410 -0.011139172 0.009430318 0.022957290 0.999629915
1341846340.465959 0.032706529 0.084621809 0.456907958 -0.010723805 0.007202635 0.024061751 0.999626994
1341846340.501858 0.037768014 0.083951816 0.457858682 -0.009963691 0.003326824 0.024544423 0.999643564
1341846340.534329 0.043350812 0.088190898 0.458761573 -0.008776736 0.001563166 0.024168124 0.999668121
1341846340.566041 0.047656670 0.084192447 0.462316036 -0.007877146 0.000451896 0.025205141 0.999651134
1341846340.601909 0.054429155 0.083409622 0.454613984 -0.005639431 -0.000566080 0.025688641 0.999653876
1341846340.634005 0.055234898 0.087264158 0.453584373 -0.004425406 -0.000968399 0.024440994 0.999691010
1341846340.666028 0.058163084 0.084750377 0.450813770 -0.004871652 -0.000661656 0.022229403 0.999740839
1341846340.701946 0.063247107 0.082894526 0.449075550 -0.003181140 0.000325633 0.020171812 0.999791384
1341846340.733954 0.065008298 0.086524241 0.446790546 -0.001784938 0.001905480 0.018343687 0.999828339
1341846340.770081 0.062775917 0.086037986 0.443984151 -0.002662259 0.002905721 0.015682459 0.999869227
1341846340.801980 0.069279991 0.085918978 0.435884506 -0.002616818 0.003324056 0.009862303 0.999942422
1341846340.833999 0.069641270 0.088977262 0.440188915 -0.002371399 0.005460867 0.006620059 0.999960363
1341846340.870013 0.066075601 0.087394886 0.444804609 -0.003841249 0.005953118 0.004400217 0.999965191
1341846340.901955 0.068381339 0.085031427 0.442732841 -0.003291268 0.005474108 0.004255770 0.999970555
1341846340.933918 0.065357164 0.085167721 0.439843088 -0.001284631 0.005285497 0.006766160 0.999962330
1341846340.970122 0.062908515 0.087940961 0.442535132 0.000364146 0.002445748 0.012004450 0.999924839
1341846341.001922 0.062920131 0.082294658 0.435291082 0.000979186 -0.001348077 0.016733510 0.999858558
1341846341.037923 0.067786932 0.083826542 0.430732965 0.002456691 -0.004491074 0.019869320 0.999789476
1341846341.070300 0.069199994 0.084240764 0.429821908 0.002848634 -0.005341656 0.020213339 0.999777377
1341846341.102028 0.067095667 0.083425529 0.424125642 0.002615402 -0.006689586 0.020526720 0.999763489
1341846341.137982 0.069021635 0.082736216 0.421381235 0.002647898 -0.008804087 0.020899458 0.999739349
1341846341.170048 0.068667985 0.083048947 0.420060247 0.003454968 -0.008882018 0.021202637 0.999729753
1341846341.202110 0.068690330 0.080165103 0.419186413 0.004587553 -0.009207427 0.023284690 0.999675930
1341846341.237996 0.070007168 0.082248166 0.417137980 0.006641475 -0.009285185 0.023927197 0.999648511
1341846341.269883 0.068382233 0.079321817 0.410992652 0.007254535 -0.008521079 0.023876935 0.999652267
1341846341.306107 0.067203574 0.080615550 0.410894990 0.008099368 -0.009098461 0.023296913 0.999654353
1341846341.338109 0.068158790 0.080504060 0.405715317 0.008924516 -0.008556793 0.020819040 0.999706805
1341846341.370120 0.068326853 0.080965117 0.406781256 0.009518554 -0.007404425 0.018751618 0.999751449
1341846341.406074 0.063556343 0.079071648 0.405172497 0.009339419 -0.006608668 0.018272925 0.999767542
1341846341.438113 0.063992403 0.074640229 0.401875317 0.009974633 -0.008422459 0.018082598 0.999751210
1341846341.470024 0.067315556 0.075847052 0.398405075 0.013109392 -0.008878834 0.016467284 0.999739051
1341846341.506077 0.064455517 0.082990497 0.403145671 0.013609700 -0.007990188 0.015573739 0.999754190
1341846341.538156 0.058768190 0.077823147 0.397861332 0.012037098 -0.009029072 0.016120670 0.999756813
1341846341.574016 0.063460872 0.077872835 0.395649701 0.013156296 -0.011775671 0.016463766 0.999708533
1341846341.612466 0.061715111 0.081509404 0.393160015 0.013926950 -0.012250064 0.017291831 0.999678433
1341846341.643972 0.059934787 0.083615638 0.393018156 0.013179602 -0.013563391 0.016434528 0.999686062
1341846341.679982 0.056723714 0.080125630 0.393861651 0.012732180 -0.014496199 0.016397435 0.999679387
1341846341.712332 0.053227153 0.081857443 0.392490834 0.013828339 -0.016367888 0.019230517 0.999585450
1341846341.744185 0.058690563 0.080487981 0.389110118 0.013865471 -0.019099843 0.022180699 0.999475360
1341846341.780061 0.057120167 0.083109424 0.388705611 0.014651789 -0.019330539 0.022882046 0.999443889
1341846341.842595 0.060726080 0.074854679 0.385183036 0.016121324 -0.020525616 0.028086998 0.999264657
1341846341.906227 0.061787091 0.071229123 0.379050046 0.019101836 -0.021422436 0.033221673 0.999035776
1341846341.942069 0.063426100 0.068279944 0.375566602 0.022341780 -0.021415908 0.034943935 0.998909950
1341846341.974775 0.063827954 0.069487818 0.371694237 0.025599619 -0.021593092 0.036969628 0.998755038
1341846342.010161 0.059066471 0.069900021 0.370321870 0.026468465 -0.022230599 0.038060233 0.998677433
1341846342.042024 0.066779092 0.063859805 0.367268264 0.027596971 -0.023822954 0.038375273 0.998598099
1341846342.080032 0.069595709 0.067780145 0.364398271 0.030033940 -0.021647703 0.038622230 0.998567820
1341846342.112265 0.065098397 0.062654555 0.364783913 0.029744934 -0.020634616 0.040786795 0.998511791
1341846342.147954 0.066156462 0.058244355 0.364491224 0.031851146 -0.021823270 0.042549819 0.998347998
1341846342.179852 0.071086697 0.060971066 0.357668579 0.035039145 -0.021661833 0.043939155 0.998184502
1341846342.211848 0.069824293 0.063118666 0.361678451 0.035875414 -0.021061461 0.043836154 0.998172224
1341846342.247920 0.070411950 0.059228469 0.359622568 0.036726531 -0.020870985 0.042294044 0.998211801
1341846342.279870 0.072500341 0.060230009 0.359613866 0.038292374 -0.020720711 0.043138832 0.998119891
1341846342.316068 0.072331309 0.060341168 0.357013375 0.039570551 -0.020392088 0.044135690 0.998033226
1341846342.347894 0.072687119 0.062943682 0.355473965 0.040113904 -0.020554395 0.043904189 0.998018444
1341846342.379953 0.072878018 0.059102453 0.356253684 0.039861739 -0.019641895 0.043984238 0.998043418
1341846342.416195 0.070725225 0.062120385 0.355470896 0.040917598 -0.019323468 0.045408431 0.997943103
