1341846313.592026 0.000000000 0.000000000 0.000000000 0.000000000 0.000000000 0.000000000 1.000000000
1341846313.654184 0.006327059 -0.002578267 -0.001848231 -0.001183692 -0.003172794 0.005366855 0.999979854
1341846313.686156 0.013079319 -0.000347712 0.001171703 0.000169107 -0.005353714 0.004582410 0.999975145
1341846313.721918 0.020470316 0.002569349 -0.002368954 0.000427636 -0.006623340 0.005222498 0.999964356
1341846313.753994 0.028776474 0.001380272 0.001998880 -0.000226456 -0.007513260 0.006668050 0.999949515
1341846313.789969 0.037824381 -0.001013205 0.001041835 0.000560402 -0.008486626 0.005255112 0.999950051
1341846313.822075 0.045646347 0.007657851 0.000930249 0.001634018 -0.007675731 0.003961395 0.999961376
1341846313.853928 0.056119066 0.001269495 0.001406554 0.000036359 -0.006133735 0.003941246 0.999973416
1341846313.890011 0.059872057 0.007606037 0.001738800 0.000709686 -0.004013761 0.004503219 0.999981582
1341846313.922055 0.077100866 0.010495543 0.000857164 -0.001385677 -0.005637340 0.006695999 0.999960721
1341846313.957927 0.098037347 0.011196204 -0.004741152 -0.003119127 -0.002494715 0.005107392 0.999979019
1341846313.990058 0.076929882 0.013853665 0.004221171 -0.003887752 0.007584890 0.005965478 0.999945879
1341846314.022042 0.086770028 0.009412265 0.000904988 -0.007019727 0.007735870 0.008988678 0.999905050
1341846314.057816 0.104082160 0.005463194 0.007579566 -0.010975841 0.008972191 0.010746293 0.999841750
1341846314.089801 0.102535322 0.000657189 0.007515406 -0.010468842 0.015536779 0.009397361 0.999780357
1341846314.122037 0.104208007 0.011347350 0.002679892 -0.010706206 0.019630753 0.012920978 0.999666452
1341846314.157989 0.111209542 0.003523056 0.004090005 -0.013720240 0.022721978 0.013510398 0.999556363
1341846314.190094 0.126224682 0.007864499 0.010963519 -0.013117364 0.025140157 0.015274144 0.999481142
1341846314.225969 0.131880462 0.014111091 0.008971579 -0.015076586 0.026811775 0.018583219 0.999354064
1341846314.257923 0.137096018 0.005338320 0.018526595 -0.017960809 0.028676096 0.018239403 0.999260962
1341846314.290052 0.134304896 0.003877969 0.013872526 -0.016821381 0.031133179 0.016250098 0.999241590
1341846314.325981 0.148194626 0.022615900 0.019106116 -0.015134518 0.030620076 0.016508933 0.999280155
1341846314.357905 0.154001966 0.023847502 0.028962523 -0.015396833 0.033796862 0.014756542 0.999201179
1341846314.389899 0.148368940 0.018531671 0.027675243 -0.014809736 0.037905749 0.014237995 0.999070108
1341846314.427905 0.165083647 0.027748683 0.026339475 -0.013752636 0.038139772 0.012457721 0.999100149
1341846314.493987 0.177360788 0.016159819 0.026585525 -0.013949767 0.047428936 0.005589747 0.998761594
1341846314.526085 0.196168438 0.011521756 0.008347291 -0.014759203 0.047333796 0.004093308 0.998761654
1341846314.558292 0.198911965 0.013280692 0.011729248 -0.015674951 0.050547380 0.003600076 0.998592138
1341846314.594085 0.208336502 0.008146257 0.013743456 -0.014865013 0.054731019 0.002943065 0.998386145
1341846314.626096 0.202285126 0.016469851 0.009110855 -0.013568481 0.060280066 0.004037413 0.998081088
1341846314.658455 0.206125781 0.018836521 0.012776507 -0.015272690 0.062553786 0.003021719 0.997920156
1341846314.694004 0.227237254 0.013829679 0.026056411 -0.015211197 0.064262770 0.000448885 0.997816980
1341846314.725910 0.230623141 0.010404314 0.020930422 -0.011683271 0.066883214 0.006824210 0.997669041
1341846314.761942 0.229110077 0.010703694 0.018190775 -0.008207950 0.067965426 0.011029739 0.997592926
1341846314.794030 0.235192597 0.011932057 0.019999336 -0.005028726 0.070111275 0.012631557 0.997446537
1341846314.826092 0.253683627 0.014101786 0.014172629 -0.002864479 0.072592281 0.013786544 0.997262299
1341846314.862145 0.273005188 0.021171372 0.012075365 -0.002063766 0.074204721 0.015878819 0.997114480
1341846314.894072 0.261734635 0.019116679 0.008653350 -0.002342704 0.080917187 0.015564126 0.996596515
1341846314.925969 0.252986372 0.022996914 0.002460849 -0.001628498 0.085577965 0.018113894 0.996165454
1341846314.961937 0.263862908 0.033743232 0.006758086 -0.003539895 0.084962398 0.023284707 0.996105790
1341846314.994564 0.265479863 0.028664475 0.010896903 -0.007652517 0.086274438 0.022511555 0.995987654
1341846315.029900 0.285255462 0.027947791 0.012705550 -0.007955919 0.087860793 0.019220717 0.995915532
1341846315.061965 0.284158587 0.027512830 0.011947475 -0.008586800 0.090849563 0.023570724 0.995548666
1341846315.094388 0.292762965 0.021886300 0.014091875 -0.009121372 0.089177869 0.024877300 0.995663226
1341846315.129851 0.312882870 0.017954573 0.004903253 -0.008269472 0.087137565 0.026275104 0.995815396
1341846315.161941 0.315677851 0.043508798 -0.006063677 -0.008139372 0.086885609 0.030459974 0.995719254
1341846315.197984 0.306826711 0.036868557 -0.002023410 -0.015290173 0.086604044 0.024599371 0.995821655
1341846315.230076 0.321772993 0.030522348 -0.003737334 -0.019504355 0.084032662 0.022294536 0.996022582
1341846315.262069 0.326329321 0.029792367 0.002393883 -0.023043703 0.081178375 0.026220316 0.996088147
1341846315.298000 0.328218639 0.023006005 0.011323135 -0.025386266 0.077837937 0.027464358 0.996264279
1341846315.329931 0.341550320 0.012890643 0.033414159 -0.021948420 0.075133890 0.026813274 0.996571243
1341846315.361981 0.344255805 0.017357022 0.029157598 -0.016508760 0.074749306 0.029845545 0.996618927
1341846315.397962 0.351364464 0.020082092 0.024416741 -0.013261700 0.074419409 0.033863977 0.996563673
1341846315.429923 0.353600889 0.024331663 0.018068399 -0.009810462 0.076483004 0.034035642 0.996441543
1341846315.466047 0.368153423 0.031019166 0.009864870 -0.008275382 0.078633949 0.036549885 0.996198952
1341846315.497883 0.365287155 0.033718172 0.021578439 -0.009029400 0.082531534 0.041417599 0.995686471
1341846315.530008 0.365086555 0.031320233 0.021098971 -0.009167240 0.084223345 0.040919825 0.995564163
1341846315.566108 0.369689405 0.032355987 0.018926781 -0.009970980 0.085415266 0.042933356 0.995370090
1341846315.597986 0.372826099 0.032435574 0.021248199 -0.009965412 0.086435810 0.041627176 0.995337486
1341846315.630109 0.378142685 0.025903240 0.023197897 -0.011628538 0.086998418 0.042654492 0.995226920
1341846315.666042 0.372038543 0.033554193 0.017745629 -0.011430382 0.089658670 0.041088171 0.995059013
1341846315.698114 0.377871186 0.037790023 0.011240177 -0.016275236 0.092164844 0.039901450 0.994810879
1341846315.733985 0.371579558 0.020677842 0.021922976 -0.020879040 0.096064925 0.041313376 0.994298160
1341846315.766041 0.363272667 0.024735801 0.025785103 -0.020141628 0.094557136 0.042322926 0.994415402
1341846315.798188 0.368549794 0.023540977 0.020558365 -0.021273492 0.093205333 0.040975444 0.994575918
1341846315.834140 0.367382377 0.016299818 0.026109695 -0.020993382 0.095612183 0.039082319 0.994429588
1341846315.866751 0.362841517 0.016474538 0.022740960 -0.018517056 0.097347364 0.038204141 0.994344532
1341846315.898492 0.356774598 0.016919276 0.024083756 -0.017182980 0.098419160 0.038329795 0.994258106
1341846315.936901 0.354063839 0.008532561 0.020199187 -0.015305970 0.100238539 0.036283597 0.994183838
1341846315.966572 0.350148052 0.010572253 0.023245834 -0.011775326 0.101547435 0.036292635 0.994098723
1341846316.034204 0.339219809 0.011330702 0.026283540 -0.007637191 0.101729356 0.033502590 0.994218469
1341846316.066113 0.327767134 0.010874836 0.026938945 -0.005095201 0.102585904 0.033744212 0.994138598
1341846316.101867 0.321287483 0.013178367 0.019347258 -0.003703612 0.101261504 0.035174862 0.994230926
1341846316.134066 0.310405344 0.014590784 0.025090348 -0.004280609 0.099003971 0.032357320 0.994551599
1341846316.202049 0.295891464 0.007315098 0.028954510 -0.004555451 0.094816163 0.027285423 0.995110333
1341846316.233979 0.288102597 0.009680495 0.014697313 -0.003646151 0.094149843 0.025003672 0.995237350
1341846316.270052 0.281974822 0.012327328 0.015006699 -0.004497302 0.095244125 0.021744579 0.995206237
1341846316.301915 0.280532420 0.002588332 0.023346175 -0.005379977 0.095567644 0.021094467 0.995184839
1341846316.334208 0.271393597 -0.000862579 0.024587210 -0.004419439 0.095363706 0.022732591 0.995173097
1341846316.370006 0.278150409 0.001959432 0.019077688 -0.001293751 0.091850966 0.024283124 0.995475829
1341846316.401994 0.277829677 0.002845363 0.024619788 0.000210109 0.090386249 0.027805869 0.995518506
1341846316.438069 0.277483016 -0.002440648 0.025167979 0.001946272 0.089225478 0.030386988 0.995545924
1341846316.470076 0.258343935 -0.004109839 0.021100309 0.006461642 0.090392098 0.031138254 0.995398402
1341846316.502034 0.239815533 0.010497292 0.009672005 0.009942939 0.089311473 0.031660177 0.995450795
1341846316.537975 0.233391747 0.011848948 0.004201815 0.007733723 0.086286783 0.030246139 0.995781064
1341846316.570121 0.226666495 -0.001409503 0.007044472 0.006141549 0.086322427 0.027633071 0.995865047
1341846316.601885 0.220615983 -0.005147068 0.006530102 0.007877399 0.085740529 0.026438631 0.995935500
1341846316.638009 0.217713997 -0.010315516 0.007950425 0.009690269 0.084385417 0.028825032 0.995968997
1341846316.669925 0.231365353 -0.011676322 0.018200077 0.011754426 0.080958210 0.029666949 0.996206522
1341846316.705941 0.221920192 -0.019335464 0.011759810 0.015378590 0.081285827 0.030189842 0.996114790
1341846316.738062 0.194480509 -0.010912742 -0.000732023 0.018530708 0.083520733 0.032228842 0.995812297
1341846316.770433 0.184818357 -0.007851347 -0.003428232 0.017836396 0.083099015 0.032333646 0.995856881
1341846316.805932 0.177321285 -0.017424216 -0.001885289 0.017648246 0.083357468 0.031395592 0.995868623
1341846316.838029 0.165914416 -0.012224777 0.007001290 0.019661665 0.082339399 0.032831550 0.995869339
1341846316.870034 0.156305090 -0.007529090 -0.009762874 0.020744642 0.078390948 0.031348702 0.996213734
1341846316.906344 0.147157967 -0.004925552 -0.009670089 0.022152383 0.075726308 0.029647591 0.996441603
1341846316.937940 0.148735881 -0.003167285 -0.014097661 0.022185316 0.073630139 0.028412465 0.996633887
1341846316.973994 0.138268173 -0.002776582 -0.013494154 0.021410504 0.072099060 0.028674629 0.996755302
1341846317.005913 0.132138148 -0.009879440 -0.013985013 0.019409219 0.069304235 0.029316721 0.996975780
1341846317.037936 0.127099872 -0.010876321 -0.008362971 0.020073663 0.066631034 0.028625175 0.997164965
1341846317.073972 0.124523044 -0.014002436 -0.010605665 0.020907430 0.064517736 0.030181719 0.997240901
1341846317.106113 0.105151631 -0.021276712 0.009068833 0.022633912 0.065195620 0.032853235 0.997074664
1341846317.137887 0.089285977 -0.017851299 0.004683281 0.025847720 0.059920661 0.036227692 0.997210622
1341846317.173970 0.083731890 -0.017112199 0.003176899 0.026882155 0.052517097 0.038771898 0.997504890
1341846317.205887 0.085377030 -0.013812386 0.000535193 0.027544223 0.048873592 0.039727755 0.997634411
1341846317.248131 0.071051672 -0.021798050 0.020078050 0.027470564 0.047617063 0.041887332 0.997608840
1341846317.306289 0.054873534 -0.018771537 0.011510478 0.029482068 0.041895609 0.045928523 0.997630239
1341846317.348137 0.064581320 -0.016788125 0.027270447 0.031432301 0.042006873 0.047525812 0.997491241
1341846317.410120 0.045562834 -0.012457391 0.027376041 0.033532262 0.042119406 0.052952431 0.997144699
1341846317.442569 0.036778901 -0.019226056 0.029204931 0.036037400 0.042508565 0.056208991 0.996862531
1341846317.474010 0.029193860 -0.018910874 0.032701623 0.041737817 0.043100871 0.059516110 0.996422648
1341846317.509927 0.007122070 -0.007378592 0.026101520 0.045634337 0.042538594 0.062275536 0.996107280
1341846317.542282 0.006155967 -0.005440103 0.029105693 0.045084529 0.039025776 0.063785508 0.996180594
1341846317.573943 0.005469724 -0.020858167 0.021271585 0.042545646 0.039741147 0.060947120 0.996441662
1341846317.610159 -0.004255578 -0.024096768 0.023572186 0.045079414 0.042023145 0.061668254 0.996192217
1341846317.643553 -0.017226113 -0.020775734 0.016892446 0.047537245 0.042194609 0.062579416 0.996013880
1341846317.677993 -0.026722167 -0.022361418 0.023827925 0.048251633 0.039286703 0.064628638 0.995967627
1341846317.709996 -0.027152438 -0.020790903 0.020815585 0.051114351 0.036067341 0.064424872 0.995959759
1341846317.741834 -0.040963989 -0.014762379 0.026082937 0.051710960 0.034989998 0.066007078 0.995863855
1341846317.777923 -0.043912526 -0.013990055 0.040193424 0.049863484 0.033760834 0.065216713 0.996052504
1341846317.810021 -0.053080078 -0.013964216 0.049623854 0.049789693 0.032513674 0.063413002 0.996214151
1341846317.841886 -0.072383784 -0.010023812 0.031335775 0.049686782 0.032645475 0.060657870 0.996386528
1341846317.878017 -0.074171938 -0.010308038 0.033879202 0.047178306 0.031850759 0.057573434 0.996717155
1341846317.909910 -0.080554046 -0.013824330 0.040232606 0.045983683 0.033168506 0.052263372 0.997022510
1341846317.946031 -0.100157194 -0.023716250 0.025154080 0.046134237 0.035134308 0.052733984 0.996923447
1341846317.978041 -0.098574810 -0.025038240 0.043551445 0.048089560 0.033148091 0.054641828 0.996796310
1341846318.009897 -0.101520695 -0.023036031 0.044633824 0.050491922 0.033409227 0.052773204 0.996769428
1341846318.045949 -0.115243644 -0.016296741 0.043455519 0.051481511 0.034806322 0.051121082 0.996757150
1341846318.078074 -0.130920380 -0.017910052 0.035414759 0.050473806 0.033983432 0.049306627 0.996928453
1341846318.109894 -0.137008861 -0.013833427 0.037934225 0.050805770 0.029295929 0.047477297 0.997149169
1341846318.145957 -0.142599002 -0.015529211 0.040046599 0.049574163 0.027641224 0.044199526 0.997409105
1341846318.178001 -0.145613536 -0.017646318 0.044654928 0.048819855 0.027482510 0.042077579 0.997542441
1341846318.214074 -0.170836791 -0.032496069 0.025003264 0.048270475 0.027375123 0.040638775 0.997631729
1341846318.245970 -0.172687382 -0.035750564 0.034489214 0.051324163 0.021161981 0.042464968 0.997554362
1341846318.278018 -0.195437923 -0.029610304 0.036506981 0.055590943 0.018403798 0.039438903 0.997504652
1341846318.313937 -0.197663218 -0.025937701 0.040180229 0.057896387 0.011092955 0.041343551 0.997404456
1341846318.345989 -0.203310415 -0.025622021 0.051419467 0.059743829 0.001106164 0.040040463 0.997409761
1341846318.382046 -0.213992760 -0.026648188 0.055996917 0.061621141 -0.005413430 0.038877588 0.997327447
1341846318.414072 -0.226376027 -0.030527826 0.061745126 0.062692516 -0.010958780 0.038959850 0.997211933
1341846318.446035 -0.227968782 -0.033428725 0.026862327 0.064677961 -0.017762657 0.040073439 0.996942997
1341846318.482196 -0.237698272 -0.030029926 0.020802390 0.066089280 -0.019334421 0.038971648 0.996864915
1341846318.514144 -0.248595759 -0.031310868 0.018970491 0.066165395 -0.020434888 0.040360894 0.996782601
1341846318.546259 -0.244820848 -0.034498457 0.036066856 0.067605913 -0.022769937 0.041039553 0.996607602
1341846318.582042 -0.253172278 -0.027150009 0.036446843 0.069702126 -0.022366313 0.040822096 0.996481299
1341846318.614115 -0.268710256 -0.029020984 0.030623477 0.068866059 -0.021896441 0.039861020 0.996588767
1341846318.650038 -0.276309431 -0.031161383 0.028691629 0.068255983 -0.022614688 0.036920220 0.996727943
1341846318.682350 -0.282060742 -0.025585279 0.029495575 0.068644039 -0.023434425 0.035228070 0.996743619
1341846318.714063 -0.292084247 -0.025337527 0.030394211 0.068304166 -0.024260564 0.034869365 0.996759832
1341846318.749905 -0.297783941 -0.029871544 0.027271353 0.068945862 -0.024522370 0.036497768 0.996650934
1341846318.782036 -0.312481463 -0.044632800 0.013879998 0.068588093 -0.024591386 0.039704233 0.996551335
1341846318.814121 -0.322822630 -0.044750139 0.014909139 0.068667658 -0.029886276 0.038173810 0.996460915
1341846318.850072 -0.326115251 -0.047371093 0.013340028 0.068984643 -0.036115646 0.036328409 0.996301651
1341846318.883516 -0.341261953 -0.053633355 -0.006046526 0.071780622 -0.043129798 0.032967560 0.995941997
1341846318.918047 -0.358746767 -0.032490194 0.009619959 0.076579086 -0.054667391 0.028092084 0.995167315
1341846318.950044 -0.368481964 -0.039814599 0.007606648 0.077994473 -0.063838072 0.027957041 0.994514942
1341846318.982028 -0.371726811 -0.038134128 0.003954586 0.079688706 -0.067855693 0.026196312 0.994162500
1341846319.018123 -0.378052771 -0.044611432 0.018076036 0.078558043 -0.073492728 0.025723340 0.993864059
1341846319.050745 -0.392055452 -0.053775758 0.019379944 0.080063477 -0.079375789 0.025483422 0.993297517
1341846319.081905 -0.398672014 -0.045067377 -0.001190744 0.086464003 -0.078834563 0.022202855 0.992882729
1341846319.117976 -0.404242933 -0.039841309 -0.001808077 0.088672355 -0.078973696 0.029086664 0.992499053
1341846319.150093 -0.413204581 -0.043209229 0.000593111 0.090124719 -0.083413512 0.036915507 0.991744399
1341846319.186069 -0.404531032 -0.027205532 0.007940404 0.092876866 -0.085566796 0.035893604 0.991344512
1341846319.218149 -0.399815977 -0.006927135 0.015383281 0.090727612 -0.081581257 0.034842797 0.991916835
1341846319.250034 -0.424132496 -0.012434691 0.010234524 0.084434964 -0.074025564 0.032817673 0.993133426
1341846319.286594 -0.428357035 -0.021412563 0.021045107 0.081823759 -0.071642973 0.037137643 0.993374586
1341846319.318034 -0.437206566 -0.025293961 0.019134823 0.082380086 -0.070389092 0.040360857 0.993292451
1341846319.350268 -0.447577924 -0.026066922 0.026267394 0.083053716 -0.070220634 0.047786236 0.992918730
1341846319.386163 -0.460904717 -0.033575214 0.002949417 0.084043331 -0.073979057 0.055292733 0.992172658
1341846319.418386 -0.457401901 -0.031812631 0.003947169 0.085277446 -0.080026150 0.056489363 0.991530418
1341846319.453961 -0.461283445 -0.029791895 0.006321587 0.086033195 -0.081848502 0.052524131 0.991534352
1341846319.486271 -0.475098342 -0.030656995 -0.002716303 0.084947668 -0.081553899 0.051954016 0.991682231
1341846319.554083 -0.488120317 -0.031497031 0.004491426 0.079730719 -0.088054210 0.050737504 0.991622567
1341846319.586296 -0.502476513 -0.033558942 0.004675537 0.080098517 -0.087078348 0.046812549 0.991872132
1341846319.622031 -0.521324039 -0.032783698 -0.016887709 0.078657895 -0.089556940 0.042763643 0.991949499
1341846319.653962 -0.525822222 -0.041506477 -0.005732961 0.077430852 -0.095029190 0.041780155 0.991578758
1341846319.686352 -0.533439755 -0.043088272 -0.009604499 0.079086035 -0.098655306 0.044283353 0.990985155
1341846319.721992 -0.537577927 -0.035426177 -0.012538262 0.080334119 -0.102965094 0.044506036 0.990436256
1341846319.754063 -0.544397414 -0.019896500 -0.018392548 0.078453913 -0.105039112 0.043762919 0.990402281
1341846319.786397 -0.546884060 -0.023376893 -0.004148237 0.073679619 -0.105562031 0.048054066 0.990514457
1341846319.822008 -0.556034803 -0.024704499 -0.010185644 0.070201188 -0.105932496 0.052363545 0.990509093
1341846319.853917 -0.559016347 -0.026742037 -0.006839931 0.065159842 -0.107091300 0.055837251 0.990539193
1341846319.889942 -0.563648105 -0.043628909 -0.006147832 0.060398668 -0.107492685 0.061739072 0.990447223
1341846319.922039 -0.570874214 -0.050757013 -0.006933220 0.059718225 -0.111950502 0.063521594 0.989881754
1341846319.953946 -0.568461418 -0.046004985 -0.000095800 0.061098177 -0.118387230 0.059311144 0.989309728
1341846319.990054 -0.569617629 -0.044630863 -0.005148858 0.063899472 -0.121076465 0.052661125 0.989183664
1341846320.028122 -0.572246194 -0.049811047 -0.006419390 0.065521471 -0.124787383 0.051381510 0.988683462
1341846320.090047 -0.556075156 -0.035724536 0.007600382 0.071893752 -0.133064419 0.051038835 0.987177908
1341846320.122011 -0.549428165 -0.032913666 0.011647165 0.072792597 -0.131026924 0.052031640 0.987332761
1341846320.157952 -0.546058953 -0.030913750 0.020042911 0.073117755 -0.128694460 0.053407542 0.987542033
1341846320.190003 -0.526607811 -0.041830607 0.018023059 0.075442165 -0.125822946 0.051732827 0.987826288
1341846320.221941 -0.520351052 -0.046388708 0.014947943 0.078936167 -0.122159965 0.053228412 0.987933636
1341846320.258015 -0.517679751 -0.044503540 0.030575700 0.083143473 -0.121427864 0.055602834 0.987547874
1341846320.289887 -0.509145796 -0.053496707 0.028364494 0.088049188 -0.122345820 0.055821951 0.986996889
1341846320.321954 -0.496842742 -0.049892195 0.028143086 0.097491734 -0.123645760 0.054189868 0.986037850
1341846320.357890 -0.479176462 -0.038322464 0.035121657 0.103350788 -0.123962887 0.056928221 0.985246658
1341846320.390064 -0.463970840 -0.039476741 0.009376824 0.104233272 -0.119502597 0.055615775 0.985779643
1341846320.426544 -0.446246356 -0.032773495 0.034133084 0.107454523 -0.112154029 0.051726986 0.986508667
1341846320.458122 -0.441820204 -0.033206128 0.028574049 0.108656101 -0.104774401 0.048683852 0.987342894
1341846320.490186 -0.422041357 -0.046625659 -0.021484129 0.110870905 -0.096766055 0.048643719 0.987915874
1341846320.525911 -0.411553323 -0.041077577 0.011724278 0.114855386 -0.090221070 0.046565697 0.988180161
1341846320.558091 -0.399306774 -0.038606770 0.016351648 0.115924180 -0.086955026 0.043634135 0.988481879
1341846320.594093 -0.374292225 -0.047600657 0.001816534 0.116452254 -0.082254805 0.039858039 0.988981485
1341846320.631955 -0.374266535 -0.041210707 0.030359279 0.119698763 -0.074381769 0.038784388 0.989259958
1341846320.664916 -0.368234158 -0.034926932 0.023290481 0.119970806 -0.071795113 0.036649454 0.989499450
1341846320.699927 -0.344072074 -0.038435966 0.029450744 0.120184258 -0.068959512 0.035604686 0.989713430
1341846320.731822 -0.332933873 -0.038040664 0.028081562 0.122123197 -0.062872253 0.034777537 0.989910901
1341846320.763877 -0.338202894 -0.014995614 -0.005463466 0.120067760 -0.060726453 0.036123693 0.990247965
1341846320.799999 -0.323267817 -0.040150084 0.025606237 0.112170242 -0.062732287 0.030580293 0.991235256
1341846320.831871 -0.267968804 -0.041307628 0.030786406 0.114305280 -0.054414369 0.026065400 0.991611838
1341846320.863887 -0.310192078 -0.023424009 0.020008173 0.113835633 -0.042724390 0.026905639 0.992215812
1341846320.900014 -0.302491248 -0.036162049 0.025145758 0.105907679 -0.047773164 0.032535154 0.992694736
1341846320.931889 -0.273753732 -0.043307051 0.025563486 0.106972717 -0.048533481 0.031124454 0.992588818
1341846320.967866 -0.273719311 -0.016401604 0.026075644 0.107862376 -0.042688351 0.028008133 0.992853940
1341846321.000017 -0.272530258 -0.025820125 0.026906988 0.101111948 -0.042064823 0.026287226 0.993637681
1341846321.031860 -0.251710832 -0.037959706 0.027124504 0.098458193 -0.042275164 0.024715276 0.993935585
1341846321.068047 -0.243978947 -0.029423878 0.028278539 0.099418499 -0.038695518 0.021951094 0.994050682
1341846321.099840 -0.242831454 -0.030671971 0.022899065 0.096934922 -0.037020460 0.022322331 0.994351447
1341846321.131821 -0.217666820 -0.041620169 0.033753272 0.096750565 -0.036403429 0.024059305 0.994351685
1341846321.167887 -0.214185610 -0.036010191 0.031378500 0.099690385 -0.032057486 0.024353161 0.994203746
1341846321.200042 -0.209143355 -0.032427680 0.029270589 0.100053385 -0.029520946 0.024298053 0.994247139
1341846321.231950 -0.199113250 -0.040374197 0.026581790 0.098987661 -0.028704708 0.023030728 0.994407892
1341846321.267939 -0.179037109 -0.036438286 0.026330194 0.099721104 -0.027346248 0.018256061 0.994472027
1341846321.299948 -0.176317334 -0.035428841 0.031512178 0.098730899 -0.022454480 0.011923204 0.994789302
1341846321.331858 -0.174620658 -0.037776411 0.038927495 0.098760583 -0.019314244 0.008014466 0.994891465
1341846321.367913 -0.151442721 -0.046507768 0.032848835 0.099602036 -0.017831851 0.004568825 0.994857073
1341846321.399897 -0.147996575 -0.039969224 0.037191741 0.102025084 -0.012322820 0.003372011 0.994699776
1341846321.435994 -0.146541595 -0.045079485 0.040907308 0.103282824 -0.008703855 0.002564092 0.994610608
1341846321.467946 -0.134343371 -0.046370059 0.033333991 0.104769982 -0.006428733 0.003265881 0.994470298
1341846321.499882 -0.121380500 -0.041807353 0.035307694 0.106660560 -0.003623116 0.003230624 0.994283676
1341846321.536109 -0.092534900 -0.033862662 0.017262682 0.106447458 0.000324667 0.001469330 0.994317174
1341846321.568960 -0.100118384 -0.023884300 0.040477380 0.103953727 0.007619022 -0.001605726 0.994551659
1341846321.603938 -0.097502492 -0.031411540 0.039291982 0.100257851 0.010370910 -0.001922873 0.994905591
1341846321.637163 -0.048323181 -0.024838939 0.013165443 0.097856037 0.012418480 -0.001323619 0.995122254
1341846321.668306 -0.063438542 -0.023167279 0.047130756 0.093383402 0.022989655 0.001512065 0.995363593
1341846321.704411 -0.075945906 -0.023822520 0.054768719 0.090482593 0.024919553 0.009234989 0.995543420
1341846321.736861 -0.078530639 -0.027159363 0.052935064 0.089052893 0.023388000 0.016561870 0.995614588
1341846321.771881 -0.060722422 -0.012028867 0.051278330 0.087493233 0.022577841 0.021852998 0.995669484
1341846321.804114 -0.053632341 -0.015932973 0.053145342 0.082996242 0.024691219 0.024366600 0.995945930
1341846321.836152 -0.057937019 -0.008158911 0.055028737 0.080500722 0.027940938 0.023880934 0.996076643
1341846321.871882 -0.049252763 0.001620981 0.058350250 0.075587854 0.028682284 0.022574708 0.996470809
1341846321.904074 -0.041528575 0.000331043 0.062219951 0.069249853 0.029676381 0.019473040 0.996967673
1341846321.939847 -0.035104625 -0.005428299 0.068749890 0.064966358 0.032209594 0.016583145 0.997229576
1341846322.004094 -0.046488624 -0.012245053 0.064877786 0.057707235 0.031542230 0.015855785 0.997709155
1341846322.066178 -0.027484708 -0.020633303 0.063841566 0.052567132 0.035428107 0.012995775 0.997904122
1341846322.107979 -0.030488085 -0.036745053 0.064970791 0.049652152 0.037648715 0.011898231 0.997985780
1341846322.166164 -0.030553337 -0.056092709 0.063652322 0.052656647 0.037419748 0.011553780 0.997844458
1341846322.202932 -0.027286544 -0.059081964 0.062895000 0.054197606 0.034754407 0.012237753 0.997850180
1341846322.234093 -0.029026827 -0.064019985 0.061183922 0.052985486 0.033648781 0.009733195 0.997980714
1341846322.265941 -0.027573811 -0.075114913 0.062843248 0.050176695 0.030392546 0.010802793 0.998219371
1341846322.301996 -0.019176988 -0.089982115 0.063830480 0.047861930 0.028012725 0.011930988 0.998389781
1341846322.333949 -0.028530037 -0.104929060 0.056739133 0.046758842 0.026805682 0.011766979 0.998477161
1341846322.369871 -0.021687772 -0.117851786 0.064116269 0.047740243 0.021258414 0.007627367 0.998604417
1341846322.402292 -0.005465401 -0.132980704 0.061409209 0.049086526 0.021688713 0.002237226 0.998556495
1341846322.433955 -0.019079424 -0.153417617 0.059136178 0.053907588 0.024319416 -0.002455531 0.998246670
1341846322.470030 -0.018647125 -0.158250257 0.065770179 0.062596902 0.020085139 0.001273326 0.997835934
1341846322.502433 -0.007210923 -0.175588861 0.058307670 0.068333581 0.015991693 0.004640640 0.997523546
1341846322.534002 0.001989144 -0.201335743 0.062095407 0.075296089 0.015076215 0.006447087 0.997026384
1341846322.570196 -0.004457238 -0.199877203 0.060113173 0.086109050 0.015613847 0.008295180 0.996128798
1341846322.601920 -0.008627862 -0.207858443 0.055463843 0.091700912 0.012551247 0.012370950 0.995630622
1341846322.638119 0.006017050 -0.222262681 0.058581989 0.096979469 0.008656243 0.011786205 0.995178938
1341846322.669947 0.016551852 -0.223854437 0.064700782 0.102217481 0.011370605 0.011101078 0.994635105
1341846322.702026 0.004063117 -0.240010932 0.062753230 0.104341500 0.013818865 0.012373409 0.994368494
1341846322.738006 0.004633768 -0.238229707 0.061563876 0.106044523 0.011132219 0.014253889 0.994196892
1341846322.770087 0.012891905 -0.259025007 0.068259805 0.105590723 0.011423691 0.014436621 0.994239271
1341846322.806047 0.004838549 -0.270686656 0.065976396 0.109101474 0.011692143 0.015996132 0.993833125
1341846322.838063 0.002767265 -0.276651353 0.064196482 0.110989042 0.007355476 0.018066313 0.993630171
1341846322.870081 0.005133626 -0.291221857 0.071387425 0.112828851 0.002253011 0.018973025 0.993430734
1341846322.906018 0.017003199 -0.294339329 0.074234359 0.117853068 0.000177476 0.019099843 0.992847323
1341846322.938349 0.012747420 -0.279847503 0.075724624 0.119200893 0.001464740 0.019791182 0.992671788
1341846322.970069 0.015540117 -0.284634560 0.078406572 0.114311241 0.000960630 0.022024021 0.993200362
1341846323.011820 0.020270992 -0.301936775 0.082057409 0.111289337 0.001099368 0.022546399 0.993531644
1341846323.073951 0.019142088 -0.301997840 0.083765246 0.108724296 0.001051146 0.026729379 0.993711948
1341846323.105962 0.021307118 -0.322308987 0.084988341 0.105034947 0.001037029 0.026791997 0.994107008
1341846323.138158 0.020810455 -0.321408510 0.086468458 0.106085479 0.001026247 0.022924090 0.994092226
1341846323.174092 0.018618600 -0.322328299 0.083528951 0.104166038 0.000594150 0.021891551 0.994318783
1341846323.206059 0.028426724 -0.329557866 0.086981684 0.101122066 -0.000571552 0.019757314 0.994677663
1341846323.238053 0.032220867 -0.327207923 0.090788171 0.099192604 0.002308516 0.017815020 0.994906068
1341846323.273997 0.012919581 -0.327210754 0.086436838 0.095249921 0.003771086 0.018580643 0.995272815
1341846323.305946 0.020537702 -0.340554744 0.086972758 0.089567818 -0.000722073 0.019306326 0.995793343
1341846323.342027 0.046942934 -0.357889295 0.091791101 0.087113336 -0.000321441 0.018023552 0.996035337
1341846323.374048 0.022480395 -0.365763783 0.093495667 0.087256797 0.004735764 0.018981759 0.995993733
1341846323.405987 0.008084037 -0.375897110 0.085342452 0.087606423 0.001244334 0.023774097 0.995870650
1341846323.441956 0.027364219 -0.387752622 0.087006941 0.088344812 -0.003773550 0.025934661 0.995745122
1341846323.473878 0.025636880 -0.400086015 0.089788906 0.092279419 -0.002270508 0.024043456 0.995440245
1341846323.506129 0.018487968 -0.390659183 0.090065897 0.095427342 -0.002022453 0.021520015 0.995201707
1341846323.541972 0.031436689 -0.392027855 0.089710087 0.093859687 -0.002904529 0.020144613 0.995377421
1341846323.573913 0.051510256 -0.411050975 0.076672398 0.092527613 0.000314405 0.014297047 0.995607436
1341846323.609927 0.039830677 -0.412549883 0.083754532 0.093149602 0.006923336 0.011459042 0.995562077
1341846323.642014 0.024252817 -0.421218485 0.084103651 0.092061922 0.009482445 0.011757442 0.995638728
1341846323.674081 0.024232799 -0.432340175 0.087331124 0.091914393 0.007579322 0.014547542 0.995631754
1341846323.710069 0.026265837 -0.453544617 0.081707820 0.092720091 0.006269314 0.018474560 0.995501041
1341846323.742111 0.022405829 -0.462128162 0.084440067 0.097225070 0.004513841 0.019200811 0.995066941
1341846323.774928 0.024152683 -0.456719875 0.080433495 0.101278238 0.002230938 0.016537247 0.994718194
1341846323.810012 0.025790352 -0.461533099 0.083344951 0.102706581 0.000962780 0.012568997 0.994631827
1341846323.842207 0.031710874 -0.466208458 0.076396003 0.103985243 0.000937367 0.007828078 0.994547606
1341846323.878019 0.020680366 -0.479501128 0.072169982 0.104165211 0.000643539 0.003487866 0.994553685
1341846323.909826 0.026118770 -0.493679583 0.070332445 0.107106738 -0.001320877 -0.000633202 0.994246423
1341846323.942459 0.021642419 -0.490678877 0.068388633 0.111212976 -0.001111792 -0.000946044 0.993795514
1341846323.978055 0.014904500 -0.492614448 0.078310549 0.113698691 -0.003750714 0.001023704 0.993507683
1341846324.015934 0.025398117 -0.493693441 0.067407839 0.117413618 -0.006440329 0.001093719 0.993061602
1341846324.047722 0.028810827 -0.483541191 0.063192993 0.121203601 -0.004967912 -0.000303000 0.992615163
1341846324.083904 0.026167687 -0.472765326 0.062898420 0.121541232 -0.003371217 -0.000421240 0.992580533
1341846324.115968 0.027181543 -0.472923338 0.066627406 0.119049765 -0.001630867 -0.002485397 0.992883861
1341846324.151967 0.033461709 -0.466308832 0.065626092 0.118935741 0.000740505 -0.006939221 0.992877424
1341846324.183941 0.026141843 -0.449636787 0.070626855 0.116750307 0.005450517 -0.011142301 0.993083835
1341846324.219984 0.024909217 -0.448596269 0.072462939 0.112338476 0.007009269 -0.009664575 0.993598223
1341846324.251968 0.020134715 -0.451000988 0.072761305 0.111409575 0.007390252 -0.010404467 0.993692636
1341846324.284052 0.014087820 -0.437895387 0.074820228 0.112216219 0.007045091 -0.011407145 0.993593335
1341846324.319880 0.010439044 -0.422735155 0.070458338 0.111273848 0.003673074 -0.011647620 0.993714750
1341846324.351917 0.018268663 -0.407052010 0.066798344 0.108084783 -0.000204904 -0.012473880 0.994063437
1341846324.388001 0.023900693 -0.399115801 0.075052217 0.103890643 -0.000382540 -0.016354674 0.994454145
1341846324.419908 0.016844194 -0.381693810 0.077627294 0.099605963 0.002335045 -0.019323129 0.994836569
1341846324.452027 0.013545410 -0.383024186 0.084090784 0.094672270 0.002654659 -0.019126508 0.995321214
1341846324.487928 0.010424154 -0.378611416 0.084462918 0.092962511 0.002451891 -0.017138714 0.995519102
1341846324.519985 0.004136145 -0.366652191 0.087780431 0.091872647 0.000486628 -0.013072839 0.995684803
1341846324.556001 0.005931051 -0.347384632 0.087323643 0.090750664 -0.004802182 -0.008279141 0.995827675
1341846324.587888 0.009049103 -0.336764663 0.085433871 0.087116003 -0.008007319 -0.005865554 0.996148705
1341846324.620086 0.006808188 -0.332556039 0.088439494 0.084795550 -0.010422232 -0.008585634 0.996306896
1341846324.655955 0.011569595 -0.319289207 0.088729657 0.083741598 -0.011709483 -0.009613383 0.996372342
1341846324.688082 0.008747376 -0.317774653 0.095395520 0.082819343 -0.011456399 -0.008735267 0.996460438
1341846324.755922 -0.007116209 -0.280571043 0.090886891 0.084807426 -0.014042730 -0.005156883 0.996285081
1341846324.814016 0.010667265 -0.240952581 0.086520500 0.080499545 -0.020593368 -0.008102898 0.996508956
1341846324.849979 -0.000723535 -0.236371651 0.095637396 0.074561603 -0.016765691 -0.010095287 0.997024357
1341846324.881924 -0.009353448 -0.234543458 0.101407371 0.071333587 -0.017580822 -0.010561476 0.997241616
1341846324.913902 -0.004425186 -0.225622848 0.100982040 0.070202731 -0.019257849 -0.007356152 0.997319698
1341846324.949999 -0.003819371 -0.230836958 0.102453336 0.070096061 -0.019602653 -0.004520356 0.997337401
1341846324.981922 -0.019004721 -0.222512901 0.102597259 0.074852064 -0.020828141 -0.001804449 0.996975482
1341846325.018013 -0.018872676 -0.210209161 0.098306797 0.079268433 -0.026147868 0.000687039 0.996510088
1341846325.050079 -0.020391002 -0.195534930 0.093153916 0.081323229 -0.031358197 -0.000118304 0.996194363
1341846325.081901 -0.018413408 -0.173855856 0.096930459 0.080987312 -0.036813203 -0.002171692 0.996032715
1341846325.118531 -0.005888528 -0.160429627 0.093117297 0.076756366 -0.038987681 -0.003519149 0.996281087
1341846325.149933 -0.009227228 -0.162290156 0.096711628 0.070689447 -0.036412437 -0.005426997 0.996818781
1341846325.181925 -0.014794890 -0.153284147 0.099603213 0.067884043 -0.034866780 -0.003257417 0.997078478
1341846325.218055 -0.010444814 -0.143094331 0.109882474 0.065658927 -0.035216980 0.000893539 0.997220099
1341846325.249811 -0.016003238 -0.138526544 0.109276034 0.063061655 -0.035156909 0.004671499 0.997379303
1341846325.285925 -0.013357815 -0.129605636 0.104541026 0.060325097 -0.035748966 0.007726202 0.997508466
1341846325.317988 0.004893433 -0.133795604 0.114228025 0.057399560 -0.034563843 0.010236650 0.997700274
1341846325.349844 0.001198298 -0.136351258 0.118177146 0.060209807 -0.029424213 0.012346978 0.997675538
1341846325.387302 0.001310530 -0.122596011 0.120545499 0.065172017 -0.026840458 0.015177110 0.997397542
1341846325.417931 0.010345306 -0.117037788 0.117125094 0.067959100 -0.022290086 0.018724462 0.997263312
1341846325.450747 0.017798141 -0.120598048 0.120511666 0.072386719 -0.014468515 0.020292707 0.997065246
1341846325.485954 -0.005419810 -0.100380816 0.134037808 0.082208611 -0.006120036 0.021083426 0.996373355
1341846325.517875 -0.005042166 -0.092704937 0.130785450 0.085597984 -0.003738506 0.023830894 0.996037722
1341846325.553859 -0.000490186 -0.089163125 0.125840023 0.087973140 -0.000343545 0.023922935 0.995835483
1341846325.585855 -0.007710560 -0.069604926 0.131375313 0.091005407 0.003000037 0.021791503 0.995607436
1341846325.617990 -0.008230101 -0.047618590 0.128973782 0.088845231 0.004693701 0.020263031 0.995828271
1341846325.653982 -0.010529669 -0.066327520 0.136564344 0.084598169 0.006511186 0.017700067 0.996236622
1341846325.685819 -0.011782247 -0.062749401 0.131601661 0.090545259 0.007796068 0.019650588 0.995667934
1341846325.717857 -0.015644917 -0.050189018 0.143807083 0.094824068 0.009070060 0.026029442 0.995112360
1341846325.754083 -0.019819854 -0.051347166 0.138494313 0.097303160 0.009624652 0.029992864 0.994756222
1341846325.786087 -0.014384937 -0.044917483 0.144123659 0.103755839 0.009585674 0.031264655 0.994065046
1341846325.821856 -0.016717926 -0.026664590 0.140023485 0.108162314 0.011528083 0.032629944 0.993530691
1341846325.853827 -0.024846448 -0.018860713 0.143168405 0.109015159 0.012516615 0.036176454 0.993302703
1341846325.885958 -0.036087435 -0.004527539 0.140713334 0.109822884 0.010541723 0.042130563 0.993001938
1341846325.921984 -0.028713636 -0.000602866 0.147373974 0.108646378 0.005974782 0.046901610 0.992955446
1341846325.953899 -0.019885447 0.002532221 0.151131406 0.111815132 0.006046421 0.048123341 0.992544711
1341846325.985823 -0.022250187 0.015358079 0.157137260 0.114617512 0.008802043 0.052523796 0.991981149
1341846326.021991 -0.028024632 0.015494935 0.155783266 0.117097832 0.009352145 0.058005683 0.991380811
1341846326.054055 -0.024570361 0.029897634 0.157083184 0.122561350 0.008331613 0.061185442 0.990538001
1341846326.089984 -0.020118289 0.048567746 0.156993061 0.125490591 0.010038635 0.060621850 0.990190029
1341846326.121822 -0.022151994 0.056143790 0.160636738 0.124938652 0.014172895 0.058852907 0.990315974
1341846326.154079 -0.026479430 0.060412966 0.167441785 0.125523970 0.016926646 0.056894127 0.990313232
1341846326.190178 -0.028460642 0.072182879 0.169979125 0.128179610 0.016330207 0.059733398 0.989815712
1341846326.222162 -0.033422522 0.091383487 0.170316637 0.127893791 0.014731155 0.065884352 0.989487410
1341846326.259181 -0.033173956 0.101033062 0.175686926 0.124625787 0.011947162 0.069823772 0.989671826
1341846326.322766 -0.031558592 0.123213835 0.185341805 0.117517971 0.011707016 0.067869067 0.990679681
1341846326.359773 -0.027001027 0.128529638 0.180767924 0.113476187 0.012923189 0.066287555 0.991242707
1341846326.392109 -0.027232762 0.121921912 0.190869197 0.111362800 0.015009474 0.067181751 0.991392791
1341846326.423985 -0.030743301 0.126659349 0.193479866 0.115358777 0.015848005 0.072641507 0.990537405
1341846326.459869 -0.033669412 0.144658178 0.186823443 0.118333958 0.013448757 0.075793222 0.989985645
1341846326.526163 -0.023466710 0.178623348 0.187822446 0.118639901 0.014636227 0.075012371 0.989991665
1341846326.560211 -0.024141718 0.188640565 0.201952115 0.114029281 0.018329399 0.075009726 0.990472019
1341846326.591828 -0.025848143 0.194078386 0.200472876 0.110754542 0.020565756 0.076678470 0.990671933
1341846326.627027 -0.023224004 0.205789328 0.197951078 0.110547982 0.022053229 0.075741060 0.990735114
1341846326.658442 -0.024699602 0.222735077 0.209081531 0.109075151 0.025808481 0.074157469 0.990927458
1341846326.694856 -0.031689309 0.233792111 0.207436413 0.105159201 0.029657727 0.074849129 0.991190970
1341846326.726206 -0.031018950 0.248627648 0.207834452 0.099758916 0.030588994 0.072785176 0.991874397
1341846326.762753 -0.024680689 0.259660870 0.208558917 0.093538605 0.032584567 0.070217319 0.992601812
1341846326.826821 -0.022571333 0.302444965 0.219749764 0.079646170 0.038120035 0.067769177 0.993786037
1341846326.858887 -0.030051192 0.298999548 0.232543111 0.070610516 0.040370423 0.064346567 0.994607449
1341846326.895360 -0.037081886 0.297706544 0.242788330 0.068064623 0.040516689 0.065540038 0.994701028
1341846326.926897 -0.038848121 0.304256707 0.245666444 0.069891408 0.036750644 0.067645893 0.994579613
1341846326.958888 -0.028503800 0.313749939 0.235797793 0.072403781 0.033451285 0.072654702 0.994162977
1341846326.994594 -0.024172742 0.325510889 0.232363135 0.072829336 0.033630677 0.074727543 0.993972182
1341846327.026301 -0.022540083 0.338568658 0.236852542 0.071072958 0.034827080 0.073501393 0.994149506
1341846327.063945 -0.023794824 0.346101344 0.238741741 0.068240613 0.037668109 0.069067173 0.994562268
1341846327.094662 -0.026947748 0.350779027 0.244174823 0.067788698 0.039728206 0.067435801 0.994624972
1341846327.128901 -0.029847316 0.360302001 0.248180956 0.067014694 0.040017340 0.066549368 0.994725525
1341846327.161940 -0.031077866 0.372457206 0.247452170 0.065996572 0.039103631 0.065743752 0.994883478
1341846327.193867 -0.021031216 0.377218276 0.249202460 0.064601131 0.039697375 0.064272188 0.995047688
1341846327.229885 -0.020301916 0.391112089 0.248406306 0.066222787 0.042980257 0.061193749 0.994998753
1341846327.262014 -0.014031345 0.404770315 0.265077949 0.066268168 0.046991333 0.057808802 0.995016813
1341846327.294023 -0.019374717 0.411023259 0.221816421 0.069424599 0.059967242 0.052473255 0.994399726
1341846327.330015 -0.024998385 0.422014952 0.200816423 0.069863416 0.070439063 0.047359757 0.993938863
1341846327.361939 -0.016823038 0.443600982 0.258662432 0.068839327 0.075025178 0.042653382 0.993887842
1341846327.393887 -0.021888556 0.455042988 0.262623072 0.068289675 0.077983342 0.038095824 0.993883193
1341846327.429966 -0.032065783 0.490081757 0.242715180 0.068134576 0.077238344 0.039338388 0.993903637
1341846327.461965 -0.037052274 0.488084525 0.249405339 0.057887029 0.073193826 0.036609661 0.994963050
1341846327.497931 -0.022539314 0.495016158 0.267828584 0.052987203 0.070596911 0.035362739 0.995468676
1341846327.530068 -0.033094220 0.512836814 0.274811864 0.052697152 0.072712712 0.038844161 0.995202005
1341846327.561895 -0.040034741 0.519246638 0.280700296 0.050773147 0.071103014 0.044413440 0.995185375
1341846327.598010 -0.040362589 0.530265927 0.284131855 0.053325258 0.067610092 0.048292045 0.995114684
1341846327.629945 -0.046640716 0.543769181 0.286744207 0.053627174 0.063013889 0.047837082 0.995422006
1341846327.662003 -0.041998431 0.540705025 0.287777424 0.052278955 0.059104897 0.043820567 0.995918274
1341846327.697919 -0.047281537 0.563638985 0.283723712 0.055965543 0.059166830 0.045359287 0.995645344
1341846327.730075 -0.042867564 0.585312486 0.288612247 0.051953495 0.057318501 0.045934387 0.995944500
1341846327.766017 -0.041880928 0.588135719 0.288712859 0.046450745 0.056620311 0.046242829 0.996241987
1341846327.797917 -0.040579516 0.610453963 0.290602326 0.042898651 0.055615686 0.049269453 0.996312737
1341846327.830054 -0.034704141 0.618111432 0.293937236 0.036283433 0.054167062 0.049098264 0.996663809
1341846327.865944 -0.029609315 0.620622277 0.295939177 0.031612433 0.054883022 0.049290635 0.996774256
1341846327.898010 -0.034504499 0.637806773 0.301803529 0.030080402 0.056123320 0.050576054 0.996688247
1341846327.929991 -0.033196062 0.648815632 0.302257776 0.026030883 0.054370023 0.048086405 0.997022569
1341846327.966065 -0.042852528 0.660271704 0.299078017 0.022520348 0.056668837 0.045329288 0.997109175
1341846327.998073 -0.043828890 0.666104138 0.299512297 0.015609422 0.057709172 0.042853259 0.997291088
1341846328.034045 -0.044839378 0.671483874 0.300502568 0.009903478 0.058859907 0.040901963 0.997378767
1341846328.065993 -0.043737747 0.671023250 0.301295638 0.003960535 0.059325848 0.041892432 0.997351408
1341846328.098045 -0.045031689 0.655644119 0.305728227 0.001470587 0.060025845 0.043105394 0.997264624
1341846328.133967 -0.049160462 0.657089829 0.300264060 0.004720466 0.059423711 0.046540480 0.997136176
1341846328.166023 -0.053930067 0.649271727 0.301546723 0.003584977 0.057196904 0.046756469 0.997260988
1341846328.198018 -0.048365533 0.635092378 0.296421349 0.002656132 0.053212281 0.044229422 0.997599721
1341846328.234044 -0.048586152 0.624230683 0.293911576 0.005488379 0.051794909 0.043580491 0.997691274
1341846328.265899 -0.044722117 0.613850534 0.291720629 0.007231025 0.049477406 0.044046506 0.997777343
1341846328.302051 -0.040000394 0.595273852 0.286318541 0.009302513 0.048907015 0.044158738 0.997783303
1341846328.333917 -0.055867776 0.569744885 0.289680421 0.010731324 0.051216748 0.046307966 0.997555673
1341846328.366008 -0.065590523 0.553254724 0.291946650 0.015761981 0.052453674 0.044302639 0.997515619
1341846328.402010 -0.053325430 0.523084104 0.283995926 0.027463112 0.052821722 0.045424394 0.997192144
1341846328.433920 -0.049930267 0.514472425 0.273334384 0.031384364 0.050210007 0.045687210 0.997199357
1341846328.470003 -0.044995464 0.490584612 0.270408094 0.030660089 0.048761912 0.038596801 0.997593343
1341846328.502194 -0.038680546 0.463775635 0.268714875 0.031424880 0.050201517 0.030675899 0.997773170
1341846328.534033 -0.036259774 0.445621938 0.265218049 0.032573178 0.052975204 0.028144818 0.997667491
1341846328.570125 -0.034519598 0.430681109 0.269052833 0.034788411 0.053001538 0.029243533 0.997559726
1341846328.602804 -0.031594738 0.407141328 0.260598212 0.039657846 0.046469975 0.033863083 0.997557580
1341846328.672663 -0.034613516 0.360876173 0.255139470 0.048020493 0.034902096 0.031523265 0.997738481
1341846328.702975 -0.023384232 0.349625438 0.253731638 0.051328998 0.030734997 0.029640336 0.997768581
1341846328.770129 -0.008819011 0.313752532 0.245423436 0.058568887 0.026778627 0.027605522 0.997542262
1341846328.802331 -0.007889508 0.295150071 0.253093749 0.059198588 0.023551067 0.027890960 0.997578561
1341846328.838051 -0.000875591 0.277980417 0.246409982 0.062702417 0.021097476 0.024926808 0.997497857
1341846328.869939 -0.007293048 0.281615913 0.231053740 0.064216360 0.020740516 0.022817032 0.997459531
1341846328.904486 -0.002779557 0.263722241 0.236012027 0.058772404 0.017411120 0.023245417 0.997848868
1341846328.939814 -0.007356570 0.231666103 0.232729048 0.061286140 0.015664930 0.020420667 0.997788370
1341846328.970217 -0.001368339 0.231958061 0.227502376 0.065775618 0.012944305 0.024992270 0.997437418
1341846329.006232 0.000306982 0.219103128 0.224751785 0.066256493 0.010571050 0.029676612 0.997305214
1341846329.038243 0.005364210 0.198381066 0.221570790 0.069396533 0.009138666 0.030467603 0.997081935
1341846329.106125 0.006533227 0.199248269 0.213931561 0.073537000 0.009036936 0.029003834 0.996829689
1341846329.138340 0.009598664 0.180436283 0.212003335 0.074023142 0.007809873 0.027625801 0.996843219
1341846329.169991 0.010720229 0.177685976 0.203304574 0.076041900 0.006827055 0.026456408 0.996730208
1341846329.208656 0.013778349 0.167769328 0.204050332 0.076443568 0.005685403 0.025214741 0.996738851
1341846329.238169 0.019861786 0.169937134 0.195183188 0.076329552 0.004048801 0.025978927 0.996735930
1341846329.273827 0.021245155 0.154381961 0.192812175 0.073944032 0.002957021 0.026391191 0.996908724
1341846329.306052 0.015812205 0.150426418 0.189277709 0.074734621 0.001167911 0.024890453 0.996892095
1341846329.338104 0.023554187 0.154545397 0.183951139 0.071741179 -0.001177777 0.023743536 0.997139931
1341846329.373907 0.022449085 0.126778111 0.186145395 0.067053273 -0.001611551 0.021867877 0.997508407
1341846329.405985 0.022310991 0.114926524 0.183478653 0.068038501 -0.003079255 0.019359356 0.997490108
1341846329.442057 0.019991508 0.116282806 0.179430231 0.068173304 -0.003177085 0.015158696 0.997553289
1341846329.473950 0.019208467 0.098218583 0.175979823 0.066589490 -0.004378451 0.009493053 0.997725666
1341846329.506147 0.019478740 0.093160197 0.172995210 0.066631228 -0.006330725 0.007222480 0.997731447
1341846329.542121 0.017912338 0.081703968 0.166248366 0.064404264 -0.009066446 0.006774068 0.997859716
1341846329.574086 0.024347955 0.062786803 0.168077916 0.066411905 -0.012115366 0.005513955 0.997703493
1341846329.606387 0.022304680 0.061695978 0.163399711 0.069451094 -0.011902944 0.002884276 0.997510195
1341846329.641955 0.019459840 0.059003815 0.162510321 0.069417842 -0.013031539 0.003744866 0.997495532
1341846329.681570 0.016797680 0.043624137 0.159753367 0.068058304 -0.015816929 0.003754329 0.997548878
1341846329.748113 0.022372067 0.040983297 0.153891757 0.070446067 -0.016045259 0.000857691 0.997386158
1341846329.810175 0.020361591 0.014443144 0.154643834 0.067756541 -0.012521409 0.005781463 0.997606575
1341846329.842255 0.021384669 0.005584486 0.155116439 0.069442175 -0.012654725 0.009197861 0.997463286
1341846329.874044 0.017555861 -0.001901669 0.151429668 0.071085684 -0.012334083 0.012437788 0.997316420
1341846329.910073 0.016458536 0.002352387 0.147544041 0.071627557 -0.012686923 0.014611094 0.997243702
1341846329.942009 0.017984839 0.002789762 0.153584465 0.067194983 -0.013485977 0.019769773 0.997452796
1341846329.978087 0.017736334 -0.022122724 0.150758281 0.064422168 -0.013946491 0.021888476 0.997585177
1341846330.016305 0.023119761 -0.013997328 0.148624301 0.066843756 -0.013290952 0.019789565 0.997478604
1341846330.048192 0.015677536 -0.007216895 0.145225778 0.063498132 -0.011254634 0.021053711 0.997696400
1341846330.080418 0.018462431 -0.029702488 0.147521034 0.058227044 -0.011721993 0.023675205 0.997953773
1341846330.115886 0.021089114 -0.043560885 0.146923020 0.060785145 -0.010435862 0.024828639 0.997787476
1341846330.147839 0.011983252 -0.027560055 0.140577704 0.064000122 -0.009538484 0.026077921 0.997563481
1341846330.181257 0.014392908 -0.017481260 0.136307389 0.059544057 -0.010415139 0.029134551 0.997746050
1341846330.215852 0.014326837 -0.030158158 0.142984226 0.052998915 -0.009409746 0.028450424 0.998144865
1341846330.247833 0.008452122 -0.038009524 0.143318534 0.050780650 -0.008457039 0.027324606 0.998300135
1341846330.283913 0.007151263 -0.024071425 0.137264162 0.048085917 -0.009084940 0.028296087 0.998400986
1341846330.316011 0.007197692 -0.039561968 0.138581753 0.040872712 -0.010164551 0.026944231 0.998749256
1341846330.347868 0.004227283 -0.047895916 0.139399171 0.038464837 -0.011615653 0.026426174 0.998842955
1341846330.383835 0.010179298 -0.050546046 0.139910951 0.036664389 -0.012512079 0.026846832 0.998888612
1341846330.415934 0.008757001 -0.066075772 0.137724385 0.035531987 -0.011527517 0.025012761 0.998988986
1341846330.452561 0.003483233 -0.067010194 0.135610059 0.038450386 -0.011684907 0.023786364 0.998909056
1341846330.483903 -0.000250451 -0.062215369 0.128133893 0.038653802 -0.013298640 0.026723225 0.998806775
1341846330.515970 0.000434625 -0.070902810 0.132376909 0.036908899 -0.015741637 0.030025564 0.998743415
1341846330.552099 0.002287296 -0.073962256 0.128826246 0.038254194 -0.016989112 0.032316484 0.998600841
1341846330.583876 -0.001092554 -0.065416038 0.128301010 0.038201850 -0.017193947 0.032694604 0.998587012
1341846330.619992 -0.009499086 -0.057492711 0.119521558 0.034159549 -0.017764542 0.032038167 0.998744786
1341846330.652136 -0.005870764 -0.063299745 0.122878753 0.027549874 -0.019658608 0.029765418 0.998983741
1341846330.683796 -0.007470870 -0.069047935 0.120281510 0.022509214 -0.019546775 0.029411480 0.999122739
1341846330.719991 -0.011966104 -0.085799173 0.109291904 0.019172950 -0.021609053 0.030657372 0.999112427
1341846330.752103 -0.013059126 -0.089751653 0.107832156 0.020812539 -0.025737025 0.035057634 0.998836994
1341846330.787952 -0.021605032 -0.081417173 0.101701960 0.022436265 -0.029782999 0.038309306 0.998569965
1341846330.819823 -0.018178962 -0.079810329 0.103859365 0.022349596 -0.034507737 0.038659710 0.998406291
1341846330.852208 -0.019839486 -0.073167086 0.101729192 0.022201819 -0.035994887 0.039396439 0.998328269
1341846330.914111 -0.023822462 -0.060762499 0.094092257 0.013646339 -0.039318241 0.039600670 0.998348475
1341846330.949903 -0.028932415 -0.073787287 0.089929610 0.009816455 -0.039850112 0.039302465 0.998384118
1341846330.981986 -0.038969807 -0.069405377 0.085318498 0.011295136 -0.043614693 0.039060380 0.998220682
1341846331.014111 -0.030373558 -0.067789122 0.087038383 0.010656953 -0.048783999 0.040926881 0.997913599
1341846331.082139 -0.031845547 -0.069041371 0.081772223 0.012521889 -0.051684480 0.037925396 0.997864485
1341846331.114334 -0.034444399 -0.066617988 0.078997262 0.012405286 -0.053595413 0.037175484 0.997793376
1341846331.149989 -0.032507081 -0.075621068 0.079101227 0.012140870 -0.054545902 0.036451250 0.997771859
1341846331.181954 -0.036280770 -0.076018713 0.075345851 0.015347060 -0.054522425 0.034962174 0.997782230
1341846331.218151 -0.045314029 -0.060647938 0.069957368 0.015988251 -0.057187434 0.035501659 0.997603953
1341846331.249914 -0.028974997 -0.072711043 0.075335108 0.012840256 -0.060396429 0.035078146 0.997475326
1341846331.318141 -0.025131790 -0.068132035 0.078060515 0.023945047 -0.050622571 0.030701026 0.997958660
1341846331.349926 -0.023533922 -0.064038388 0.074668400 0.023233371 -0.047791172 0.028773090 0.998172522
1341846331.382003 0.001325093 -0.088814102 0.068303347 0.023830058 -0.043323208 0.028051047 0.998382866
1341846331.418008 -0.012393394 -0.080687858 0.070118472 0.031730134 -0.031417292 0.028147183 0.998605967
1341846331.450327 -0.016745154 -0.066261686 0.085346937 0.034287844 -0.026732968 0.027980836 0.998662531
1341846331.486219 -0.024547778 -0.060662132 0.093471684 0.034610886 -0.023927946 0.028732438 0.998701155
1341846331.518344 -0.015057376 -0.061507292 0.104210161 0.033582371 -0.023951242 0.027478002 0.998771012
1341846331.550202 -0.009861575 -0.067381978 0.106386021 0.035779756 -0.019409155 0.025863914 0.998836458
1341846331.586139 -0.017687008 -0.057050165 0.114910401 0.038153488 -0.017502759 0.026913617 0.998756051
1341846331.617931 -0.011403403 -0.053720899 0.122314021 0.037451606 -0.018060176 0.026993854 0.998770535
1341846331.654027 -0.005342374 -0.061929494 0.133337349 0.037522502 -0.015822871 0.027908169 0.998780668
1341846331.686123 -0.010353947 -0.051424421 0.137773305 0.040364828 -0.012639446 0.029659338 0.998664737
1341846331.717954 -0.013906346 -0.038589008 0.146605283 0.038161684 -0.013685711 0.029790031 0.998733699
1341846331.754076 -0.001262667 -0.053975534 0.158385694 0.034849133 -0.013924276 0.028961122 0.998875856
1341846331.785920 -0.001622353 -0.053233210 0.167132333 0.037820961 -0.010861611 0.027352674 0.998851061
1341846331.818053 -0.007238848 -0.040226519 0.180504546 0.038997550 -0.008738246 0.027014900 0.998835862
1341846331.853849 -0.004947579 -0.049184002 0.190731898 0.037062217 -0.008630437 0.026690511 0.998919189
1341846331.885987 0.002872254 -0.049892206 0.204995558 0.040073406 -0.006648647 0.024963694 0.998862743
1341846331.922014 -0.001224031 -0.044281863 0.211787626 0.042086370 -0.002919522 0.023452550 0.998834431
1341846331.954037 0.006536153 -0.044436689 0.216049761 0.041752532 -0.000838856 0.024060177 0.998837888
1341846331.986135 0.014361989 -0.054658294 0.232521191 0.043473613 0.004039413 0.026030850 0.998707235
1341846332.022364 0.002424244 -0.054040544 0.246555731 0.051006686 0.010079999 0.025389794 0.998324633
1341846332.054175 -0.003932794 -0.053604372 0.259413034 0.056684129 0.010713560 0.027341140 0.997960210
1341846332.086502 0.000933916 -0.048979349 0.273094594 0.059590571 0.010323620 0.028865702 0.997752070
1341846332.122051 -0.003394475 -0.044177838 0.285893798 0.061607018 0.011882565 0.027452758 0.997652113
1341846332.153983 -0.008838609 -0.028035644 0.303274304 0.060916420 0.011461592 0.025878388 0.997741520
1341846332.190165 -0.007291841 -0.027872883 0.311033487 0.054300968 0.009541368 0.023833275 0.998194575
1341846332.254145 -0.010015539 -0.048530281 0.342870981 0.053355727 0.010211210 0.021135431 0.998299658
1341846332.289948 -0.013355361 -0.042125978 0.352516413 0.055647351 0.010188974 0.023471538 0.998122573
1341846332.322172 -0.011102499 -0.043449488 0.362064928 0.056266110 0.009522969 0.025627412 0.998041391
1341846332.354003 -0.000571915 -0.049746361 0.367690414 0.058271430 0.010461716 0.023214079 0.997976005
1341846332.390180 -0.002734608 -0.037000250 0.377587825 0.060579441 0.015282393 0.019944401 0.997847080
1341846332.422055 -0.008364661 -0.032513812 0.393137991 0.059158836 0.018133851 0.016290687 0.997950912
1341846332.458114 0.005036510 -0.037099738 0.403167814 0.058425393 0.018778931 0.013214209 0.998027623
1341846332.489993 -0.005691081 -0.030777195 0.412589431 0.059907343 0.021650264 0.014837282 0.997858822
1341846332.522130 -0.010828281 -0.026793145 0.423993766 0.059391808 0.017865265 0.021425309 0.997844875
1341846332.558114 -0.009630074 -0.031065976 0.433881491 0.059108283 0.012695358 0.028074224 0.997775972
1341846332.589874 0.003838747 -0.019628648 0.438607037 0.059674103 0.008554676 0.032656126 0.997646928
1341846332.621889 0.002657047 -0.015531849 0.442313999 0.055527776 0.008904790 0.034381732 0.997825265
1341846332.658202 0.004945475 -0.019820608 0.455331683 0.051213600 0.009627169 0.032042474 0.998127162
1341846332.690001 0.006319837 -0.017245073 0.464472145 0.049430929 0.010463004 0.033129975 0.998173118
1341846332.726000 0.005595605 -0.019692589 0.477986783 0.048366822 0.009312253 0.037787221 0.998071194
1341846332.758386 0.009130346 -0.018563608 0.485138059 0.048895676 0.006717176 0.038722727 0.998030365
1341846332.789937 0.018921690 -0.010533061 0.492132127 0.048803028 0.006859690 0.037004665 0.998099148
1341846332.825925 0.015895873 -0.011403512 0.504180133 0.046158977 0.009974817 0.034679171 0.998282135
1341846332.857898 0.014268014 -0.012596752 0.512084603 0.046903536 0.011691234 0.033751428 0.998260558
1341846332.894069 0.019533513 -0.000433702 0.519867420 0.047542468 0.010839271 0.034889936 0.998200834
1341846332.926029 0.023841679 0.002864070 0.524893999 0.044039339 0.011217576 0.032388736 0.998441637
1341846332.958015 0.030549984 0.006173614 0.537003756 0.041355561 0.012861938 0.029973475 0.998611987
1341846332.994073 0.028194521 0.010373376 0.546664357 0.038618755 0.014727917 0.028157720 0.998748600
1341846333.026545 0.032937717 0.011114359 0.555043459 0.036265902 0.015660515 0.025421962 0.998896003
1341846333.057998 0.044175487 0.009241305 0.561321318 0.034845855 0.016706791 0.026785158 0.998893976
1341846333.094024 0.044198677 0.010165960 0.567661226 0.035411663 0.018557321 0.030243626 0.998742700
1341846333.126095 0.049773514 0.015079662 0.574885130 0.036256250 0.019799875 0.032621581 0.998613656
1341846333.161973 0.054919802 0.022275157 0.577795148 0.035581388 0.022049677 0.033951618 0.998546481
1341846333.195660 0.052302159 0.019898195 0.586284161 0.032462668 0.024769384 0.035345223 0.998540640
1341846333.226331 0.054733962 0.021875959 0.590969741 0.031173199 0.025210034 0.035106994 0.998579085
1341846333.262056 0.054073393 0.029245775 0.597410381 0.028583726 0.026257247 0.032852650 0.998706281
1341846333.294147 0.053029619 0.025066426 0.604210138 0.024720473 0.026413761 0.031828370 0.998838425
1341846333.326100 0.057291940 0.027103249 0.605369568 0.023191821 0.024567233 0.030150061 0.998974264
1341846333.362100 0.059915453 0.033423331 0.607331932 0.020609731 0.023959821 0.029634796 0.999061048
1341846333.394119 0.060081422 0.030930256 0.619477808 0.017046843 0.023171123 0.028303418 0.999185383
1341846333.429974 0.063205197 0.030326309 0.615316808 0.016279837 0.020738222 0.029231092 0.999224901
1341846333.462115 0.066877000 0.028571965 0.615548491 0.015818506 0.020490406 0.028167440 0.999267995
1341846333.494040 0.063762173 0.028525520 0.616636276 0.016748434 0.022026515 0.026775885 0.999258399
1341846333.529953 0.070177779 0.027848801 0.616795957 0.017469741 0.022544293 0.026583504 0.999239683
1341846333.562063 0.068601996 0.030974152 0.618689358 0.018514032 0.024838232 0.028363224 0.999117553
1341846333.594090 0.060138904 0.037598319 0.619269848 0.017871143 0.025270535 0.029262869 0.999092460
1341846333.629994 0.060813144 0.039214775 0.618692696 0.014387746 0.022446262 0.028298158 0.999243915
1341846333.662127 0.061319500 0.039163332 0.616545677 0.011304449 0.021432688 0.027847854 0.999318421
1341846333.697964 0.063332662 0.029042805 0.617110193 0.008525842 0.021223646 0.028498247 0.999332130
1341846333.730092 0.060981147 0.029207055 0.611939073 0.011184566 0.021991435 0.029200858 0.999269068
1341846333.762089 0.062936582 0.030755140 0.608999372 0.013023276 0.022213750 0.030749647 0.999195397
1341846333.798006 0.059463732 0.028295454 0.605150223 0.014272480 0.023215283 0.030208781 0.999172032
1341846333.830055 0.062011316 0.027779190 0.600569010 0.016687425 0.024009233 0.028322738 0.999171138
1341846333.866045 0.057655491 0.028974410 0.596204102 0.018191762 0.025735466 0.026648030 0.999147952
1341846333.897987 0.053430792 0.025173010 0.592829168 0.019496541 0.026322799 0.025371198 0.999141276
1341846333.930099 0.055470679 0.020912126 0.585619509 0.021656021 0.026736043 0.024924472 0.999097109
1341846333.965889 0.052333139 0.020430714 0.579720497 0.023908596 0.027889160 0.024640881 0.999021232
1341846333.997985 0.054681461 0.018059732 0.576520979 0.026578946 0.028400749 0.024488993 0.998943090
1341846334.030076 0.048208084 0.020573076 0.568439841 0.030102175 0.030254155 0.025128594 0.998772800
1341846334.066000 0.044960596 0.017115619 0.560575306 0.031247789 0.030050209 0.026205318 0.998716116
1341846334.097932 0.045911521 0.016810823 0.554681540 0.033254642 0.029745035 0.026103016 0.998663127
1341846334.133884 0.042081781 0.016046293 0.548963547 0.034565136 0.030770849 0.026556680 0.998575568
1341846334.166115 0.034468062 0.015858024 0.543569803 0.034774974 0.030340327 0.027216025 0.998563707
1341846334.198072 0.033346746 0.014898662 0.534385443 0.035187598 0.028650474 0.026171414 0.998627067
1341846334.234097 0.036206931 0.017395683 0.527836502 0.036077775 0.028615650 0.024907490 0.998628616
1341846334.266045 0.028403740 0.014833059 0.520932019 0.035784077 0.030904066 0.025726406 0.998550236
1341846334.297946 0.026928952 0.013749689 0.514079690 0.037059069 0.028869458 0.027349133 0.998521507
1341846334.334036 0.023857836 0.015737243 0.507630587 0.037600424 0.027487094 0.027278963 0.998542190
1341846334.365871 0.027894581 0.016851544 0.497671604 0.037112966 0.026774954 0.026030043 0.998613119
1341846334.401845 0.022051722 0.015041213 0.491803199 0.035592552 0.028202783 0.024962686 0.998656392
1341846334.433864 0.015170854 0.010170192 0.485556513 0.035302687 0.027640929 0.025879519 0.998659074
1341846334.466105 0.014174454 0.013839804 0.477924794 0.036232419 0.026007550 0.026442980 0.998654902
1341846334.502142 0.008286012 0.015631944 0.471875131 0.035316311 0.024999138 0.027372897 0.998688400
1341846334.540153 0.008690760 0.013890326 0.462354124 0.034710169 0.023543375 0.026076391 0.998779714
1341846334.602351 -0.001967497 0.022353837 0.448080331 0.030864604 0.020318080 0.019005654 0.999136329
1341846334.670161 -0.004057869 0.016025688 0.431558281 0.025254440 0.017338723 0.012074289 0.999457717
1341846334.702085 -0.013791588 0.010641096 0.422685742 0.023503575 0.015752528 0.012566970 0.999520659
1341846334.734751 -0.015462856 0.010361573 0.413400650 0.023748273 0.013330016 0.014267557 0.999527276
1341846334.770889 -0.020084534 0.010218417 0.403057367 0.023633210 0.011956817 0.017325191 0.999499083
1341846334.802194 -0.025404887 0.010515530 0.392744809 0.023197137 0.009578303 0.017750591 0.999527454
1341846334.833908 -0.023053622 0.013005130 0.382903963 0.023099139 0.007652946 0.016455386 0.999568462
1341846334.869874 -0.025541283 0.014126774 0.375597656 0.021559028 0.007206525 0.016149912 0.999611139
1341846334.902006 -0.032677032 0.009700781 0.363950819 0.019583752 0.005967494 0.016205410 0.999659061
1341846334.938010 -0.031479169 0.009333958 0.354944408 0.018966680 0.002221244 0.016626483 0.999679387
1341846334.970032 -0.027034398 0.008541231 0.348113358 0.019025993 0.001007623 0.015513026 0.999698162
1341846335.002203 -0.033975974 0.005118788 0.335794687 0.020314276 0.002015372 0.016942086 0.999648035
1341846335.037880 -0.044403091 0.007465463 0.323218793 0.023226663 -0.000280210 0.018425997 0.999560356
1341846335.069990 -0.039999716 0.011290405 0.313236088 0.023683047 -0.003533494 0.018398814 0.999543965
1341846335.106038 -0.038234692 0.007941393 0.304474235 0.023867220 -0.002619870 0.016733661 0.999571681
1341846335.138045 -0.045055494 0.006470473 0.294218332 0.025412902 -0.001117552 0.016155675 0.999545872
1341846335.169900 -0.048648726 0.009348238 0.280983299 0.025612615 -0.003791897 0.016388742 0.999530375
1341846335.206091 -0.048139609 0.012119313 0.274411201 0.025355374 -0.005628358 0.013858102 0.999566555
1341846335.239365 -0.046191204 0.005302035 0.267637044 0.024745841 -0.004904918 0.011245506 0.999618530
1341846335.269948 -0.050702296 0.004286353 0.255184442 0.026319489 -0.003293650 0.010227392 0.999595821
1341846335.305972 -0.057167478 0.002606669 0.243280128 0.028089250 -0.004480862 0.011140634 0.999533296
1341846335.338012 -0.052971527 0.001962333 0.236273974 0.029605029 -0.006182624 0.012185737 0.999468267
1341846335.374005 -0.047429193 -0.005451406 0.228762373 0.033550896 -0.005105300 0.013815307 0.999328494
1341846335.406025 -0.053059708 -0.004570163 0.219481498 0.040462561 -0.002031527 0.015342690 0.999061167
1341846335.438079 -0.054735083 0.004164696 0.209359869 0.046186756 -0.001350451 0.019039089 0.998750448
1341846335.473998 -0.053470515 0.007446161 0.194783717 0.048210494 0.000113236 0.019731799 0.998642266
1341846335.507038 -0.054651432 0.012553697 0.186423749 0.049574442 0.002826953 0.017421011 0.998614490
1341846335.538040 -0.059553519 0.016739102 0.179051399 0.049015410 0.005347614 0.015546968 0.998662710
1341846335.574119 -0.066312082 0.021780238 0.167564213 0.047000907 0.005648349 0.015735151 0.998754919
1341846335.605970 -0.063810438 0.013586861 0.158210799 0.044784028 0.004502649 0.015506214 0.998866200
1341846335.641978 -0.062942058 0.014874248 0.151761010 0.046208784 0.005612832 0.013352635 0.998826802
1341846335.673993 -0.067992471 0.017994922 0.139003500 0.045953915 0.006537857 0.013125745 0.998835921
1341846335.706178 -0.070609599 0.015828753 0.124479629 0.045240622 0.005239157 0.014028233 0.998863876
1341846335.741982 -0.065976799 0.014673246 0.118346184 0.045635141 0.004636811 0.012745008 0.998866141
1341846335.773960 -0.071525671 0.019881871 0.110196479 0.046083529 0.005526550 0.012267935 0.998847008
1341846335.806271 -0.073248081 0.025813021 0.097884566 0.044500001 0.004965176 0.012083810 0.998923957
1341846335.842031 -0.071122661 0.018631017 0.088540897 0.041780401 0.005585063 0.012733647 0.999030054
1341846335.873966 -0.071731135 0.017827079 0.077436753 0.042856432 0.007056491 0.012011442 0.998984098
1341846335.910005 -0.080690049 0.024224361 0.066645451 0.042690139 0.007517706 0.013676739 0.998966455
1341846335.941936 -0.084286861 0.022227662 0.057270423 0.041458264 0.005687798 0.014389056 0.999020398
1341846335.974198 -0.082186513 0.022852760 0.048812073 0.041338339 0.004627357 0.012219646 0.999059737
1341846336.010032 -0.086770214 0.023479795 0.036315359 0.041106489 0.004808445 0.011219428 0.999080181
1341846336.042129 -0.092292480 0.023125343 0.023083692 0.040142529 0.003753946 0.011464047 0.999121130
1341846336.078076 -0.093219429 0.020292858 0.017177556 0.039978236 0.001765818 0.010624947 0.999142468
1341846336.110739 -0.092408694 0.023492090 0.012320689 0.040772498 0.001425477 0.009345298 0.999123752
1341846336.142002 -0.102250561 0.021849649 -0.005098097 0.040630378 0.002162051 0.009859799 0.999123216
1341846336.183953 -0.106580541 0.025104621 -0.015527881 0.040422663 -0.000452751 0.010869794 0.999123454
1341846336.241891 -0.100681663 0.025600566 -0.028722215 0.038388167 -0.001858553 0.010703200 0.999203861
1341846336.277946 -0.108715206 0.020042486 -0.035940658 0.038411878 -0.001123013 0.012880671 0.999178350
1341846336.309977 -0.111979559 0.018804694 -0.046736099 0.040980335 -0.003569503 0.015812529 0.999028444
1341846336.346143 -0.112849161 0.025487220 -0.053908691 0.043383356 -0.004925711 0.016306711 0.998913229
1341846336.377975 -0.113690786 0.023377275 -0.061202619 0.044059467 -0.004599974 0.015570531 0.998896956
1341846336.410032 -0.119435824 0.029485686 -0.068869360 0.045523681 -0.003478212 0.015281807 0.998840332
1341846336.446041 -0.121316478 0.032375846 -0.080242485 0.045050722 -0.004134925 0.015463605 0.998856485
1341846336.477990 -0.118658520 0.030446246 -0.089109093 0.043627053 -0.004434870 0.015597117 0.998916268
1341846336.510056 -0.120212168 0.027392935 -0.095988050 0.043596145 -0.003781067 0.016262490 0.998909712
1341846336.546024 -0.123201527 0.028478047 -0.103504792 0.044712655 -0.003668420 0.017898565 0.998832822
1341846336.578003 -0.126788229 0.033589814 -0.114415348 0.044692401 -0.003918602 0.019167274 0.998809159
1341846336.614020 -0.124218263 0.034867108 -0.111511216 0.044115387 -0.003418843 0.018310674 0.998852789
1341846336.645982 -0.129230842 0.041159146 -0.119562007 0.043516077 -0.001878510 0.017923988 0.998890162
1341846336.678036 -0.135645583 0.036712158 -0.122219957 0.041504003 -0.003398598 0.018576166 0.998959899
1341846336.714024 -0.137106299 0.028521765 -0.126372084 0.042488072 -0.005606032 0.018591965 0.998908281
1341846336.746016 -0.139798611 0.025953818 -0.133418202 0.046217967 -0.007743444 0.020449964 0.998692036
1341846336.778014 -0.148981020 0.035731122 -0.148187265 0.049547918 -0.010969835 0.023212695 0.998441756
1341846336.820006 -0.144887030 0.038311303 -0.147874504 0.049950227 -0.015269457 0.026286867 0.998288929
1341846336.882056 -0.151985183 0.037872102 -0.157268614 0.052732624 -0.017090531 0.024496902 0.998161852
1341846336.914273 -0.147523984 0.033210650 -0.160100043 0.054609329 -0.021962583 0.027269142 0.997893691
1341846336.945998 -0.146354496 0.028194442 -0.163337275 0.060462266 -0.029057510 0.030302081 0.997287214
1341846336.981980 -0.155893415 0.047576301 -0.175336242 0.064938292 -0.031852569 0.027111631 0.997012198
1341846337.014238 -0.157767326 0.053272873 -0.179644689 0.062323973 -0.034573119 0.024545012 0.997154891
1341846337.046017 -0.151990205 0.049228206 -0.180221751 0.059839740 -0.036043026 0.020320201 0.997350097
1341846337.082104 -0.156670660 0.050738215 -0.187543839 0.059217006 -0.036267471 0.017302645 0.997435987
1341846337.114317 -0.162256569 0.047761992 -0.191579893 0.057060804 -0.038195413 0.016801398 0.997498333
1341846337.150037 -0.154234335 0.047973931 -0.191227481 0.055604924 -0.040715721 0.015545164 0.997501194
1341846337.181873 -0.151711941 0.047244288 -0.195982605 0.055023562 -0.040579878 0.012516905 0.997581601
1341846337.214073 -0.154495165 0.056805998 -0.199524328 0.053231776 -0.039051808 0.010564202 0.997762382
1341846337.250087 -0.168727636 0.042240955 -0.205057323 0.049772549 -0.039527170 0.011431655 0.997912645
1341846337.282028 -0.165374875 0.043150507 -0.206899777 0.050988965 -0.043893002 0.014897053 0.997622967
1341846337.317920 -0.157266572 0.048452277 -0.205697760 0.050954625 -0.045893051 0.015462467 0.997526109
1341846337.350018 -0.162082493 0.054077040 -0.212139249 0.049702846 -0.044961475 0.015217095 0.997635484
1341846337.382159 -0.157432511 0.046956912 -0.208051249 0.046602976 -0.045053873 0.013407270 0.997806847
1341846337.417941 -0.162647769 0.040931128 -0.207531616 0.047125675 -0.044234890 0.014010704 0.997810662
1341846337.450137 -0.161847219 0.044887271 -0.225080609 0.047692396 -0.046127245 0.015034539 0.997683167
1341846337.482096 -0.158973053 0.043931466 -0.219923377 0.046156775 -0.046501193 0.015846558 0.997725427
1341846337.518008 -0.160691887 0.039311253 -0.222567573 0.047023773 -0.046786852 0.015688019 0.997674108
1341846337.549978 -0.160062209 0.047668494 -0.227819130 0.047653362 -0.047593921 0.014050238 0.997630477
1341846337.585971 -0.160210133 0.046026826 -0.223098382 0.044950496 -0.047978159 0.012957278 0.997752309
1341846337.617903 -0.157884866 0.029975457 -0.220378295 0.045169894 -0.048588481 0.013367740 0.997707427
1341846337.650141 -0.158738926 0.045399956 -0.226823151 0.048557892 -0.048807606 0.012822044 0.997544765
1341846337.686352 -0.158592269 0.049814977 -0.227006570 0.046915278 -0.048678569 0.013427793 0.997621715
1341846337.718002 -0.156366646 0.046411421 -0.218061358 0.045023266 -0.048402056 0.013411530 0.997722566
1341846337.749920 -0.153400734 0.050503090 -0.216087282 0.044958808 -0.046491958 0.012369400 0.997829735
1341846337.786157 -0.152144194 0.055258565 -0.213060617 0.041922182 -0.043784700 0.012674314 0.998080552
1341846337.817945 -0.149960175 0.049683094 -0.203717858 0.039385919 -0.041924033 0.014116922 0.998244405
1341846337.854071 -0.148364931 0.054719750 -0.206432253 0.038417287 -0.038501561 0.013158567 0.998433053
1341846337.885951 -0.152696460 0.059445739 -0.200065881 0.035438582 -0.035878614 0.011612207 0.998660088
1341846337.918223 -0.147473156 0.059247788 -0.191304564 0.031224335 -0.035072979 0.009383309 0.998852789
1341846337.954120 -0.148489535 0.057755470 -0.184274584 0.028930042 -0.033488236 0.008867836 0.998980939
1341846337.985994 -0.147084221 0.066414155 -0.181802347 0.026731042 -0.032604154 0.008827249 0.999071836
1341846338.018107 -0.142751426 0.059798367 -0.169757366 0.022786487 -0.031248890 0.010050122 0.999201357
1341846338.054055 -0.141430989 0.066444814 -0.166482374 0.020915687 -0.029769704 0.008731511 0.999299824
1341846338.085986 -0.136636704 0.062663399 -0.155909508 0.017126216 -0.026915831 0.008582087 0.999454141
1341846338.121875 -0.137276500 0.058829971 -0.146395832 0.015034354 -0.024593370 0.010878977 0.999525249
1341846338.154089 -0.134315133 0.060385253 -0.143846989 0.014323266 -0.024338558 0.014021087 0.999502778
1341846338.186029 -0.134066686 0.061561674 -0.134165451 0.013180814 -0.024465427 0.015733948 0.999489963
1341846338.222071 -0.131016776 0.066793904 -0.123621009 0.012299404 -0.023451596 0.015503094 0.999529064
1341846338.254107 -0.134497970 0.062681206 -0.109947942 0.010451854 -0.021428347 0.016700067 0.999576271
1341846338.290130 -0.132795870 0.060808893 -0.101172410 0.010779929 -0.021412697 0.018486863 0.999541640
1341846338.321952 -0.131758973 0.067118593 -0.093772940 0.011156931 -0.020583717 0.020177916 0.999522209
1341846338.354022 -0.129854694 0.065131173 -0.080296569 0.010370941 -0.020111425 0.020242263 0.999539018
1341846338.389969 -0.130578548 0.069992080 -0.081479721 0.010077344 -0.018889006 0.020152580 0.999567688
1341846338.422377 -0.127159029 0.065886781 -0.067318499 0.007959552 -0.018781655 0.020473106 0.999582291
1341846338.454010 -0.127033055 0.068493523 -0.060266271 0.007215194 -0.019156476 0.019673998 0.999596894
1341846338.489894 -0.123201132 0.064749151 -0.048062179 0.005103556 -0.019849848 0.020008758 0.999589682
1341846338.522066 -0.121359155 0.064305283 -0.040040515 0.006050740 -0.019535271 0.019410241 0.999602437
1341846338.558058 -0.122428879 0.069968022 -0.037488393 0.005585758 -0.019426620 0.019126242 0.999612689
1341846338.589842 -0.116302751 0.072788857 -0.018378489 0.003721587 -0.020148711 0.018718217 0.999614835
1341846338.622019 -0.110484622 0.067016810 -0.003522197 0.004097735 -0.019640232 0.020360641 0.999591351
1341846338.657984 -0.116597518 0.074925944 -0.002599266 0.004951196 -0.019004256 0.021441419 0.999577165
1341846338.690198 -0.108789042 0.078935355 0.006021607 0.003234289 -0.020384945 0.021098517 0.999564290
1341846338.722454 -0.102796316 0.069978938 0.023121363 0.001679072 -0.019643359 0.021897752 0.999565780
1341846338.757945 -0.109981507 0.078557052 0.026626779 0.002496360 -0.018939072 0.023572229 0.999539614
1341846338.790039 -0.105261706 0.076405987 0.037261125 0.000088948 -0.021408467 0.024004141 0.999482572
1341846338.826048 -0.095574588 0.073516570 0.054914873 0.000202099 -0.021261111 0.022878742 0.999512136
1341846338.858027 -0.103221998 0.080618240 0.048906017 0.000777882 -0.018686853 0.021052089 0.999603450
1341846338.889902 -0.099811748 0.080466799 0.063469477 -0.001953632 -0.019934215 0.020987216 0.999579072
1341846338.925948 -0.090622470 0.076506682 0.079419866 -0.002974494 -0.019975690 0.019407379 0.999607682
1341846338.958108 -0.089247108 0.078604281 0.088579267 -0.002508166 -0.018025203 0.018553941 0.999662220
1341846338.990057 -0.088352397 0.075093210 0.103282571 -0.002444190 -0.018094895 0.019743619 0.999638319
1341846339.025928 -0.085591860 0.074487589 0.113511071 -0.000400123 -0.017077917 0.020144191 0.999651134
1341846339.057939 -0.083902709 0.076110609 0.122047603 0.002250884 -0.014674698 0.020149820 0.999686778
1341846339.093927 -0.087812573 0.083169527 0.126214087 0.001453027 -0.014932944 0.021287676 0.999660790
1341846339.126562 -0.080595039 0.090542413 0.138243362 -0.001016518 -0.016307808 0.019965699 0.999667168
1341846339.157969 -0.073400036 0.094288498 0.155779555 -0.002887610 -0.014124699 0.017318759 0.999746084
1341846339.194113 -0.079322234 0.092817128 0.161165878 -0.005348831 -0.012525124 0.019152697 0.999723792
1341846339.228165 -0.075933717 0.099075429 0.169052795 -0.008352241 -0.014774747 0.021154705 0.999632120
1341846339.257998 -0.069773346 0.097273655 0.188554779 -0.010939956 -0.014368665 0.021189502 0.999612331
1341846339.294132 -0.067297667 0.099887043 0.193974733 -0.010970835 -0.012227303 0.022829872 0.999604404
1341846339.326577 -0.070446745 0.106537692 0.201337621 -0.014534823 -0.013831874 0.026405463 0.999449909
1341846339.362269 -0.059675254 0.104710847 0.212355226 -0.018775232 -0.016715014 0.023230189 0.999414027
1341846339.394725 -0.057693273 0.107548609 0.220425591 -0.019119671 -0.014600607 0.022281095 0.999462247
1341846339.462186 -0.053169429 0.107819833 0.239791885 -0.022949828 -0.015459039 0.022414148 0.999365747
1341846339.496743 -0.037979573 0.101798162 0.249184310 -0.020878294 -0.013077348 0.020775782 0.999480605
1341846339.562052 -0.041840639 0.100502990 0.270224452 -0.019738290 -0.009173057 0.022694863 0.999505460
1341846339.595122 -0.030870428 0.101778671 0.277042061 -0.017502306 -0.009358344 0.022003483 0.999560893
1341846339.632085 -0.027442938 0.104758292 0.284969985 -0.015966443 -0.005960970 0.019689694 0.999660850
1341846339.664568 -0.027120583 0.103538558 0.294286102 -0.015966758 -0.002975406 0.017941069 0.999707103
1341846339.698896 -0.027337212 0.101916760 0.303420454 -0.016275285 -0.001855848 0.017110581 0.999719441
1341846339.731977 -0.024345241 0.098864511 0.314257354 -0.016410101 -0.001605566 0.015670735 0.999741197
1341846339.762241 -0.019339098 0.099075116 0.323664159 -0.015845710 -0.000551943 0.015207855 0.999758601
1341846339.797873 -0.016320534 0.096295856 0.329668403 -0.016271595 -0.000226497 0.017261911 0.999718547
1341846339.830245 -0.013042836 0.094963096 0.335237384 -0.016730206 -0.000835651 0.017679289 0.999703407
1341846339.862015 -0.012543261 0.098773502 0.342553973 -0.016558569 -0.000327527 0.017064516 0.999717176
1341846339.897797 -0.005226386 0.096725836 0.350575209 -0.017853415 0.000093579 0.016696533 0.999701202
1341846339.929916 -0.004702426 0.090488993 0.361508548 -0.018768452 0.001404370 0.018513836 0.999651432
1341846339.961960 -0.002955963 0.088954151 0.364703715 -0.017546350 0.000636670 0.019597331 0.999653757
1341846339.997845 0.003247378 0.091861777 0.369733632 -0.015749652 0.001492976 0.019104959 0.999692321
1341846340.029925 0.005996015 0.089879856 0.380764395 -0.015109041 0.003695569 0.020530114 0.999668241
1341846340.066044 0.009316414 0.087404564 0.382856995 -0.013426112 0.004853276 0.021766344 0.999661148
1341846340.098009 0.007738386 0.091153137 0.387964994 -0.012044539 0.005879910 0.022285659 0.999661803
1341846340.130102 0.014243448 0.089822017 0.394227594 -0.013018601 0.004993761 0.021630116 0.999668777
1341846340.166041 0.018301200 0.089375176 0.401426017 -0.011832353 0.007203114 0.019413278 0.999715567
1341846340.197867 0.015618172 0.091012605 0.408313334 -0.010639520 0.010114004 0.019220855 0.999707460
1341846340.229904 0.017727954 0.092520766 0.416140139 -0.011876790 0.009788831 0.019243577 0.999696374
1341846340.265859 0.021923879 0.090142593 0.427358180 -0.012473747 0.010726417 0.018568709 0.999692202
1341846340.298061 0.026361987 0.088990897 0.433223009 -0.010472570 0.012661212 0.019088671 0.999682784
1341846340.334063 0.020466868 0.095246926 0.436152011 -0.010950536 0.012489059 0.021109520 0.999639213
1341846340.366064 0.028475665 0.089075774 0.443931490 -0.013282363 0.009813171 0.020421285 0.999655068
1341846340.397995 0.031293809 0.087024994 0.445740342 -0.011590799 0.010468044 0.019882161 0.999680340
1341846340.433895 0.033080552 0.087636843 0.449859798 -0.011144005 0.009971660 0.021634523 0.999654114
1341846340.465959 0.031226674 0.087806970 0.453715950 -0.010395651 0.008064065 0.022813402 0.999653161
1341846340.501858 0.037683979 0.087446541 0.453455120 -0.009677356 0.004050815 0.023253670 0.999674559
1341846340.534329 0.043874819 0.089646518 0.451467514 -0.008934286 0.002119360 0.022525322 0.999704063
1341846340.566041 0.046048366 0.086496815 0.457078308 -0.007917398 0.001232590 0.023662563 0.999687910
1341846340.601909 0.054556806 0.086526237 0.452424288 -0.005387105 -0.000006433 0.024015710 0.999697089
1341846340.634005 0.055859286 0.090946928 0.450117201 -0.004134216 -0.000473796 0.022617236 0.999735534
1341846340.666028 0.057711091 0.089242943 0.448332846 -0.004474638 -0.000023863 0.020451969 0.999780834
1341846340.701946 0.062987648 0.087304145 0.446682155 -0.002748606 0.000989228 0.018569747 0.999823272
1341846340.733954 0.067048080 0.089191690 0.443132699 -0.001627940 0.002236214 0.017040843 0.999850988
1341846340.770081 0.063926041 0.091008492 0.444220245 -0.002226764 0.003174081 0.014698212 0.999884486
1341846340.801980 0.070769228 0.088284582 0.439011365 -0.002523390 0.003554683 0.009186424 0.999948323
1341846340.833999 0.067398220 0.093964167 0.438890517 -0.001951766 0.006396911 0.004698122 0.999966621
1341846340.870013 0.067256525 0.089880034 0.439858109 -0.003872622 0.006228880 0.003427376 0.999967217
1341846340.901955 0.069270402 0.089553386 0.440144777 -0.002786417 0.005840316 0.002945808 0.999974728
1341846340.933918 0.067108452 0.088905804 0.436586231 -0.001160599 0.005568745 0.006148518 0.999964893
1341846340.970122 0.068096042 0.088994704 0.433358938 0.000277922 0.002560605 0.010217249 0.999944508
1341846341.001922 0.066894785 0.085657820 0.430254281 0.001117683 -0.001339319 0.015502742 0.999878287
1341846341.037923 0.070978843 0.089119136 0.429016262 0.002887142 -0.004406312 0.018203981 0.999820411
1341846341.070300 0.071616992 0.087429225 0.424418986 0.002936657 -0.005363131 0.018809469 0.999804378
1341846341.102028 0.066176049 0.088354573 0.423324585 0.003296188 -0.005871334 0.018228225 0.999811172
1341846341.137982 0.069308341 0.086937413 0.418622106 0.003008098 -0.008219971 0.019340826 0.999774635
1341846341.170048 0.070350811 0.084265962 0.418403834 0.003154547 -0.008578217 0.020043915 0.999757349
1341846341.202110 0.069926769 0.082562432 0.414974272 0.004486592 -0.008837534 0.021526333 0.999719143
1341846341.237996 0.071918786 0.084603772 0.414135039 0.006610657 -0.008831845 0.022352543 0.999689281
1341846341.269883 0.069712996 0.083237678 0.409357399 0.007448876 -0.008056584 0.022394085 0.999688983
1341846341.306107 0.069666162 0.084349066 0.407951742 0.008318750 -0.008687682 0.021394974 0.999698758
1341846341.338109 0.068762057 0.084275782 0.403329164 0.009235342 -0.007964765 0.019268647 0.999739945
1341846341.370120 0.069734998 0.084179096 0.403569639 0.009646719 -0.006986848 0.017055314 0.999783635
1341846341.406074 0.066279933 0.083677098 0.401357561 0.009633997 -0.006197028 0.015936363 0.999807417
1341846341.438113 0.066876046 0.077209800 0.399529487 0.010129345 -0.008230017 0.016330773 0.999781489
1341846341.470024 0.065833941 0.081151471 0.401926398 0.013556723 -0.008266031 0.015167132 0.999758899
1341846341.506077 0.065805748 0.086858347 0.399265885 0.013928322 -0.007363608 0.013426389 0.999785721
1341846341.538156 0.061028540 0.083449386 0.400105476 0.012666568 -0.008816017 0.014279650 0.999778926
1341846341.574016 0.063047454 0.084557295 0.398251623 0.013940000 -0.011183756 0.014835905 0.999730229
1341846341.612466 0.061467282 0.084421091 0.392765403 0.014086342 -0.011489651 0.015539364 0.999714017
1341846341.643972 0.060530458 0.088076837 0.393076360 0.013633508 -0.013016251 0.014603791 0.999715686
1341846341.679982 0.059466921 0.083456427 0.392501056 0.012899603 -0.014398368 0.014913505 0.999701917
1341846341.712332 0.054375116 0.085248441 0.388903230 0.013941695 -0.015842821 0.017552439 0.999623239
1341846341.744185 0.058438323 0.083236217 0.389812857 0.013933339 -0.018467214 0.019972220 0.999532878
1341846341.780061 0.058564983 0.084373623 0.386892676 0.014413378 -0.019019345 0.021646881 0.999480844
1341846341.842595 0.062356148 0.078307219 0.381524563 0.016310988 -0.020105926 0.026205469 0.999321282
1341846341.906227 0.062603876 0.077397674 0.380759954 0.019919686 -0.020890079 0.031229584 0.999095380
1341846341.942069 0.061783955 0.072883032 0.373677135 0.022804912 -0.020516004 0.032719880 0.998993695
1341846341.974775 0.063243374 0.074098334 0.375928223 0.026301233 -0.021057250 0.034545481 0.998835027
1341846342.010161 0.061197251 0.074288458 0.371786356 0.026804576 -0.022162948 0.036672104 0.998721957
1341846342.042024 0.066762961 0.068138354 0.365689129 0.027979095 -0.023166670 0.036723688 0.998665035
1341846342.080032 0.069288723 0.071903840 0.363412887 0.030398147 -0.021013329 0.036767110 0.998640358
1341846342.112265 0.065870687 0.066743530 0.365312874 0.030216707 -0.020237859 0.038987290 0.998577654
1341846342.147954 0.067259528 0.061369054 0.364416748 0.032171100 -0.021474009 0.041037548 0.998408616
1341846342.179852 0.070814259 0.065209299 0.360753268 0.035428200 -0.021196760 0.041962992 0.998265862
1341846342.211848 0.069404639 0.068555295 0.361927301 0.036474720 -0.020458752 0.041755401 0.998252213
1341846342.247920 0.067262106 0.063764855 0.360846937 0.037079301 -0.019950079 0.040473603 0.998293042
1341846342.279870 0.069904253 0.063692883 0.361089021 0.038563177 -0.019818056 0.040925164 0.998221040
1341846342.316068 0.069158383 0.064481609 0.357940227 0.039945986 -0.019429302 0.041810609 0.998137593
1341846342.347894 0.069406651 0.066316046 0.356983244 0.040511932 -0.019422323 0.041454058 0.998129785
1341846342.379953 0.074016921 0.065361045 0.356994629 0.040380504 -0.019555047 0.042475708 0.998089612
1341846342.416195 0.069928557 0.066477254 0.355820894 0.041303281 -0.018603629 0.042836770 0.998054564
