1341846313.592026 0.000000000 0.000000000 0.000000000 0.000000000 0.000000000 0.000000000 1.000000000
1341846313.654184 0.011659252 -0.002150327 -0.002521226 -0.001289500 -0.003966561 0.006033886 0.999973118
1341846313.686156 0.016061448 0.001808131 -0.002530305 0.000483022 -0.005684517 0.004782484 0.999972284
1341846313.721918 0.029154420 0.006942559 -0.005302857 0.001347566 -0.007739406 0.006098466 0.999950528
1341846313.753994 0.034816097 0.007340244 0.000289529 0.000841420 -0.008418126 0.007455303 0.999936402
1341846313.789969 0.038489696 0.010341556 0.004514445 0.002467585 -0.008663561 0.005634311 0.999943554
1341846313.822075 0.040184420 0.010130093 0.005797439 0.001998405 -0.007122604 0.003554359 0.999966323
1341846313.853928 0.036808062 0.011600124 0.009668386 0.001648914 -0.003306246 0.002069099 0.999991000
1341846313.890011 0.018494045 0.009963275 0.004505888 0.001160850 0.002822939 0.003016964 0.999990761
1341846313.922055 0.004856665 0.008288763 0.004055010 -0.001547997 0.006101969 0.004307249 0.999970913
1341846313.957927 -0.022035833 0.021388654 -0.000662532 -0.000360964 0.017249107 0.001378558 0.999850214
1341846313.990058 -0.039625119 0.020244442 0.001294917 -0.001704524 0.026839977 0.002284132 0.999635696
1341846314.022042 -0.055888910 0.017298318 0.004162564 -0.005421829 0.031056812 0.004290468 0.999493718
1341846314.057816 -0.065406755 0.022161489 0.020439137 -0.007837147 0.036576051 0.005072296 0.999287248
1341846314.089801 -0.086857632 0.027108746 0.022045728 -0.005824101 0.047067691 0.003294028 0.998869300
1341846314.122037 -0.101333536 0.021622246 0.017591853 -0.008729549 0.053547952 0.005253254 0.998513341
1341846314.157989 0.127367675 0.019991420 0.017458733 -0.011451348 0.019620089 0.015343365 0.999624193
1341846314.190094 0.109593175 0.024099544 0.011012036 -0.010740967 0.027624991 0.016221534 0.999429047
1341846314.225969 0.104164928 0.025267255 0.010867120 -0.013587950 0.031115010 0.019052772 0.999241829
1341846314.257923 0.126667351 0.016457498 0.017047016 -0.016566996 0.030096414 0.018972041 0.999229610
1341846314.290052 0.136389494 0.027655464 0.014812121 -0.013260316 0.030745253 0.017439188 0.999287128
1341846314.325981 0.134491339 0.025934944 0.015378327 -0.015136355 0.033304013 0.016223127 0.999198973
1341846314.357905 0.129246458 0.024079325 0.020696122 -0.015802234 0.038325001 0.014478558 0.999035478
1341846314.389899 0.129756689 0.025317676 0.019120913 -0.014076849 0.041511446 0.014246614 0.998937309
1341846314.427905 0.169489726 0.027369875 0.019626055 -0.013985353 0.037075352 0.012846885 0.999131978
1341846314.493987 0.151820585 0.032263804 0.017719364 -0.011058246 0.051352721 0.004374015 0.998609781
1341846314.526085 0.180514947 0.022246199 0.021057650 -0.013397017 0.049442958 0.003497463 0.998680949
1341846314.558292 0.192137584 0.021568362 0.023715787 -0.014839899 0.051322587 0.004221082 0.998562932
1341846314.594085 0.187692687 0.029755661 0.024823204 -0.011284373 0.058410335 0.003061564 0.998224199
1341846314.626096 0.193483636 0.026708648 0.025343327 -0.012194144 0.061667480 0.004484425 0.998012185
1341846314.658455 0.205796912 0.041527957 0.026846673 -0.011725319 0.062473070 0.003629499 0.997971177
1341846314.694004 0.203789055 0.030639429 0.037909225 -0.012763395 0.068150409 0.002350556 0.997590661
1341846314.725910 0.223926812 0.010154862 0.027309885 -0.011557775 0.067795269 0.007209829 0.997606277
1341846314.761942 0.215781301 0.008306291 0.019329827 -0.008413237 0.069836266 0.011683546 0.997454584
1341846314.794030 0.223084927 0.017140675 0.023408618 -0.003879277 0.072139964 0.012420729 0.997309625
1341846314.826092 0.229969889 0.020057151 0.021217339 -0.001661079 0.076122232 0.012575909 0.997017801
1341846314.862145 0.252688080 0.016924802 0.020609558 -0.002562286 0.076974869 0.014098862 0.996930063
1341846314.894072 0.258429170 0.030614566 0.032838624 -0.000624533 0.080673479 0.017943751 0.996578872
1341846314.925969 0.262009770 0.016679263 0.028662406 -0.003190442 0.083576843 0.021746119 0.996258914
1341846314.961937 0.272119671 0.034331262 0.014773242 -0.003661046 0.083095439 0.026712460 0.996176779
1341846314.994564 0.288495362 0.031969819 0.013993114 -0.007395152 0.082477637 0.025099549 0.996249318
1341846315.029900 0.298723072 0.034161899 0.017717730 -0.007297411 0.085432753 0.022270577 0.996068239
1341846315.061965 0.301774740 0.031440306 0.017091244 -0.008175096 0.087513499 0.026137507 0.995786846
1341846315.094388 0.307250589 0.029191436 0.027043957 -0.008225312 0.086400494 0.026341399 0.995878220
1341846315.129851 0.319861352 0.030887958 0.022812448 -0.006122828 0.085571066 0.025589176 0.995984614
1341846315.161941 0.324071586 0.050469548 0.010269638 -0.006493718 0.085265905 0.029299095 0.995906234
1341846315.197984 0.308845401 0.037990924 0.007086754 -0.014833544 0.085470758 0.023093324 0.995962560
1341846315.230076 0.323556304 0.039303616 0.014089327 -0.018009443 0.082907513 0.020276101 0.996188164
1341846315.262069 0.326930851 0.031298541 0.014043443 -0.022403173 0.080509603 0.024157548 0.996209204
1341846315.298000 0.336063296 0.027333559 0.025789775 -0.024437340 0.075931787 0.026363093 0.996464849
1341846315.329931 0.344693303 -0.001145364 0.030590907 -0.024555907 0.074248351 0.027128624 0.996568203
1341846315.361981 0.341292679 0.008444135 0.027528089 -0.018285736 0.074844502 0.029212574 0.996599495
1341846315.397962 0.352580845 0.011069556 0.025130887 -0.014980676 0.073734246 0.032807775 0.996625543
1341846315.429923 0.355743706 0.014082782 0.019175623 -0.011854092 0.075611956 0.033451248 0.996505558
1341846315.466047 0.375908494 0.031345509 0.019631758 -0.008674745 0.077425368 0.037758444 0.996245146
1341846315.497883 0.369483411 0.028622599 0.012997713 -0.010133118 0.081419334 0.041986935 0.995743632
1341846315.530008 0.374694437 0.029664908 0.022522036 -0.009954472 0.082546525 0.042822402 0.995616972
1341846315.566108 0.373992294 0.031203987 0.020162683 -0.010682015 0.084364317 0.043533389 0.995426238
1341846315.597986 0.378634781 0.031208590 0.026111677 -0.010571642 0.085276902 0.042704143 0.995385587
1341846315.630109 0.384401560 0.031089401 0.028936103 -0.010608540 0.085653126 0.041855037 0.995388925
1341846315.666042 0.386566728 0.037563488 0.015520111 -0.010834537 0.087090850 0.041190717 0.995289445
1341846315.698114 0.384480089 0.051249467 0.010573298 -0.014106237 0.090719000 0.039297156 0.995000899
1341846315.733985 0.382924408 0.027550288 0.020829476 -0.019844299 0.093770094 0.042007413 0.994509280
1341846315.766041 0.377732873 0.031474724 0.019553743 -0.018864566 0.091908969 0.042675875 0.994673610
1341846315.798188 0.378826648 0.032066554 0.018666632 -0.019923439 0.091259740 0.040571451 0.994800806
1341846315.834140 0.379092187 0.021956742 0.027328238 -0.020078147 0.093221195 0.039585695 0.994655550
1341846315.866751 0.377209425 0.025689183 0.025594942 -0.017155569 0.094754539 0.038242169 0.994617939
1341846315.898492 0.374863863 0.024298707 0.024799250 -0.016077941 0.095325649 0.038019426 0.994589865
1341846315.936901 0.369166285 0.019234462 0.027904436 -0.013884112 0.097452708 0.036693759 0.994466603
1341846315.966572 0.364032060 0.019006876 0.026997425 -0.010448185 0.099039696 0.036453504 0.994360626
1341846316.034204 0.347713262 0.011467999 0.021889098 -0.007702507 0.100256778 0.033942513 0.994352639
1341846316.066113 0.333444446 0.013857220 0.023981944 -0.004574457 0.101209000 0.033947099 0.994275331
1341846316.101867 0.324379623 0.017980808 0.020353884 -0.002765212 0.100243650 0.035718653 0.994317710
1341846316.134066 0.312803745 0.014865473 0.021613400 -0.004098045 0.097928673 0.033067726 0.994635463
1341846316.202049 0.298259974 0.004619026 0.015098628 -0.004846189 0.093689077 0.028693166 0.995176136
1341846316.233979 0.296823472 0.009029124 0.010280494 -0.003700526 0.092411399 0.025929485 0.995376348
1341846316.270052 0.291229397 0.007430893 0.014989864 -0.005145696 0.093367420 0.023448907 0.995342255
1341846316.301915 0.280338913 -0.000648428 0.014414649 -0.005761988 0.095564604 0.021709260 0.995169818
1341846316.334208 0.271969289 -0.005979332 0.014658403 -0.004762883 0.095223136 0.023362054 0.995170355
1341846316.370006 0.265870154 -0.004945939 0.015390106 -0.002361433 0.094043143 0.023061650 0.995298207
1341846316.401994 0.253223658 0.000338960 0.016722009 -0.000053922 0.094420739 0.024570558 0.995229125
1341846316.438069 0.259779423 0.000757546 0.014942925 0.002470294 0.091515496 0.027402248 0.995423496
1341846316.470076 0.263488382 -0.000950126 0.024615791 0.006659141 0.089645259 0.030817091 0.995474577
1341846316.502034 0.268592387 0.017948620 0.027969949 0.010536308 0.085442692 0.033733532 0.995716095
1341846316.537975 0.229976803 0.012444738 0.016011726 0.007219858 0.087212645 0.029531520 0.995725751
1341846316.570121 0.259644389 0.003855422 0.022712443 0.006068172 0.080930002 0.026655696 0.996344805
1341846316.601885 0.222052306 0.008425870 0.021116678 0.009300631 0.085266069 0.023727398 0.996032238
1341846316.638009 0.207232311 -0.001926026 0.020664092 0.010483881 0.085433625 0.025914609 0.995951593
1341846316.669925 0.216065511 -0.003005620 0.035245750 0.012677686 0.083010368 0.025423788 0.996143639
1341846316.705941 0.222171381 -0.006764684 0.047389369 0.016365370 0.082003020 0.027434362 0.996119976
1341846316.738062 0.189717501 -0.002987590 0.009494644 0.019310113 0.084017664 0.030417744 0.995812714
1341846316.770433 0.204464763 0.000696753 0.007927820 0.018430579 0.079584263 0.031701021 0.996153414
1341846316.805932 0.173272341 -0.009527056 0.000092976 0.018650630 0.083217919 0.029326590 0.995925128
1341846316.838029 0.163201094 -0.000584253 0.024899196 0.020690532 0.082699738 0.030293420 0.995899081
1341846316.870034 0.162087709 -0.001779271 0.035370439 0.021124184 0.078292757 0.031504583 0.996208549
1341846316.906344 0.150581956 -0.001879861 0.027920937 0.022325261 0.075920247 0.030706722 0.996390879
1341846316.937940 0.132742926 -0.003377241 0.014096837 0.021833450 0.076409534 0.027923811 0.996446252
1341846316.973994 0.124174729 -0.001055375 0.017529679 0.021468567 0.074704953 0.028408263 0.996569753
1341846317.005913 0.113014035 -0.005307459 0.023119131 0.019827656 0.072608784 0.028789099 0.996747732
1341846317.037936 0.108448818 -0.009380674 0.027652977 0.019931044 0.069971174 0.027745828 0.996963859
1341846317.073972 0.112691820 -0.012651803 0.027990326 0.020779885 0.067022294 0.030257871 0.997076094
1341846317.106113 0.103921756 -0.015599429 0.019723359 0.023100682 0.065333657 0.033457827 0.997034848
1341846317.137887 0.080389224 -0.016854569 0.021511137 0.026069166 0.061671823 0.035925359 0.997108996
1341846317.173970 0.072991021 -0.012318818 0.013013928 0.027871650 0.053962648 0.038536970 0.997409701
1341846317.205887 0.068666145 -0.014962875 0.011194281 0.027211383 0.050917413 0.038808189 0.997577488
1341846317.248131 0.068827607 -0.013108093 0.029691946 0.029115219 0.048101164 0.043093070 0.997487605
1341846317.306289 0.048848379 -0.013762377 0.021042295 0.030512849 0.042995289 0.046263356 0.997537017
1341846317.348137 0.052550126 -0.018203886 0.020813247 0.031258121 0.042509474 0.047516707 0.997475863
1341846317.410120 0.034971602 -0.011499422 0.024911936 0.033809453 0.042585600 0.052685503 0.997129738
1341846317.442569 0.028455196 -0.020698467 0.016255636 0.035529144 0.042866703 0.055594642 0.996899903
1341846317.474010 0.021921424 -0.020433679 0.029280372 0.041004512 0.043692447 0.057907201 0.996522129
1341846317.509927 0.012576990 -0.007937521 0.028269986 0.045298640 0.041521866 0.062489450 0.996152103
1341846317.542282 0.000742439 -0.007459029 0.021768842 0.043946706 0.039514475 0.061964966 0.996327043
1341846317.573943 -0.004734371 -0.015797997 0.024828775 0.042557430 0.040688567 0.059897568 0.996466517
1341846317.610159 -0.013785910 -0.020769842 0.013325067 0.045623306 0.042142902 0.059892423 0.996270716
1341846317.643553 -0.020234127 -0.012004522 0.017009396 0.049306039 0.041142404 0.064803213 0.995829701
1341846317.677993 -0.033598043 -0.013132473 0.028007442 0.049918290 0.038888492 0.065795533 0.995824695
1341846317.709996 -0.039461352 -0.015290926 0.032455798 0.052054662 0.036511753 0.066020548 0.995790362
1341846317.741834 -0.040398426 -0.008624189 0.030056808 0.052611809 0.034844626 0.066493414 0.995789349
1341846317.777923 -0.047869705 -0.002410717 0.040088058 0.051785871 0.033857185 0.065996654 0.995899796
1341846317.810021 -0.055989359 -0.007424041 0.043291137 0.051302284 0.032427110 0.065081753 0.996032596
1341846317.841886 -0.047804337 0.003641604 0.044159129 0.052126639 0.029275199 0.064937778 0.996096790
1341846317.878017 -0.078463368 -0.006348144 0.044274621 0.047784444 0.032099590 0.057680085 0.996674120
1341846317.909910 -0.073964216 -0.009743631 0.052815467 0.046392426 0.032444827 0.053412627 0.996966481
1341846317.946031 -0.097607158 -0.012110451 0.041449629 0.047917537 0.034762446 0.054841168 0.996738672
1341846317.978041 -0.094398126 -0.012932511 0.053295825 0.050274532 0.032323122 0.056676462 0.996601939
1341846318.009897 -0.113377623 -0.012690118 0.041070271 0.052236222 0.034308795 0.052207794 0.996678829
1341846318.045949 -0.120986857 -0.008503751 0.041881073 0.052511234 0.035078485 0.051477212 0.996675551
1341846318.078074 -0.135513559 -0.009835964 0.042143971 0.051893052 0.034170136 0.049926855 0.996818364
1341846318.109894 -0.147615492 -0.008715978 0.037323676 0.051546410 0.030378524 0.047638927 0.997071028
1341846318.145957 -0.140438110 -0.008890989 0.055840794 0.050744746 0.027394935 0.045614045 0.997293234
1341846318.178001 -0.161174774 -0.020142900 0.035956662 0.048659220 0.028885439 0.042044085 0.997511983
1341846318.214074 -0.160601065 -0.020242784 0.056520596 0.050069205 0.026007289 0.042587250 0.997498393
1341846318.245970 -0.166573688 -0.022511212 0.056146741 0.053035267 0.020099537 0.044020388 0.997419417
1341846318.278018 -0.173396140 -0.017219396 0.053668056 0.057711434 0.015268004 0.044429727 0.997227311
1341846318.313937 -0.195962027 -0.024622904 0.043577489 0.058358897 0.010942885 0.042589590 0.997326732
1341846318.345989 -0.208790630 -0.029116752 0.049736034 0.059057847 0.002356959 0.040961694 0.997411013
1341846318.382046 -0.212916598 -0.025319092 0.060852319 0.062027603 -0.004490663 0.040207222 0.997254133
1341846318.414072 -0.218641192 -0.028522450 0.061160535 0.062890947 -0.011442378 0.041278392 0.997100711
1341846318.446035 -0.223488823 -0.027812883 0.063334934 0.065431654 -0.017886531 0.041635845 0.996827543
1341846318.482196 -0.229759753 -0.028241659 0.056438420 0.066246673 -0.020226154 0.041012961 0.996754825
1341846318.514144 -0.237616569 -0.029997252 0.041226167 0.066740818 -0.020875810 0.043035649 0.996623158
1341846318.546259 -0.242386401 -0.038239371 0.043231450 0.067203768 -0.022208773 0.041032281 0.996647775
1341846318.582042 -0.256022274 -0.032939583 0.037442662 0.069026463 -0.021413717 0.040346250 0.996568561
1341846318.614115 -0.262831092 -0.020056514 0.054297149 0.070412055 -0.022497408 0.040611099 0.996437013
1341846318.650038 -0.266483068 -0.029377304 0.048957720 0.068147689 -0.024338020 0.036800440 0.996699214
1341846318.682350 -0.279723525 -0.029263150 0.045890689 0.068184286 -0.024089023 0.037088923 0.996692061
1341846318.714063 -0.294740587 -0.024178732 0.044469830 0.068748444 -0.023966961 0.034771558 0.996739745
1341846318.749905 -0.306090534 -0.025019528 0.039350417 0.069546759 -0.023748135 0.035133086 0.996676922
1341846318.782036 -0.313670933 -0.023378890 0.040506721 0.071547963 -0.024491880 0.038189933 0.996404827
1341846318.814121 -0.323428005 -0.035369471 0.036428981 0.070278466 -0.028693030 0.037277237 0.996417582
1341846318.850072 -0.335306585 -0.039087877 0.031498536 0.070318878 -0.034174595 0.035243284 0.996315837
1341846318.883516 -0.358884692 -0.033451833 0.042525370 0.074282065 -0.040072411 0.031966433 0.995918930
1341846318.918047 -0.356768847 -0.026266197 0.018275727 0.077866919 -0.053583983 0.032943338 0.994977534
1341846318.950044 -0.367705673 -0.042080011 0.040702440 0.078486219 -0.062551305 0.029695950 0.994507611
1341846318.982028 -0.373353690 -0.043385029 0.036938768 0.079712808 -0.066474065 0.028130125 0.994201064
1341846319.018123 -0.385872513 -0.032177746 0.032599539 0.080548681 -0.071900673 0.025818458 0.993818700
1341846319.050745 -0.390860826 -0.047063842 0.031734034 0.080690444 -0.078325644 0.024995536 0.993342519
1341846319.081905 -0.390320987 -0.038133509 0.027255118 0.087163799 -0.078918375 0.024070786 0.992771387
1341846319.117976 -0.418465137 -0.038559057 0.019008607 0.089393400 -0.077154160 0.027293537 0.992628396
1341846319.150093 -0.425285101 -0.046931569 0.016316757 0.090555497 -0.081612557 0.035109244 0.991920590
1341846319.186069 -0.418896228 -0.028057687 0.020074844 0.093537636 -0.083695047 0.035176557 0.991467834
1341846319.218149 -0.416985810 -0.011015112 0.046761043 0.091634572 -0.078837052 0.034075562 0.992082000
1341846319.250034 -0.444020569 -0.018739169 0.006576102 0.085188553 -0.071015462 0.031555597 0.993329763
1341846319.286594 -0.439869225 -0.032626588 0.017258473 0.081613056 -0.069485076 0.037116595 0.993545890
1341846319.318034 -0.447671890 -0.028978527 0.028039154 0.082833514 -0.068748057 0.040084619 0.993380845
1341846319.350268 -0.466282785 -0.017762059 0.043657374 0.084188096 -0.068076812 0.047428597 0.992989659
1341846319.386163 -0.481606007 -0.022613041 0.015912838 0.085583910 -0.071595043 0.055473160 0.992205799
1341846319.418386 -0.477165043 -0.029931916 0.041702807 0.085596472 -0.078898646 0.058636114 0.991468608
1341846319.453961 -0.480172813 -0.027251329 0.028558850 0.086493455 -0.080506369 0.054908060 0.991474986
1341846319.486271 -0.494273782 -0.030382920 0.026416674 0.085267536 -0.080238774 0.053706802 0.991668642
1341846319.554083 -0.511199117 -0.030605139 0.038408443 0.080140352 -0.086719327 0.052851167 0.991596699
1341846319.586296 -0.523313046 -0.034229804 0.035604350 0.080322847 -0.085781246 0.048880536 0.991867185
1341846319.622031 -0.538555682 -0.024755953 0.016724974 0.079410352 -0.088070668 0.044444602 0.991948724
1341846319.653962 -0.540602684 -0.030931516 0.036825165 0.078614660 -0.093930118 0.042707045 0.991550803
1341846319.686352 -0.549064875 -0.043414526 0.037660487 0.079053931 -0.098204613 0.048072752 0.990855813
1341846319.721992 -0.556411743 -0.036060549 0.035350129 0.080259204 -0.102188520 0.048526052 0.990333855
1341846319.754063 -0.560931742 -0.010684913 0.032672398 0.079190217 -0.103893943 0.045886692 0.990368307
1341846319.786397 -0.563852489 -0.016404122 0.039512292 0.074325278 -0.104202092 0.049971499 0.990515292
1341846319.822008 -0.572445571 -0.017200068 0.030394264 0.070838004 -0.104493678 0.054260813 0.990514398
1341846319.853917 -0.573934913 -0.016486596 0.035774440 0.065903999 -0.105867215 0.058518287 0.990466774
1341846319.889942 -0.580393910 -0.029415729 0.041203640 0.061831977 -0.106416628 0.063577928 0.990358591
1341846319.922039 -0.587960660 -0.037163060 0.036175616 0.061203871 -0.110539094 0.065311551 0.989833117
1341846319.953946 -0.586385190 -0.039842002 0.036040246 0.062136222 -0.116799466 0.060970001 0.989332914
1341846319.990054 -0.583437800 -0.037500266 0.036497653 0.065022752 -0.120257460 0.054121505 0.989131451
1341846320.028122 -0.591113389 -0.038538847 0.035840720 0.067079313 -0.123143077 0.052899405 0.988705099
1341846320.090047 -0.574872494 -0.029308347 0.041305602 0.073035106 -0.131175935 0.053460203 0.987218678
1341846320.122011 -0.565096617 -0.026915120 0.042420998 0.073864482 -0.129335076 0.054409124 0.987348020
1341846320.157952 -0.556753814 -0.025651466 0.045302957 0.074287288 -0.127148852 0.054935534 0.987571061
1341846320.190003 -0.539130986 -0.033505708 0.049279533 0.076219492 -0.124335796 0.052954864 0.987890184
1341846320.221941 -0.536744237 -0.035302132 0.046579920 0.079927146 -0.120420113 0.053827047 0.988035083
1341846320.258015 -0.524277806 -0.041366089 0.049759306 0.083993033 -0.120451972 0.057306234 0.987498105
1341846320.289887 -0.514187634 -0.052583605 0.053964518 0.088449135 -0.121519253 0.057785470 0.986950159
1341846320.321954 -0.499752760 -0.044635624 0.031441584 0.098561473 -0.121851914 0.056207836 0.986041784
1341846320.357890 -0.487650663 -0.033285890 0.050554350 0.103503354 -0.122588664 0.057999309 0.985340178
1341846320.390064 -0.467007160 -0.034989029 0.021370314 0.104982041 -0.118128628 0.057928205 0.985732615
1341846320.426544 -0.429887712 -0.032488052 0.062440485 0.107680082 -0.113776200 0.055132814 0.986113787
1341846320.458122 -0.456093788 -0.032666631 0.042656668 0.109162338 -0.104257122 0.051327839 0.987207890
1341846320.490186 -0.477484494 -0.053026646 0.081317022 0.111924104 -0.096676029 0.052059069 0.987631798
1341846320.525911 -0.401189864 -0.058062308 0.049367800 0.114805475 -0.090667799 0.048511393 0.988051474
1341846320.558091 -0.395679474 -0.032208815 -0.000705898 0.116278641 -0.086262465 0.045322794 0.988424957
1341846320.594093 -0.358006418 -0.048669569 0.004357360 0.116944641 -0.082503267 0.041604009 0.988830745
1341846320.631955 -0.383356035 -0.036326349 0.052683208 0.120801888 -0.073813453 0.040947936 0.989081264
1341846320.664916 -0.376363337 -0.036592152 0.025265221 0.120742574 -0.071044795 0.038937274 0.989372432
1341846320.699927 -0.362542778 -0.037509341 0.042560793 0.120395042 -0.068073161 0.037259668 0.989688218
1341846320.731822 -0.338622034 -0.033871673 0.015185457 0.122211240 -0.061897807 0.036805481 0.989888072
1341846320.763877 -0.351823956 -0.008662776 -0.000531279 0.121461302 -0.059391852 0.038406268 0.990073085
1341846320.799999 -0.326064736 -0.031155441 0.022643879 0.113085411 -0.062626511 0.034610484 0.991005421
1341846320.831871 -0.146976814 -0.022258800 0.097425334 0.116462775 -0.061402712 0.026883028 0.990930617
1341846320.863887 -0.313034773 -0.004539229 0.026872877 0.115206897 -0.042359538 0.030064076 0.991982460
1341846320.900014 -0.307038158 -0.033442371 0.033759877 0.107148878 -0.046995461 0.034715734 0.992524743
1341846320.931889 -0.279188603 -0.039909169 0.038876414 0.107993349 -0.047718778 0.032607812 0.992470205
1341846320.967866 -0.282447338 -0.012247872 0.022405924 0.108831421 -0.041313205 0.028879343 0.992781401
1341846321.000017 -0.281528592 -0.017050790 0.029780531 0.102753058 -0.040669713 0.027026618 0.993507624
1341846321.031860 -0.259622842 -0.036646530 0.011165654 0.099310853 -0.040875912 0.025461953 0.993890464
1341846321.068047 -0.254819036 -0.027569743 0.015127415 0.100323603 -0.037323613 0.022528870 0.993999302
1341846321.099840 -0.243929327 -0.024634922 0.028257361 0.098377407 -0.036304086 0.023648689 0.994205534
1341846321.131821 -0.226510152 -0.044357602 0.013071993 0.097043604 -0.035219107 0.025089823 0.994340301
1341846321.167887 -0.229023769 -0.039235100 0.000005208 0.099882886 -0.030405991 0.025376791 0.994210720
1341846321.200042 -0.218164280 -0.033886321 0.017159557 0.100720510 -0.028295219 0.025721526 0.994179666
1341846321.231950 -0.206848919 -0.038702913 0.009695578 0.099830352 -0.027390748 0.023825327 0.994341969
1341846321.267939 -0.191924825 -0.036663800 -0.004982359 0.100095525 -0.025798997 0.019488242 0.994452357
1341846321.299948 -0.182726845 -0.034749746 0.017695215 0.099228732 -0.021453744 0.013282647 0.994744658
1341846321.331858 -0.181805253 -0.034488074 0.022318540 0.099663824 -0.018112836 0.008947019 0.994816065
1341846321.367913 -0.152468935 -0.040189385 0.042248491 0.100426786 -0.017282251 0.006584187 0.994772553
1341846321.399897 -0.146036804 -0.035633594 0.041873388 0.102448732 -0.012112164 0.005318220 0.994650304
1341846321.435994 -0.145881012 -0.041513599 0.042352457 0.103607662 -0.008306267 0.004563923 0.994573116
1341846321.467946 -0.132503286 -0.040720046 0.046406779 0.105528601 -0.006266946 0.005523426 0.994381189
1341846321.499882 -0.123525962 -0.038847085 0.046721525 0.107071184 -0.003290384 0.005669091 0.994229734
1341846321.536109 -0.092760935 -0.032670572 0.030939430 0.106772952 0.000599990 0.003263097 0.994277894
1341846321.568960 -0.117169455 -0.023700828 0.039937522 0.104395993 0.009320571 0.000811309 0.994491816
1341846321.603938 -0.098003700 -0.029201381 0.047684554 0.100706510 0.010702140 0.000765570 0.994858325
1341846321.637163 -0.060841903 -0.022408996 0.029955573 0.098178603 0.013561405 0.001033516 0.995075881
1341846321.668306 -0.080887072 -0.024259733 0.053530317 0.093601309 0.024537440 0.003520792 0.995301127
1341846321.704411 -0.094407283 -0.026965117 0.055250742 0.090475015 0.026879752 0.010870719 0.995476544
1341846321.736861 -0.083964534 -0.022670571 0.065205261 0.089801967 0.024031304 0.018736800 0.995493352
1341846321.771881 -0.071978599 -0.008914290 0.060082614 0.088027529 0.023814386 0.023480823 0.995556474
1341846321.804114 -0.059834931 -0.014589041 0.060652919 0.083169609 0.025543375 0.027140917 0.995838225
1341846321.836152 -0.063107640 -0.005533641 0.063810065 0.080829412 0.028565107 0.026908932 0.995955169
1341846321.871882 -0.051792573 0.005344070 0.066346988 0.076256208 0.028777795 0.025149079 0.996355534
1341846321.904074 -0.081578888 -0.002242513 0.041122615 0.068905465 0.032065708 0.022119382 0.996862352
1341846321.939847 -0.045043264 -0.006226512 0.074841253 0.065043330 0.033374421 0.018516272 0.997152269
1341846322.004094 -0.064009845 -0.013296210 0.086221404 0.058056626 0.032395151 0.017914901 0.997626722
1341846322.066178 -0.046730880 -0.021346861 0.086152934 0.052863449 0.036483370 0.015032878 0.997821808
1341846322.107979 -0.035805389 -0.033499919 0.081505358 0.050114956 0.037875973 0.014137260 0.997924864
1341846322.166164 -0.039531399 -0.055364568 0.079013541 0.052936666 0.038307562 0.013757959 0.997767985
1341846322.202932 -0.034255233 -0.059156917 0.076942444 0.054366671 0.035187460 0.014319265 0.997798085
1341846322.234093 -0.034351919 -0.062638246 0.074295603 0.053291470 0.033879325 0.012240116 0.997929037
1341846322.265941 -0.030875850 -0.072354198 0.076256894 0.050567497 0.030349931 0.013753381 0.998164654
1341846322.301996 -0.022362938 -0.086010590 0.074456915 0.048517637 0.028176410 0.014431928 0.998320520
1341846322.333949 -0.038218655 -0.100102521 0.058487225 0.047445305 0.027916748 0.011474296 0.998417735
1341846322.369871 -0.025907671 -0.112501554 0.066155806 0.048158783 0.021652346 0.009153076 0.998563051
1341846322.402292 -0.013847658 -0.127629936 0.059623633 0.049981430 0.022588175 0.002612033 0.998491287
1341846322.433955 -0.027357291 -0.151238963 0.065769620 0.054222420 0.025158383 -0.002285211 0.998209298
1341846322.470030 -0.030639166 -0.154646516 0.069280908 0.063132882 0.020903941 0.001389775 0.997785211
1341846322.502433 -0.015025858 -0.170259982 0.066166714 0.068853691 0.016901173 0.003993134 0.997475564
1341846322.534002 -0.015303039 -0.191535711 0.058194302 0.075871788 0.016873455 0.005887211 0.996957421
1341846322.570196 -0.019465359 -0.196955830 0.059849031 0.086159214 0.016759923 0.007101642 0.996115088
1341846322.601920 -0.018128045 -0.204362214 0.061576396 0.092088081 0.013846966 0.010813408 0.995595813
1341846322.638119 -0.003633586 -0.218213513 0.071771935 0.097215898 0.009756717 0.010851908 0.995156288
1341846322.669947 0.005108652 -0.225397483 0.068191826 0.101920806 0.012576757 0.010394004 0.994658709
1341846322.702026 -0.008426995 -0.237768129 0.067720696 0.104621530 0.014999431 0.012013990 0.994326413
1341846322.738006 -0.005417847 -0.233799636 0.070769191 0.106515810 0.012206871 0.013827182 0.994139910
1341846322.770087 0.006136970 -0.254733354 0.075252742 0.106127448 0.012300469 0.014094174 0.994176507
1341846322.806047 -0.002709614 -0.265614241 0.081255682 0.109778784 0.012639566 0.015735632 0.993751109
1341846322.838063 -0.006131890 -0.270636678 0.080060825 0.111581013 0.008395886 0.017980462 0.993557215
1341846322.870081 0.000165961 -0.284021497 0.085563645 0.113593780 0.003023899 0.019051878 0.993339956
1341846322.906018 0.012500467 -0.285807461 0.086598918 0.118678659 0.000836852 0.019191178 0.992746830
1341846322.938349 0.008910100 -0.267872036 0.087594002 0.120434478 0.002201697 0.020544970 0.992506206
1341846322.970069 0.011484445 -0.280231506 0.090489268 0.114781588 0.001526487 0.022258896 0.993140161
1341846323.011820 0.017186496 -0.297727466 0.096519001 0.111814700 0.001628321 0.022714928 0.993468046
1341846323.073951 0.013711363 -0.294177413 0.100689352 0.109522745 0.001651804 0.026796173 0.993621647
1341846323.105962 0.017833432 -0.314263880 0.097583860 0.105963305 0.001559183 0.027057037 0.994000614
1341846323.138158 0.015336380 -0.315865099 0.098917745 0.106750451 0.001741615 0.022945952 0.994019508
1341846323.174092 0.016653543 -0.317768246 0.096138962 0.104722641 0.001083198 0.021928398 0.994259119
1341846323.206059 0.023060089 -0.322646916 0.097169355 0.101840898 0.000211490 0.019945784 0.994600773
1341846323.238053 0.028251475 -0.326789707 0.100751698 0.099217445 0.002980115 0.017634030 0.994905055
1341846323.273997 0.007008984 -0.324226916 0.094790868 0.095672913 0.004393975 0.018751694 0.995226502
1341846323.305946 0.013105235 -0.335191488 0.095744073 0.090150148 0.000118234 0.019597478 0.995735347
1341846323.342027 0.038854655 -0.351183534 0.099100649 0.087857254 0.000376072 0.018054431 0.995969355
1341846323.374048 0.020284787 -0.360524654 0.106281534 0.087772325 0.005015409 0.019632101 0.995934486
1341846323.405987 0.006415883 -0.371192217 0.088390350 0.087830275 0.001497512 0.024610218 0.995830238
1341846323.441956 0.020485342 -0.379600316 0.101354882 0.089148439 -0.003255432 0.026615825 0.995657325
1341846323.473878 0.024573540 -0.391786903 0.100705609 0.092935547 -0.002007899 0.024848970 0.995359957
1341846323.506129 0.017441416 -0.389183223 0.090966985 0.095425636 -0.001796672 0.022300815 0.995185077
1341846323.541972 0.026346266 -0.389448047 0.090700984 0.094134763 -0.002324997 0.020048873 0.995354831
1341846323.573913 0.043551192 -0.410330445 0.072723724 0.092456535 0.000991531 0.015124813 0.995601296
1341846323.609927 0.030093964 -0.405747443 0.088656925 0.093558513 0.008086889 0.011633635 0.995512962
1341846323.642014 0.018045440 -0.415376067 0.091322705 0.092445582 0.010263396 0.011898486 0.995593727
1341846323.674081 0.016741689 -0.423846424 0.091703914 0.092634521 0.008523851 0.014435530 0.995559037
1341846323.710069 0.019674210 -0.446001798 0.083970398 0.093316749 0.007132576 0.018503785 0.995438933
1341846323.742111 0.016642353 -0.458501726 0.086233981 0.097645849 0.005267473 0.018913666 0.995027542
1341846323.774928 0.016171157 -0.452900469 0.085382849 0.101603635 0.003149535 0.016085709 0.994689941
1341846323.810012 0.022615027 -0.456926048 0.082905300 0.102875307 0.001552998 0.012438439 0.994615257
1341846323.842207 0.025446473 -0.463094682 0.081511319 0.104198784 0.001547562 0.007882988 0.994524002
1341846323.878019 0.016240556 -0.472556800 0.079385772 0.104813114 0.001273312 0.003288684 0.994485676
1341846323.909826 0.017461380 -0.486916989 0.080587104 0.107831821 -0.000314842 -0.000804166 0.994168758
1341846323.942459 0.013611671 -0.483749300 0.078346334 0.111750349 -0.000255201 -0.000964522 0.993735790
1341846323.978055 0.006234944 -0.488231927 0.073325902 0.114113867 -0.002622674 0.000143820 0.993464231
1341846324.015934 0.019392651 -0.490688801 0.075908415 0.117772684 -0.005550911 0.000646150 0.993024826
1341846324.047722 0.021381920 -0.480901122 0.075958684 0.121666431 -0.004127054 -0.000383012 0.992562413
1341846324.083904 0.018772064 -0.467627943 0.076930158 0.122091718 -0.002589365 -0.000925605 0.992515028
1341846324.115968 0.021824090 -0.467720866 0.074073337 0.119583480 -0.001091731 -0.002302034 0.992820859
1341846324.151967 0.029666545 -0.463827848 0.069852762 0.118974738 0.001360297 -0.006558586 0.992874682
1341846324.183941 0.021879492 -0.448797196 0.075284436 0.116749287 0.006002663 -0.010632972 0.993086338
1341846324.219984 0.016485577 -0.443973273 0.082951695 0.112737298 0.007957460 -0.009633793 0.993546247
1341846324.251968 0.018737981 -0.444760621 0.082373090 0.111819908 0.007801771 -0.009505893 0.993652403
1341846324.284052 0.010121677 -0.432022572 0.085457206 0.112830997 0.007587116 -0.010738157 0.993527234
1341846324.319880 0.008445495 -0.420700312 0.068237044 0.111215740 0.004049244 -0.011247352 0.993724406
1341846324.351917 0.011538272 -0.402223080 0.081903607 0.108421765 0.000407130 -0.011972276 0.994032800
1341846324.388001 0.021233965 -0.392517626 0.088634588 0.104499929 0.000324882 -0.015873477 0.994398177
1341846324.419908 0.014168059 -0.379979551 0.084919460 0.099524722 0.002919416 -0.019280063 0.994843960
1341846324.452027 0.010026999 -0.381938994 0.083172575 0.094657034 0.003298752 -0.019441398 0.995314598
1341846324.487928 0.008019969 -0.374885648 0.089903049 0.093328819 0.002952398 -0.017125774 0.995483696
1341846324.519985 -0.001392744 -0.365545094 0.086277664 0.091870569 0.001000038 -0.012218593 0.995695472
1341846324.556001 -0.000958228 -0.348407000 0.087200716 0.090470240 -0.004084937 -0.007871843 0.995859683
1341846324.587888 -0.000005790 -0.333577275 0.089596480 0.087296002 -0.007148386 -0.006155620 0.996137738
1341846324.620086 0.000487417 -0.329367280 0.091538437 0.084876388 -0.009731828 -0.008508410 0.996307611
1341846324.655955 0.005085336 -0.315960974 0.092680618 0.083831988 -0.011003921 -0.009592555 0.996372998
1341846324.688082 0.001937941 -0.316106707 0.096540675 0.082725108 -0.010630857 -0.008690129 0.996477783
1341846324.755922 -0.014267555 -0.277377635 0.094612509 0.084949642 -0.013217556 -0.005023699 0.996284902
1341846324.814016 0.002255191 -0.237161547 0.099997595 0.081024416 -0.019755619 -0.008347888 0.996481359
1341846324.849979 -0.005379707 -0.233301833 0.104570203 0.074654378 -0.016340282 -0.010340584 0.997021973
1341846324.881924 -0.014399515 -0.230227113 0.109088778 0.071589679 -0.017157460 -0.010625595 0.997229993
1341846324.913902 -0.008370558 -0.221118376 0.108060464 0.070526369 -0.018947154 -0.007286195 0.997303307
1341846324.949999 -0.011890413 -0.227808401 0.108914793 0.070382483 -0.018737206 -0.004433919 0.997334242
1341846324.981922 -0.022992015 -0.218449920 0.112161487 0.075162008 -0.020520581 -0.001226024 0.996959388
1341846325.018013 -0.023435507 -0.206342235 0.102761783 0.079489514 -0.025716782 0.001358963 0.996502995
1341846325.050079 -0.023625284 -0.190802947 0.099233821 0.081642866 -0.031017020 0.000020841 0.996178865
1341846325.081901 -0.025371391 -0.173276514 0.099753439 0.081062607 -0.035924312 -0.002092315 0.996059179
1341846325.118531 -0.013151469 -0.157455146 0.099346273 0.077368960 -0.038306799 -0.003339470 0.996260762
1341846325.149933 -0.017173382 -0.158214599 0.102089360 0.071178339 -0.035582822 -0.005391233 0.996814132
1341846325.181925 -0.018930357 -0.153867051 0.099604808 0.067742899 -0.034377176 -0.002943787 0.997106016
1341846325.218055 -0.019005083 -0.148127198 0.104267240 0.064869173 -0.034413461 0.000928160 0.997299731
1341846325.249811 -0.024473164 -0.139264554 0.104545727 0.062976949 -0.034052648 0.004370470 0.997424304
1341846325.285925 -0.019568030 -0.129533023 0.107031196 0.060380720 -0.035099328 0.007734993 0.997528076
1341846325.317988 -0.006532406 -0.131582841 0.112623729 0.057817217 -0.033316825 0.010403709 0.997716844
1341846325.349844 -0.009865610 -0.134861112 0.118215047 0.060598642 -0.028521650 0.012868469 0.997671664
1341846325.387302 -0.008044454 -0.122276038 0.116581857 0.065512814 -0.025989085 0.015569241 0.997391701
1341846325.417931 -0.001706124 -0.114050239 0.122258291 0.068549268 -0.021171367 0.018064711 0.997259438
1341846325.450747 0.007200610 -0.121113047 0.126204059 0.072465494 -0.013768852 0.020136395 0.997072577
1341846325.485954 -0.012515577 -0.099996358 0.132211640 0.082151294 -0.005648971 0.021689747 0.996367812
1341846325.517875 -0.014679577 -0.092358090 0.125709593 0.085629568 -0.002708279 0.024206070 0.996029258
1341846325.553859 -0.011935852 -0.089511819 0.123955414 0.088236809 0.000558721 0.023887966 0.995812893
1341846325.585855 -0.017802341 -0.068518631 0.126042753 0.091272824 0.003856864 0.022156918 0.995571911
1341846325.617990 -0.018168157 -0.048775516 0.123026140 0.089036725 0.005429472 0.021035630 0.995791376
1341846325.653982 -0.016447823 -0.062837705 0.145186067 0.085170932 0.007158150 0.019900266 0.996141911
1341846325.685819 -0.015912546 -0.059438668 0.150976852 0.090532891 0.008340375 0.022088496 0.995613515
1341846325.717857 -0.021782577 -0.045775112 0.150141999 0.095451422 0.009893849 0.028332723 0.994981587
1341846325.754083 -0.026213489 -0.045085572 0.151578188 0.098209374 0.010197909 0.032607172 0.994579136
1341846325.786087 -0.026386449 -0.042569451 0.137848422 0.104386903 0.010567319 0.032019272 0.993965030
1341846325.821856 -0.030255372 -0.021397658 0.140254706 0.109052777 0.012781398 0.032816499 0.993411899
1341846325.853827 -0.032378238 -0.014119705 0.152954206 0.109623224 0.013280270 0.038804475 0.993126750
1341846325.885958 -0.044923689 -0.002922146 0.137958735 0.110064447 0.011134041 0.042363469 0.992958784
1341846325.921984 -0.040255740 -0.000086833 0.142184272 0.108921774 0.006930043 0.047123984 0.992908537
1341846325.953899 -0.030549945 0.002775393 0.147711709 0.112027831 0.006854859 0.048198681 0.992511809
1341846325.985823 -0.032042868 0.017918836 0.151938304 0.115032367 0.009691432 0.052609425 0.991920292
1341846326.021991 -0.036290362 0.019674812 0.152848542 0.117666006 0.010052891 0.058316510 0.991288483
1341846326.054055 -0.033938512 0.032500271 0.151092902 0.122974887 0.009146681 0.061482999 0.990461171
1341846326.089984 -0.027771696 0.050530463 0.148652673 0.125846848 0.010652815 0.060877796 0.990122676
1341846326.121822 -0.030352471 0.060916934 0.155506730 0.125470504 0.014969577 0.058660865 0.990248442
1341846326.154079 -0.036083385 0.062166050 0.163464755 0.125887886 0.017619586 0.057217233 0.990236282
1341846326.190178 -0.038896739 0.072447561 0.161192119 0.128289655 0.017349122 0.059466448 0.989800215
1341846326.222162 -0.044104092 0.093409121 0.161316723 0.128424719 0.015706711 0.065349437 0.989439130
1341846326.259181 -0.046156805 0.103628650 0.168845385 0.125367567 0.013230948 0.068962075 0.989622235
1341846326.322766 -0.039065160 0.125445530 0.177813530 0.117971048 0.012260810 0.067742713 0.990627825
1341846326.359773 -0.037680801 0.132772416 0.174926370 0.114172056 0.013756778 0.066380061 0.991145372
1341846326.392109 -0.035683580 0.127022773 0.180287972 0.112265132 0.015716391 0.066911869 0.991298258
1341846326.423985 -0.040551759 0.133259624 0.181727856 0.116680138 0.016783424 0.072170369 0.990401685
1341846326.459869 -0.046711892 0.152225062 0.186612815 0.119384728 0.014514898 0.075307749 0.989881456
1341846326.526163 -0.032820545 0.183653444 0.190228045 0.119879425 0.015321115 0.074924566 0.989838600
1341846326.560211 -0.034759887 0.191284001 0.200545803 0.114663206 0.019237895 0.075432032 0.990349591
1341846326.591828 -0.039432280 0.197677374 0.203744590 0.111491099 0.021715533 0.076893300 0.990548134
1341846326.627027 -0.036390536 0.206886500 0.203180075 0.111230038 0.023014441 0.075866647 0.990627289
1341846326.658442 -0.030751538 0.224064454 0.205483526 0.109478652 0.026123354 0.075169109 0.990798473
1341846326.694856 -0.038841717 0.237288982 0.207480013 0.105865620 0.030245500 0.075130425 0.991076767
1341846326.726206 -0.039014343 0.251186788 0.207645625 0.100427315 0.031310067 0.073270991 0.991748631
1341846326.762753 -0.032551143 0.265034020 0.203727886 0.094525732 0.033336878 0.070642531 0.992453098
1341846326.826821 -0.036266051 0.299720109 0.208229437 0.080623090 0.039177842 0.067345880 0.993694901
1341846326.858887 -0.040995881 0.296261966 0.220045298 0.071275696 0.041005976 0.064826354 0.994502842
1341846326.895360 -0.042803086 0.289845586 0.226584733 0.068344742 0.040519815 0.067427345 0.994555533
1341846326.926897 -0.045758620 0.295258403 0.229413539 0.070128709 0.036902402 0.068899639 0.994471192
1341846326.958888 -0.041548811 0.314469963 0.222035691 0.073433831 0.034312442 0.072655872 0.994057953
1341846326.994594 -0.039932314 0.327794045 0.220504060 0.074207865 0.034766607 0.074212424 0.993869722
1341846327.026301 -0.039741419 0.342136383 0.221882403 0.072819836 0.035965238 0.072997630 0.994019687
1341846327.063945 -0.036455341 0.346770376 0.227519646 0.069281705 0.038369857 0.069585085 0.994427323
1341846327.094662 -0.038791474 0.357400507 0.235858440 0.069181941 0.040684730 0.066677958 0.994541407
1341846327.128901 -0.065507308 0.366438866 0.224772409 0.068161294 0.044388704 0.063473985 0.994663119
1341846327.161940 -0.043499373 0.379342288 0.236453891 0.067302011 0.039994050 0.065108970 0.994802356
1341846327.193867 -0.034607351 0.383960605 0.243485898 0.066089742 0.040880568 0.062982678 0.994984448
1341846327.229885 -0.035421651 0.397242606 0.240827486 0.067201495 0.044480838 0.060669158 0.994899333
1341846327.262014 0.013499588 0.418205053 0.297194898 0.068798527 0.044558868 0.064240828 0.994562387
1341846327.294023 -0.012136387 0.412983030 0.283206284 0.069233082 0.059459612 0.053856075 0.994369566
1341846327.330015 -0.025190836 0.443948567 0.254398763 0.073861770 0.070834510 0.050954495 0.993443787
1341846327.361939 -0.043982320 0.455178261 0.241195932 0.071036957 0.077228196 0.043841265 0.993512690
1341846327.393887 -0.020161461 0.475622088 0.293029666 0.071223207 0.078430101 0.039230455 0.993597984
1341846327.429966 -0.038060214 0.497949213 0.270925283 0.070122600 0.079262584 0.037672132 0.993670523
1341846327.461965 -0.052930653 0.502821743 0.263567030 0.060399324 0.076052934 0.034636091 0.994669914
1341846327.497931 -0.061759770 0.502008617 0.266523182 0.055067129 0.076940998 0.032954622 0.994968176
1341846327.530068 -0.101173401 0.502842605 0.263995856 0.051869605 0.083767988 0.033876579 0.994557619
1341846327.561895 -0.097694010 0.523471355 0.284105688 0.053369049 0.080919564 0.040231638 0.994477332
1341846327.598010 -0.102493957 0.533380449 0.285321265 0.056272548 0.078101553 0.044519305 0.994359910
1341846327.629945 -0.107190453 0.544408202 0.284219265 0.055038180 0.073104776 0.043514024 0.994853258
1341846327.662003 -0.125893265 0.539293408 0.289693445 0.054577924 0.074100718 0.039942052 0.994954765
1341846327.697919 -0.083413228 0.587673962 0.290066361 0.061723080 0.065352380 0.042439830 0.995046794
1341846327.730075 -0.086401954 0.589914680 0.285939455 0.054156750 0.064779893 0.043883093 0.995462120
1341846327.766017 -0.077172883 0.596977949 0.290951520 0.049315598 0.062671132 0.044971202 0.995800138
1341846327.797917 -0.071253367 0.618780077 0.293765455 0.045725740 0.060871948 0.047569819 0.995962262
1341846327.830054 -0.074814819 0.620531142 0.293666899 0.038241066 0.061082240 0.046909738 0.996296167
1341846327.865944 -0.076377913 0.622810066 0.296126515 0.033492845 0.062851503 0.047594622 0.996324599
1341846327.898010 -0.084386691 0.634078026 0.301049739 0.030776499 0.064868756 0.048047151 0.996261179
1341846327.929991 -0.079709351 0.639573455 0.297887295 0.025338087 0.062550098 0.046286553 0.996645927
1341846327.966065 -0.074111849 0.655393064 0.300151050 0.022349171 0.061831754 0.043512624 0.996887147
1341846327.998073 -0.069938242 0.678218484 0.300161481 0.018172512 0.061870258 0.041750599 0.997044981
1341846328.034045 -0.077581733 0.671388745 0.298155010 0.010046747 0.064427353 0.039576009 0.997086704
1341846328.065993 -0.080632076 0.659391940 0.300265074 0.002455726 0.065839082 0.040015571 0.997024536
1341846328.098045 -0.078036487 0.647378802 0.303941190 0.000738714 0.065514937 0.040988117 0.997009158
1341846328.133967 -0.091286801 0.648002744 0.303268790 0.004079962 0.066628553 0.043872405 0.996804476
1341846328.166023 -0.083098985 0.637583494 0.299268514 0.001784795 0.061853040 0.045651220 0.997039080
1341846328.198018 -0.085978180 0.621598244 0.290900916 0.000777071 0.059742082 0.042122111 0.997324407
1341846328.234044 -0.086677894 0.617754817 0.289486259 0.005051886 0.058187068 0.041260127 0.997439921
1341846328.265899 -0.079356544 0.611608684 0.288946122 0.007522391 0.054978348 0.042004246 0.997575283
1341846328.302051 -0.086312741 0.602276623 0.288894027 0.011796949 0.056430981 0.042690821 0.997423589
1341846328.333917 -0.089352503 0.576043367 0.286715657 0.012824426 0.056773085 0.044962332 0.997291684
1341846328.366008 -0.081123285 0.548176944 0.282113254 0.014969758 0.054941118 0.042474598 0.997473419
1341846328.402010 -0.101248391 0.534363151 0.279074967 0.028127911 0.060846005 0.042307544 0.996853352
1341846328.433920 -0.100972667 0.495009124 0.271987289 0.029176626 0.058898039 0.042688679 0.996923983
1341846328.470003 -0.054299537 0.483860850 0.254727095 0.029170554 0.049936231 0.038986441 0.997564793
1341846328.502194 -0.025461908 0.462057889 0.261224926 0.030607942 0.047296081 0.031489167 0.997915149
1341846328.534033 -0.009028379 0.451900035 0.267018348 0.033162903 0.047451317 0.029486613 0.997887313
1341846328.570125 -0.045072451 0.434183538 0.262149602 0.035722237 0.054143611 0.029792445 0.997449160
1341846328.602804 -0.063010432 0.405717015 0.268625617 0.040310871 0.051609520 0.031314701 0.997361958
1341846328.672663 -0.052000996 0.367251486 0.245659143 0.049438328 0.037919182 0.030375887 0.997594714
1341846328.702975 -0.037266947 0.351704359 0.252961606 0.052044969 0.032556515 0.029497208 0.997677982
1341846328.770129 -0.024744883 0.319901884 0.255806506 0.060561344 0.028425828 0.025581485 0.997431636
1341846328.802331 -0.023964178 0.302006781 0.247729614 0.060982563 0.025556825 0.025847005 0.997476757
1341846328.838051 -0.017181881 0.284679830 0.241462559 0.064474545 0.022885736 0.022958921 0.997392654
1341846328.869939 -0.016868828 0.289859354 0.236921519 0.065735564 0.021787072 0.022589168 0.997343421
1341846328.904486 -0.016068120 0.271872878 0.238565713 0.060908891 0.018715939 0.022283373 0.997719049
1341846328.939814 -0.014814882 0.234738201 0.230712056 0.062233966 0.016335726 0.021708993 0.997691751
1341846328.970217 -0.016617564 0.231127918 0.228205219 0.066146754 0.014980325 0.024900585 0.997386694
1341846329.006232 -0.010176418 0.225557059 0.228977144 0.067890018 0.011912524 0.029363295 0.997189462
1341846329.038243 -0.007087426 0.203939959 0.221249536 0.071023256 0.011026366 0.028655717 0.997002006
1341846329.106125 -0.000953281 0.207190588 0.212143973 0.074935794 0.010048524 0.028757093 0.996722996
1341846329.138340 0.001361860 0.184942245 0.211821213 0.075273201 0.009106730 0.026697250 0.996763885
1341846329.169991 0.000410451 0.179869533 0.199084312 0.076619118 0.007762274 0.026957773 0.996665716
1341846329.208656 0.006013705 0.170303583 0.193411648 0.076874673 0.006338825 0.025919333 0.996683657
1341846329.238169 0.008017587 0.169085860 0.187404364 0.076364458 0.005268038 0.026317531 0.996718645
1341846329.273827 0.006995582 0.152756393 0.187152714 0.074087322 0.004484888 0.026837973 0.996880472
1341846329.306052 0.011465250 0.155177325 0.191098303 0.075434640 0.001606283 0.027300259 0.996775627
1341846329.338104 0.015262011 0.153643042 0.189401671 0.072145976 -0.000093497 0.025760574 0.997061372
1341846329.373907 0.016471548 0.127832294 0.185858518 0.067604139 -0.000862000 0.022881964 0.997449398
1341846329.405985 0.016185684 0.118683293 0.187444016 0.068865098 -0.002348938 0.020486919 0.997412801
1341846329.442057 0.018060198 0.118937895 0.183361292 0.068623744 -0.002961074 0.017464759 0.997485340
1341846329.473950 0.014458852 0.101271361 0.178600669 0.066914871 -0.003734030 0.011404728 0.997686505
1341846329.506147 0.013311851 0.095945552 0.177958801 0.067401662 -0.005551022 0.008230548 0.997676551
1341846329.542121 0.008417368 0.083781019 0.174081117 0.065305509 -0.007967927 0.007743160 0.997803450
1341846329.574086 0.018388236 0.065532506 0.175158337 0.067108221 -0.011336544 0.007203378 0.997655272
1341846329.606387 0.018762410 0.066005111 0.167173803 0.069986254 -0.011727736 0.005612519 0.997463226
1341846329.641955 0.011148999 0.062489048 0.162129387 0.070048831 -0.012134623 0.006137720 0.997450888
1341846329.681570 0.009845834 0.048623312 0.165540889 0.068727158 -0.015101276 0.006297684 0.997501314
1341846329.748113 0.017564360 0.043329038 0.162246287 0.070999444 -0.015591882 0.003553411 0.997348130
1341846329.810175 0.016628237 0.020636104 0.159748346 0.068874426 -0.012396118 0.008001264 0.997516215
1341846329.842255 0.016673179 0.010556549 0.163407102 0.070184201 -0.012518427 0.012076206 0.997382343
1341846329.874044 0.013551728 0.004579211 0.160315081 0.072133109 -0.012012495 0.014346190 0.997219443
1341846329.910073 0.012409983 0.006804565 0.155827716 0.072473109 -0.012380951 0.016564673 0.997155905
1341846329.942009 0.011086753 0.008573625 0.160120711 0.068257883 -0.012845083 0.022076534 0.997340679
1341846329.978087 0.008578177 -0.019363215 0.146819517 0.064802222 -0.012994148 0.022306347 0.997564137
1341846330.016305 0.016240453 -0.012333948 0.146198645 0.067175999 -0.012721106 0.020880492 0.997441530
1341846330.048192 0.008293182 -0.003784221 0.143181682 0.064147905 -0.010755300 0.021832250 0.997643590
1341846330.080418 0.008412946 -0.026490379 0.144350275 0.058798686 -0.010712320 0.023497881 0.997935772
1341846330.115886 0.011919646 -0.041463576 0.144673347 0.061266683 -0.009623447 0.024652267 0.997770548
1341846330.147839 0.004155803 -0.026632722 0.137236580 0.064388372 -0.008716461 0.026025614 0.997547388
1341846330.181257 0.005928709 -0.013028751 0.134693190 0.060190450 -0.009621032 0.029775033 0.997696340
1341846330.215852 0.006876918 -0.030042661 0.138341576 0.053230129 -0.008701175 0.028963353 0.998124182
1341846330.247833 0.002375819 -0.035420433 0.140007257 0.051159762 -0.008033493 0.027885268 0.998268783
1341846330.283913 -0.001008925 -0.022049196 0.131863058 0.048454590 -0.008282307 0.027855508 0.998402536
1341846330.316011 -0.001770103 -0.038095832 0.135484442 0.041385286 -0.009215856 0.027259085 0.998728812
1341846330.347868 -0.002955031 -0.047221735 0.137829304 0.038738858 -0.010921922 0.026745321 0.998831630
1341846330.383835 0.001493213 -0.048518680 0.136935055 0.037093274 -0.011711753 0.027329955 0.998869359
1341846330.415934 -0.000032119 -0.065618433 0.134514019 0.035811294 -0.010648618 0.025302734 0.998981476
1341846330.452561 -0.003207717 -0.065307498 0.135641932 0.038855474 -0.011090786 0.024305752 0.998887599
1341846330.483903 -0.007732257 -0.060670312 0.129227102 0.039222077 -0.012629284 0.026682416 0.998794377
1341846330.515970 -0.007753438 -0.071223773 0.130008280 0.037083328 -0.014916037 0.030287165 0.998741686
1341846330.552099 -0.005401983 -0.075074308 0.128275990 0.038393993 -0.016332846 0.032520000 0.998599768
1341846330.583876 -0.011514116 -0.062903903 0.126132667 0.038786389 -0.016143335 0.032312322 0.998594463
1341846330.619992 -0.018190399 -0.052959479 0.122874700 0.034986794 -0.016827650 0.031313282 0.998755336
1341846330.652136 -0.013798447 -0.061875954 0.119493484 0.028025970 -0.018842634 0.030282587 0.998970687
1341846330.683796 -0.016471043 -0.067344561 0.117421396 0.023056680 -0.018613847 0.029353984 0.999129772
1341846330.719991 -0.022458745 -0.082494408 0.112166740 0.019819675 -0.020464888 0.030384896 0.999132156
1341846330.752103 -0.024031838 -0.086795554 0.114940017 0.021413991 -0.024722930 0.035076965 0.998849213
1341846330.787952 -0.033520903 -0.078329802 0.104582861 0.023077803 -0.028322879 0.037640311 0.998623252
1341846330.819823 -0.026394004 -0.079564683 0.101873048 0.022611059 -0.033636454 0.038905039 0.998420596
1341846330.852208 -0.028086850 -0.069718830 0.099009708 0.022786379 -0.035132866 0.040015195 0.998321176
1341846330.914111 -0.031911697 -0.057519697 0.092732251 0.014292973 -0.038459316 0.039822824 0.998364031
1341846330.949903 -0.036896430 -0.070859455 0.095641702 0.010350737 -0.039223172 0.039640222 0.998390198
1341846330.981986 -0.042081870 -0.072773062 0.090912811 0.011054792 -0.043336917 0.041698705 0.998128712
1341846331.014111 -0.037161164 -0.068252370 0.085812278 0.010804052 -0.047880732 0.042588338 0.997886240
1341846331.082139 -0.038304262 -0.070504166 0.084219001 0.012496414 -0.050808344 0.039674204 0.997841835
1341846331.114334 -0.041454487 -0.068202652 0.077905931 0.012270401 -0.052672230 0.038556289 0.997791827
1341846331.149989 -0.038126424 -0.075450815 0.083131790 0.012365293 -0.053853113 0.037706051 0.997760117
1341846331.181954 -0.043477967 -0.076618642 0.077789903 0.015404094 -0.053808860 0.036733732 0.997756481
1341846331.218151 -0.050483659 -0.062049851 0.069150746 0.016014222 -0.056455206 0.037108324 0.997586787
1341846331.249914 -0.035186164 -0.072973929 0.076014675 0.013066669 -0.059598502 0.036725417 0.997461021
1341846331.318141 -0.033140786 -0.070006177 0.076883145 0.023932142 -0.049391434 0.031559065 0.997993886
1341846331.349926 -0.028666615 -0.068013348 0.068705007 0.022946192 -0.047070924 0.030765779 0.998153925
1341846331.382003 0.009122143 -0.085272722 0.113173306 0.024358816 -0.044111490 0.031983729 0.998217344
1341846331.418008 -0.005131487 -0.073221520 0.100452833 0.032166213 -0.032892860 0.032510519 0.998411953
1341846331.450327 -0.013485968 -0.066328086 0.098860994 0.034457527 -0.027052304 0.030885024 0.998562455
1341846331.486219 -0.023095544 -0.063466035 0.099185675 0.034796942 -0.024224896 0.032217663 0.998581171
1341846331.518344 -0.016021097 -0.066240855 0.092396304 0.033322833 -0.023725655 0.028782018 0.998748362
1341846331.550202 -0.012344548 -0.071205162 0.107381314 0.035355374 -0.019390831 0.027473090 0.998808861
1341846331.586139 -0.026291708 -0.056172356 0.113017663 0.038561597 -0.016685184 0.027407007 0.998740911
1341846331.617931 -0.018928630 -0.052692764 0.122649200 0.037777547 -0.017356880 0.027413607 0.998759270
1341846331.654027 -0.009139034 -0.061458558 0.130879506 0.037657473 -0.015460720 0.028479576 0.998765111
1341846331.686123 -0.018084919 -0.051160507 0.131595731 0.040499493 -0.011973744 0.029776795 0.998663962
1341846331.717954 -0.025436925 -0.038507558 0.143404379 0.038259689 -0.012492141 0.029680492 0.998748839
1341846331.754076 -0.008872813 -0.053741544 0.154829785 0.034928612 -0.013147661 0.029492473 0.998868048
1341846331.785920 -0.010719581 -0.053741306 0.165745407 0.037874464 -0.010072128 0.027370818 0.998856783
1341846331.818053 -0.015106065 -0.041062325 0.177033365 0.039172430 -0.008079746 0.027617300 0.998818040
1341846331.853849 -0.012765736 -0.049165953 0.184528291 0.037244286 -0.007949975 0.027442418 0.998897672
1341846331.885987 -0.006238719 -0.050887853 0.196484044 0.040049642 -0.005622343 0.024877682 0.998872101
1341846331.922014 -0.008564222 -0.043654356 0.209713042 0.042451531 -0.002158196 0.023793953 0.998812854
1341846331.954037 -0.000079255 -0.040633000 0.228329957 0.042528052 -0.000167715 0.026051952 0.998755574
1341846331.986135 0.008095734 -0.052978218 0.238467649 0.044083070 0.004698894 0.027870893 0.998627961
1341846332.022364 -0.004346313 -0.053767994 0.252324462 0.051177662 0.010769981 0.027656673 0.998248458
1341846332.054175 -0.007582529 -0.050515234 0.265765071 0.057281751 0.011032900 0.029338323 0.997865856
1341846332.086502 -0.007084162 -0.045971148 0.277545005 0.060378436 0.011147814 0.030482484 0.997647703
1341846332.122051 -0.005089086 -0.040801659 0.290484577 0.062364120 0.011774079 0.029922802 0.997535288
1341846332.153983 -0.015183028 -0.025714118 0.299796253 0.061370410 0.012093890 0.025452979 0.997717142
1341846332.190165 -0.018189499 -0.026010942 0.311062843 0.054746408 0.010580213 0.023954714 0.998156846
1341846332.254145 -0.016378172 -0.045250069 0.339259565 0.053890388 0.010700885 0.021746241 0.998252690
1341846332.289948 -0.015554070 -0.039608907 0.357499212 0.056266822 0.010254877 0.025621016 0.998034298
1341846332.322172 -0.014975797 -0.040914167 0.370421439 0.056962382 0.009873882 0.027146699 0.997958362
1341846332.354003 -0.005457320 -0.047455452 0.370733678 0.058905844 0.011118427 0.024561794 0.997899354
1341846332.390180 -0.008485512 -0.030632382 0.380151123 0.061396919 0.015829248 0.021660203 0.997752845
1341846332.422055 -0.019037995 -0.030152384 0.383889079 0.059302699 0.019401230 0.017597184 0.997896373
1341846332.458114 -0.008153699 -0.033295326 0.396063477 0.058647718 0.020434348 0.014454114 0.997964919
1341846332.489993 -0.017831158 -0.027776312 0.408298939 0.059801161 0.023052929 0.016104676 0.997814119
1341846332.522130 -0.023479253 -0.023683671 0.417541564 0.059526388 0.019610750 0.021965211 0.997792363
1341846332.558114 -0.018427253 -0.026016455 0.431683332 0.059497565 0.013596969 0.029181041 0.997709215
1341846332.589874 -0.010674488 -0.015802927 0.436118752 0.059882868 0.010479020 0.033739604 0.997579992
1341846332.621889 -0.008404235 -0.009517387 0.439219803 0.056165900 0.010272064 0.035602197 0.997733593
1341846332.658202 -0.014025188 -0.013477739 0.448532283 0.052115835 0.012197114 0.031939305 0.998055637
1341846332.690001 -0.008355256 -0.013361454 0.455524087 0.049806897 0.012197838 0.034368243 0.998092830
1341846332.726000 -0.006178287 -0.015253149 0.470661491 0.048992842 0.010788675 0.038914643 0.997982442
1341846332.758386 0.000048380 -0.012079474 0.484339952 0.049886353 0.007889967 0.040350143 0.997908294
1341846332.789937 0.007000846 -0.004508264 0.487387151 0.049622916 0.008382871 0.038888697 0.997975469
1341846332.825925 0.009705185 -0.006109226 0.501937211 0.047177903 0.010562066 0.037703976 0.998118818
1341846332.857898 0.011155620 -0.009744175 0.509866059 0.047600031 0.011719838 0.037222698 0.998103857
1341846332.894069 0.012816772 0.005052827 0.519216597 0.048474364 0.011692951 0.036967747 0.998071611
1341846332.926029 0.017978180 0.007993598 0.524105906 0.044925436 0.011762027 0.035080887 0.998304904
1341846332.958015 0.022480838 0.009436660 0.536570132 0.041716304 0.013747331 0.032725453 0.998498797
1341846332.994073 0.021883721 0.009500824 0.542416573 0.039143879 0.015423001 0.030608511 0.998645604
1341846333.026545 0.027453756 0.010467421 0.547865629 0.036710043 0.016085636 0.027932415 0.998806000
1341846333.057998 0.034334499 0.009755548 0.554582775 0.035352986 0.017835446 0.028541151 0.998808026
1341846333.094024 0.037227426 0.011639655 0.565127671 0.035944182 0.019243326 0.032347973 0.998644710
1341846333.126095 0.041310698 0.013173051 0.567060351 0.036329981 0.020830285 0.034807738 0.998516202
1341846333.161973 0.045486078 0.021419134 0.572383285 0.035755325 0.023298113 0.035899490 0.998443782
1341846333.195660 0.044728164 0.019831393 0.582739294 0.032961912 0.025785260 0.037401997 0.998423636
1341846333.226331 0.047690123 0.023893423 0.587943614 0.032121349 0.026000826 0.037064716 0.998457968
1341846333.262056 0.048912723 0.029760372 0.590369225 0.029370422 0.026515199 0.035735551 0.998577654
1341846333.294147 0.050100889 0.026659057 0.599034488 0.025582934 0.026303908 0.035017539 0.998712838
1341846333.326100 0.054384589 0.030407077 0.603848994 0.024383897 0.024550943 0.033846170 0.998827875
1341846333.362100 0.056422941 0.040139914 0.606289983 0.021749524 0.023796825 0.031795058 0.998974323
1341846333.394119 0.050184682 0.032307073 0.608385563 0.017570024 0.023856333 0.030959783 0.999081433
1341846333.429974 0.054859538 0.035134263 0.612638772 0.017262047 0.021437004 0.031291999 0.999131262
1341846333.462115 0.060043558 0.032059543 0.615078449 0.016675103 0.021157753 0.030022247 0.999186099
1341846333.494040 0.061004430 0.035502270 0.618247569 0.018179774 0.022087857 0.028853871 0.999174178
1341846333.529953 0.069322333 0.034251191 0.617575407 0.018620305 0.022050213 0.028780568 0.999168992
1341846333.562063 0.062039599 0.035669044 0.618587852 0.019864758 0.025437083 0.030129449 0.999024808
1341846333.594090 0.056203373 0.044890195 0.621798933 0.019518506 0.025341658 0.030764626 0.999014676
1341846333.629994 0.056414772 0.046222251 0.620065451 0.015917940 0.022679325 0.029849546 0.999170303
1341846333.662127 0.055970758 0.044585973 0.620778739 0.012229864 0.022095408 0.029504100 0.999245584
1341846333.697964 0.038359776 0.038664497 0.620038152 0.010457413 0.025490955 0.029759554 0.999177277
1341846333.730092 0.013962196 0.042532153 0.615249157 0.014076917 0.030298432 0.030679002 0.998970807
1341846333.762089 0.054119378 0.037496820 0.613753736 0.014029621 0.023445325 0.032619420 0.999094307
1341846333.798006 0.055685081 0.032434613 0.610430896 0.014912860 0.023522416 0.032519691 0.999082923
1341846333.830055 0.056465656 0.035798848 0.605367959 0.018184140 0.024612753 0.030270848 0.999073207
1341846333.866045 0.051865567 0.035938755 0.600007236 0.019223232 0.026287511 0.029215749 0.999042451
1341846333.897987 0.049478397 0.028744815 0.596605897 0.020051807 0.026644837 0.028014097 0.999051154
1341846333.930099 0.049048960 0.028872848 0.591784239 0.023224998 0.027493702 0.026769305 0.998993576
1341846333.965889 0.049754158 0.027436772 0.583824217 0.025059735 0.028054420 0.026308104 0.998945892
1341846333.997985 0.049526043 0.024849001 0.578777134 0.027820569 0.029045191 0.026074426 0.998850584
1341846334.030076 0.045765944 0.027520720 0.570989370 0.031082442 0.030408436 0.026858877 0.998693049
1341846334.066000 0.039243765 0.024750050 0.564445138 0.032384612 0.030659195 0.028779186 0.998590529
1341846334.097932 0.041171245 0.024019003 0.557453036 0.034276921 0.030257391 0.028351204 0.998551846
1341846334.133884 0.035739925 0.023762543 0.551924467 0.035877194 0.031757392 0.028236054 0.998452306
1341846334.166115 0.028081290 0.023214012 0.545958698 0.036080115 0.031054704 0.029083578 0.998442769
1341846334.198072 0.030373158 0.023204368 0.536708295 0.036679246 0.028900495 0.028373159 0.998506069
1341846334.234097 0.032057691 0.025059853 0.530332148 0.037251327 0.029096125 0.027023910 0.998516619
1341846334.266045 0.024766564 0.024005033 0.524844706 0.037349194 0.031328224 0.027287716 0.998438239
1341846334.297946 0.019594267 0.022131909 0.516127884 0.038550511 0.029582987 0.028189326 0.998420775
1341846334.334036 0.016257904 0.023972284 0.510104537 0.039197776 0.028190006 0.028518280 0.998426557
1341846334.365871 0.016710082 0.025114071 0.502609074 0.038743466 0.028079150 0.026916116 0.998491883
1341846334.401845 0.012650756 0.022985201 0.495659500 0.037133262 0.029310411 0.025396287 0.998557508
1341846334.433864 0.006689915 0.019038904 0.491606236 0.037009083 0.028415576 0.026043467 0.998571277
1341846334.466105 0.008356540 0.023507591 0.481536120 0.038138125 0.026329879 0.026996892 0.998560667
1341846334.502142 0.001060776 0.025289260 0.475584477 0.037114721 0.025715793 0.027596874 0.998598814
1341846334.540153 0.000963019 0.023534223 0.465495765 0.036400329 0.024212565 0.026425714 0.998694360
1341846334.602351 -0.009001089 0.029976726 0.450939298 0.032162983 0.020894621 0.019658471 0.999070823
1341846334.670161 -0.013722988 0.024864234 0.436627239 0.026629066 0.018228695 0.013050656 0.999393940
1341846334.702085 -0.020676799 0.020988312 0.430016130 0.025450500 0.016529704 0.012907784 0.999456048
1341846334.734751 -0.022544330 0.019471010 0.419861943 0.025259774 0.014025091 0.014714944 0.999474168
1341846334.770889 -0.025106873 0.020358305 0.411215395 0.025373947 0.012296599 0.018039308 0.999439597
1341846334.802194 -0.032173924 0.020040998 0.398828030 0.024936253 0.010279300 0.018200474 0.999470472
1341846334.833908 -0.031037930 0.021805026 0.387168288 0.024631685 0.008509398 0.016602190 0.999522507
1341846334.869874 -0.032843620 0.022455741 0.380639911 0.023002360 0.008029040 0.016917821 0.999559999
1341846334.902006 -0.039507054 0.019026775 0.368936718 0.021084432 0.006762832 0.017157270 0.999607563
1341846334.938010 -0.041127399 0.018450480 0.358934551 0.020518437 0.003413952 0.017059088 0.999638081
1341846334.970032 -0.037421834 0.016837418 0.351370543 0.020576913 0.001980785 0.015936887 0.999659300
1341846335.002203 -0.038094405 0.015394994 0.335974842 0.022044869 0.002231218 0.017226174 0.999606073
1341846335.037880 -0.041864149 0.015591807 0.317926347 0.024241451 -0.000699929 0.020546976 0.999494731
1341846335.069990 -0.044068940 0.018153599 0.319178373 0.024782395 -0.003697145 0.020532360 0.999475181
1341846335.106038 -0.042829040 0.016554466 0.310266107 0.025236990 -0.002573941 0.017773712 0.999520183
1341846335.138045 -0.050904762 0.014194991 0.302257299 0.026777605 -0.000984338 0.016920581 0.999497712
1341846335.169900 -0.053105753 0.016848890 0.285066873 0.026884330 -0.003902156 0.017734872 0.999473631
1341846335.206091 -0.053530864 0.017655186 0.277608603 0.026425172 -0.005590617 0.015029886 0.999522209
1341846335.239365 -0.051000144 0.011791776 0.269594133 0.025942845 -0.004797637 0.012322949 0.999575973
1341846335.269948 -0.055595323 0.010868571 0.258938998 0.027518684 -0.003259209 0.011543379 0.999549329
1341846335.305972 -0.062564954 0.010942778 0.249628916 0.029510411 -0.004408543 0.012181440 0.999480486
1341846335.338012 -0.056616008 0.010604551 0.241977394 0.031013718 -0.006488460 0.013736263 0.999403536
1341846335.374005 -0.053804554 0.001190759 0.229189739 0.034822147 -0.004649128 0.014414354 0.999278724
1341846335.406025 -0.061363433 0.001887852 0.221686721 0.041691732 -0.001351943 0.016235447 0.998997688
1341846335.438079 -0.062113814 0.011724245 0.210830674 0.047758408 -0.000775086 0.019553332 0.998667181
1341846335.473998 -0.058999084 0.014222728 0.199659824 0.049733903 0.000504241 0.020472899 0.998552501
1341846335.507038 -0.062213797 0.019173896 0.192556262 0.051244266 0.003451731 0.018099055 0.998516142
1341846335.538040 -0.065405264 0.026403714 0.181915954 0.050953835 0.005766172 0.016383419 0.998549938
1341846335.574119 -0.071629710 0.029498555 0.175887078 0.048605252 0.005997650 0.016808376 0.998658597
1341846335.605970 -0.070911273 0.022704761 0.166815132 0.046701908 0.004949274 0.016261475 0.998764217
1341846335.641978 -0.069950715 0.018663146 0.146552324 0.046550978 0.006277623 0.013824129 0.998800516
1341846335.673993 -0.076571934 0.021685710 0.139588416 0.046491154 0.007249889 0.013732895 0.998797953
1341846335.706178 -0.079680979 0.019666227 0.127770066 0.045714397 0.006045809 0.014775519 0.998826981
1341846335.741982 -0.074250638 0.019517591 0.114383198 0.046286955 0.005220611 0.013962826 0.998816967
1341846335.773960 -0.080669485 0.025813304 0.104905054 0.046761710 0.006283700 0.013321663 0.998797476
1341846335.806271 -0.079680465 0.030842308 0.094980575 0.045323808 0.005495475 0.012792544 0.998875320
1341846335.842031 -0.078749031 0.022765309 0.089477912 0.042838149 0.006166427 0.012985710 0.998978615
1341846335.873966 -0.080917336 0.022996165 0.077406809 0.043817524 0.007890219 0.012052313 0.998935640
1341846335.910005 -0.087614827 0.030124905 0.069191769 0.043714564 0.008075676 0.014544353 0.998905540
1341846335.941936 -0.089594178 0.027663484 0.054084752 0.042491764 0.006038981 0.014979565 0.998966277
1341846335.974198 -0.088297613 0.026593374 0.045036770 0.042165808 0.004996019 0.012943845 0.999014258
1341846336.010032 -0.093001425 0.028003832 0.035147093 0.041999657 0.005358919 0.011558433 0.999036372
1341846336.042129 -0.099203035 0.029905513 0.020526713 0.041255016 0.004428097 0.011904873 0.999067903
1341846336.078076 -0.100982048 0.028521068 0.015146866 0.041160323 0.002503037 0.011276818 0.999085784
1341846336.110739 -0.103547007 0.025257532 0.013300584 0.041486725 0.002515495 0.009952489 0.999086320
1341846336.142002 -0.113362879 0.022684155 -0.003820931 0.041076172 0.003292188 0.010410077 0.999096334
1341846336.183953 -0.119046435 0.026186937 -0.016497042 0.040882543 0.001005285 0.011259772 0.999100029
1341846336.241891 -0.114294074 0.027421789 -0.022252936 0.039081797 -0.000482890 0.010948442 0.999175906
1341846336.277946 -0.124616317 0.021303922 -0.028779963 0.039109457 0.000419209 0.013339076 0.999145806
1341846336.309977 -0.126038760 0.020127218 -0.043723386 0.041685589 -0.001894693 0.015416377 0.999010026
1341846336.346143 -0.124943778 0.027179871 -0.054647777 0.043951083 -0.003472496 0.016536329 0.998890817
1341846336.377975 -0.122715421 0.028165288 -0.060794402 0.044886190 -0.003569056 0.016341956 0.998852074
1341846336.410032 -0.129442483 0.031996511 -0.066322580 0.046033330 -0.002432106 0.016149124 0.998806417
1341846336.446041 -0.132525310 0.034376428 -0.078561813 0.045551166 -0.002697676 0.015788276 0.998833597
1341846336.477990 -0.130435482 0.033876285 -0.080877066 0.044421338 -0.003090314 0.016078882 0.998878658
1341846336.510056 -0.132520333 0.032911334 -0.085057288 0.044630475 -0.002395223 0.016648605 0.998861969
1341846336.546024 -0.133827239 0.032408968 -0.091560476 0.045549210 -0.002474110 0.018868344 0.998780787
1341846336.578003 -0.134291083 0.038356338 -0.103789285 0.045480181 -0.003068881 0.020701282 0.998745978
1341846336.614020 -0.133895785 0.039065197 -0.099669516 0.044906233 -0.002336768 0.019712161 0.998794019
1341846336.645982 -0.137797534 0.044038460 -0.111161500 0.044100206 -0.000995019 0.019323936 0.998839676
1341846336.678036 -0.147086382 0.037886314 -0.115629613 0.041999672 -0.002325865 0.019327696 0.998927951
1341846336.714024 -0.150749564 0.031420983 -0.116278000 0.043160632 -0.004234367 0.018969005 0.998879075
1341846336.746016 -0.153047442 0.028837238 -0.121592827 0.046830151 -0.006351597 0.021151710 0.998658717
1341846336.778014 -0.163658515 0.035882600 -0.134474903 0.049870044 -0.009637953 0.024127804 0.998417735
1341846336.820006 -0.154273957 0.040014971 -0.143159091 0.050467476 -0.014230570 0.026910221 0.998261690
1341846336.882056 -0.161739737 0.039247777 -0.152662471 0.053111304 -0.015999891 0.025283022 0.998140216
1341846336.914273 -0.168166667 0.034052320 -0.149233460 0.055204861 -0.020300623 0.027771389 0.997882307
1341846336.945998 -0.125984743 0.039565071 -0.156592667 0.061452240 -0.029303668 0.030944863 0.997199774
1341846336.981980 -0.162629992 0.051186703 -0.179734156 0.065472193 -0.030940842 0.028080253 0.996979177
1341846337.014238 -0.169541270 0.053148717 -0.184241444 0.062486786 -0.032970492 0.025604656 0.997172356
1341846337.046017 -0.158678561 0.048681136 -0.185589358 0.059807684 -0.034898642 0.021710947 0.997363389
1341846337.082104 -0.132501006 0.056514248 -0.205092564 0.059247591 -0.036382403 0.018617613 0.997406363
1341846337.114317 -0.103735238 0.061088812 -0.201487929 0.057713352 -0.039875515 0.017735148 0.997378886
1341846337.150037 -0.077301949 0.065908097 -0.190431356 0.056441247 -0.042949475 0.016369393 0.997347355
1341846337.181873 -0.048902255 0.071008861 -0.187442407 0.056195326 -0.043964401 0.013106087 0.997365236
1341846337.214073 -0.034140814 0.077584103 -0.184615433 0.054310009 -0.043317653 0.011170066 0.997521520
1341846337.250087 -0.017653508 0.076713219 -0.172296464 0.051909469 -0.044999227 0.010908881 0.997577786
1341846337.282028 0.007465596 0.076489650 -0.174116373 0.052404009 -0.051790167 0.017113946 0.997135222
1341846337.317920 0.023818038 0.081169501 -0.188996956 0.052469958 -0.052815691 0.015690744 0.997101367
1341846337.350018 0.040976565 0.084724806 -0.204405636 0.050967734 -0.052893844 0.015865333 0.997172415
1341846337.382159 0.049924940 0.081256740 -0.199145898 0.048188966 -0.052801613 0.013276928 0.997353256
1341846337.417941 0.051346637 0.077957153 -0.195036724 0.048882503 -0.052625060 0.013525488 0.997325480
1341846337.450137 0.065470956 0.079356752 -0.227385551 0.049056396 -0.054429684 0.014045492 0.997212887
1341846337.482096 0.069076672 0.079164147 -0.225196570 0.047668725 -0.054864068 0.014906425 0.997243881
1341846337.518008 0.071625993 0.076658309 -0.221299678 0.048627209 -0.055592757 0.015211432 0.997152686
1341846337.549978 0.072865009 0.082879640 -0.222248554 0.049196806 -0.056559674 0.013828166 0.997090518
1341846337.585971 0.073896758 0.079086252 -0.229542747 0.045923896 -0.056898832 0.013354804 0.997233748
1341846337.617903 0.075184084 0.072389677 -0.212692991 0.047133669 -0.057780087 0.014177122 0.997115254
1341846337.650141 0.078350872 0.080034591 -0.229910776 0.050001506 -0.058038238 0.013017503 0.996976376
1341846337.686352 0.082514241 0.082875729 -0.227016106 0.048108466 -0.058300782 0.014044954 0.997040272
1341846337.718002 0.084960461 0.080163628 -0.210689917 0.046303857 -0.057942599 0.013803321 0.997149944
1341846337.749920 0.079308897 0.086951934 -0.217821896 0.046480794 -0.055169534 0.012208775 0.997319818
1341846337.786157 0.084858179 0.091700368 -0.212316364 0.043485608 -0.053037863 0.012990313 0.997560620
1341846337.817945 0.087362118 0.087170064 -0.201659799 0.041027285 -0.051121641 0.014179258 0.997748613
1341846337.854071 0.091859877 0.090235069 -0.208156645 0.039699264 -0.048097815 0.014226989 0.997951984
1341846337.885951 0.082913235 0.096139200 -0.201639488 0.037038311 -0.044932775 0.011400248 0.998238087
1341846337.918223 0.086041801 0.096352279 -0.191641957 0.032859959 -0.043913353 0.008868387 0.998455405
1341846337.954120 0.082764693 0.093629226 -0.185815200 0.030454082 -0.042158980 0.008205963 0.998612940
1341846337.985994 0.089663796 0.100315027 -0.180404738 0.027907731 -0.041818600 0.009063989 0.998694241
1341846338.018107 0.090345666 0.097801022 -0.167613655 0.024593221 -0.040136583 0.009627715 0.998845100
1341846338.054055 0.098577656 0.102598548 -0.162393034 0.022399172 -0.039310291 0.009358406 0.998932123
1341846338.085986 0.099448837 0.102042094 -0.151163176 0.018888783 -0.036060952 0.008786542 0.999132395
1341846338.121875 0.097994052 0.096193671 -0.146158367 0.016579626 -0.033611350 0.010733334 0.999239802
1341846338.154089 0.090371504 0.097534865 -0.140639260 0.015957318 -0.032455944 0.013708520 0.999251723
1341846338.186029 0.097113281 0.097768955 -0.129922897 0.014647520 -0.033414628 0.016300092 0.999201298
1341846338.222071 0.103725567 0.098764725 -0.125409156 0.013309344 -0.032556720 0.016286705 0.999248564
1341846338.254107 0.102840699 0.097703628 -0.108116597 0.011640158 -0.030754484 0.016243776 0.999327183
1341846338.290130 0.110224068 0.096098229 -0.095832691 0.011904716 -0.031496543 0.018693453 0.999258161
1341846338.321952 0.108371250 0.096954100 -0.094298057 0.011613010 -0.030321438 0.021014085 0.999251783
1341846338.354022 0.103985593 0.099590585 -0.085194722 0.011592979 -0.029233655 0.020064360 0.999303997
1341846338.389969 0.105284460 0.106319167 -0.075522952 0.011570805 -0.028188165 0.020080855 0.999333918
1341846338.422377 0.109780185 0.103920884 -0.057986312 0.009530082 -0.028398274 0.020381998 0.999343455
1341846338.454010 0.109806463 0.105140075 -0.052536190 0.008484952 -0.028622117 0.019835465 0.999357462
1341846338.489894 0.114975199 0.100262597 -0.042176276 0.006340046 -0.029536387 0.020553352 0.999332249
1341846338.522066 0.112813316 0.100400694 -0.033526421 0.007456802 -0.028748658 0.019493533 0.999368787
1341846338.558058 0.109652951 0.108054034 -0.031013701 0.007222526 -0.028366754 0.018691579 0.999396741
1341846338.589842 0.119224720 0.106950611 -0.009766750 0.004879695 -0.029606475 0.018845836 0.999372065
1341846338.622019 0.114894018 0.105081327 -0.001164035 0.005828271 -0.027788950 0.019272294 0.999411047
1341846338.657984 0.117323689 0.104917683 -0.002587257 0.005573415 -0.028261116 0.021988710 0.999343157
1341846338.690198 0.124866530 0.112877399 0.013716491 0.004304997 -0.029538920 0.021417884 0.999324858
1341846338.722454 0.132231578 0.111967616 0.034643844 0.003924988 -0.028912159 0.021613413 0.999340594
1341846338.757945 0.124230191 0.115196556 0.036388587 0.003924035 -0.028435392 0.023475047 0.999312222
1341846338.790039 0.122035503 0.114873029 0.045420684 0.002024675 -0.029792551 0.022849053 0.999292850
1341846338.826048 0.125165224 0.112949304 0.056088358 0.002225921 -0.028727224 0.020803917 0.999368310
1341846338.858027 0.124914736 0.114732265 0.055068582 0.001858428 -0.027437149 0.020845700 0.999404430
1341846338.889902 0.126031294 0.111341506 0.063388735 -0.001198814 -0.028259622 0.020359814 0.999392509
1341846338.925948 0.130993977 0.116931707 0.079272270 -0.000540224 -0.027924616 0.017388716 0.999458611
1341846338.958108 0.129764438 0.117132559 0.091349356 -0.000380609 -0.025560049 0.016914209 0.999530137
1341846338.990057 0.132771119 0.115960471 0.099347338 0.000044064 -0.025916036 0.017888756 0.999504030
1341846339.025928 0.134099901 0.115897179 0.110808417 0.002017793 -0.024836371 0.017766502 0.999531627
1341846339.057939 0.148554921 0.119078360 0.132661596 0.004664091 -0.024047203 0.019571330 0.999508321
1341846339.093927 0.143978968 0.120643698 0.137207821 0.003207306 -0.024349060 0.021251706 0.999472439
1341846339.126562 0.150305584 0.126255348 0.146630690 0.000441649 -0.025578579 0.019409463 0.999484301
1341846339.157969 0.155097485 0.127893552 0.161928967 -0.001569806 -0.022994418 0.017380362 0.999583304
1341846339.194113 0.149704069 0.128188223 0.171016768 -0.004044842 -0.021461582 0.019753600 0.999566317
1341846339.228165 0.152704209 0.132519186 0.176186100 -0.007057750 -0.023658654 0.021327615 0.999467671
1341846339.257998 0.162935719 0.128271848 0.194231644 -0.010257388 -0.023843082 0.021704538 0.999427438
1341846339.294132 0.168060184 0.127910107 0.200063631 -0.010677238 -0.022047726 0.023047088 0.999434173
1341846339.326577 0.167286783 0.132263467 0.205923453 -0.014909978 -0.023985546 0.027051568 0.999234974
1341846339.362269 0.169085234 0.135605305 0.217815548 -0.017990300 -0.025807898 0.023272391 0.999234021
1341846339.394725 0.174103439 0.138209760 0.226682395 -0.018600550 -0.024022879 0.022809807 0.999278069
1341846339.462186 0.179378718 0.136642098 0.248105481 -0.022380784 -0.025143489 0.022186074 0.999186993
1341846339.496743 0.189710855 0.137014776 0.257721126 -0.019371446 -0.022225518 0.020550566 0.999354005
1341846339.562052 0.185198784 0.135116696 0.279447228 -0.018378969 -0.018300185 0.022439251 0.999411702
1341846339.595122 0.193183750 0.138657168 0.283505797 -0.015649801 -0.018110070 0.021542322 0.999481380
1341846339.632085 0.194666266 0.143429503 0.291374892 -0.013743031 -0.014195245 0.018694151 0.999630034
1341846339.664568 0.198481798 0.140439808 0.302532822 -0.014017634 -0.011692675 0.017104009 0.999687076
1341846339.698896 0.201376230 0.135886252 0.312341750 -0.014769813 -0.010976865 0.017112784 0.999684215
1341846339.731977 0.203253165 0.136824399 0.320771813 -0.014248254 -0.010530123 0.014733537 0.999734461
1341846339.762241 0.207524359 0.134904176 0.331552863 -0.014157764 -0.009391658 0.014951617 0.999743879
1341846339.797873 0.204916716 0.132088095 0.337191761 -0.014461209 -0.008347209 0.016209289 0.999729216
1341846339.830245 0.212801889 0.131349966 0.349072278 -0.014863363 -0.009771750 0.016540524 0.999704957
1341846339.862015 0.213050082 0.136014923 0.352948010 -0.014359900 -0.009204390 0.015592086 0.999732971
1341846339.897797 0.218379378 0.133384794 0.358015656 -0.015841346 -0.008458709 0.015556002 0.999717712
1341846339.929916 0.219692603 0.127925515 0.372191727 -0.016564535 -0.007368606 0.017336687 0.999685347
1341846339.961960 0.223208904 0.126515329 0.378542930 -0.015260587 -0.008148010 0.018166848 0.999685287
1341846339.997845 0.231543675 0.127015322 0.379824162 -0.014057860 -0.007862527 0.018625086 0.999696791
1341846340.029925 0.231414169 0.125721678 0.390442759 -0.013134175 -0.005107155 0.019802606 0.999704599
1341846340.066044 0.235142857 0.126686305 0.394036353 -0.010985809 -0.004160271 0.021050541 0.999709427
1341846340.098009 0.234085217 0.127692834 0.400097758 -0.010101623 -0.003151263 0.021351423 0.999716043
1341846340.130102 0.237132341 0.126582906 0.403500885 -0.010925490 -0.003470669 0.020568911 0.999722719
1341846340.166041 0.240907252 0.128026053 0.411228567 -0.009424050 -0.001220602 0.018352060 0.999786437
1341846340.197867 0.240217686 0.130254924 0.416953713 -0.008167848 0.001268209 0.018642217 0.999792039
1341846340.229904 0.239987537 0.132397592 0.426379204 -0.009153141 0.001325549 0.018245731 0.999790728
1341846340.265859 0.247729748 0.127248079 0.433078051 -0.010294570 0.001724543 0.017499128 0.999792397
1341846340.298061 0.248064652 0.132492363 0.442648292 -0.007215994 0.004258218 0.017241757 0.999816239
1341846340.334063 0.242868215 0.135704383 0.443582743 -0.008245989 0.003936721 0.020077098 0.999756694
1341846340.366064 0.250744611 0.128814280 0.452984780 -0.010625833 0.001319847 0.019210469 0.999758124
1341846340.397995 0.253392816 0.128019169 0.454257876 -0.008772511 0.001986930 0.018419446 0.999789894
1341846340.433895 0.258151323 0.128893569 0.461209118 -0.008262506 0.000872830 0.020395482 0.999757469
1341846340.465959 0.258644849 0.133374348 0.472192347 -0.006858102 -0.001164021 0.021274369 0.999749482
1341846340.501858 0.261902094 0.129702345 0.468675256 -0.006685192 -0.004728359 0.021584757 0.999733508
1341846340.534329 0.267757088 0.130646095 0.466404587 -0.006070980 -0.006518813 0.021211524 0.999735355
1341846340.566041 0.271849006 0.125892371 0.467168689 -0.005197686 -0.007770501 0.022216519 0.999709487
1341846340.601909 0.276593745 0.129738808 0.465139270 -0.002168711 -0.008520802 0.022357989 0.999711335
1341846340.634005 0.281457216 0.132438406 0.461526096 -0.001229572 -0.009543673 0.021140112 0.999730229
1341846340.666028 0.283782542 0.126502827 0.457659364 -0.002323887 -0.008994362 0.018914809 0.999777973
1341846340.701946 0.288456708 0.126534179 0.458466321 -0.000099065 -0.008053057 0.016856451 0.999825478
1341846340.733954 0.291389763 0.131742224 0.453149527 0.001656755 -0.006408409 0.014751921 0.999869287
1341846340.770081 0.289360851 0.134045646 0.455397159 0.001184091 -0.005705404 0.012458341 0.999905407
1341846340.801980 0.295085549 0.130392328 0.451628238 0.000780791 -0.005249163 0.007378553 0.999958694
1341846340.833999 0.293829501 0.133105129 0.448839724 0.000667336 -0.002595976 0.003535941 0.999990165
1341846340.870013 0.290607899 0.130330116 0.450518161 -0.001012916 -0.002339084 0.002434385 0.999993801
1341846340.901955 0.293902904 0.127277672 0.452202797 -0.000201976 -0.002974274 0.002024735 0.999993503
1341846340.933918 0.292114109 0.126877636 0.446204960 0.001487927 -0.003484692 0.004818518 0.999981165
1341846340.970122 0.288942158 0.125873655 0.442933410 0.002351465 -0.006002696 0.010383300 0.999925315
1341846341.001922 0.290100396 0.124568962 0.443019390 0.003706710 -0.010178328 0.015307484 0.999824166
1341846341.037923 0.292009652 0.126430303 0.438699633 0.005062574 -0.012634782 0.017037397 0.999762177
1341846341.070300 0.290421516 0.125548631 0.434136987 0.005544635 -0.013041773 0.017183870 0.999751925
1341846341.102028 0.287447542 0.126514509 0.432827562 0.005462763 -0.014007901 0.017159974 0.999739707
1341846341.137982 0.289919078 0.125934735 0.429876745 0.005710127 -0.016405143 0.017586596 0.999694407
1341846341.170048 0.292133629 0.127054051 0.430517673 0.006667915 -0.017073642 0.018074267 0.999668598
1341846341.202110 0.290449798 0.122297406 0.425098211 0.007366814 -0.016884379 0.019964121 0.999630988
1341846341.237996 0.292413384 0.123009503 0.424827993 0.009112638 -0.016991874 0.020981772 0.999593914
1341846341.269883 0.292227447 0.124223813 0.420334876 0.010356269 -0.016601317 0.021277353 0.999582112
1341846341.306107 0.294350356 0.121988274 0.417529464 0.010544056 -0.017671240 0.020746579 0.999572992
1341846341.338109 0.292226285 0.124565527 0.414309144 0.012007846 -0.016639125 0.017855246 0.999629974
1341846341.370120 0.291421175 0.124540418 0.414892554 0.012594163 -0.015316525 0.015414589 0.999684513
1341846341.406074 0.285692662 0.122951910 0.413424700 0.012235697 -0.014249256 0.014921989 0.999712229
1341846341.438113 0.287784308 0.118509345 0.414301842 0.013280223 -0.016413106 0.015101507 0.999663055
1341846341.470024 0.290883422 0.119207345 0.409735471 0.016012322 -0.016939623 0.013775550 0.999633372
1341846341.506077 0.286851674 0.127741531 0.411972642 0.016699605 -0.015757719 0.012576372 0.999657273
1341846341.538156 0.280642182 0.122446887 0.407357991 0.015425987 -0.016605057 0.012541459 0.999664426
1341846341.574016 0.288000911 0.120781153 0.406793594 0.016121250 -0.019900044 0.013154547 0.999585450
1341846341.612466 0.284733534 0.123029150 0.404561549 0.016653068 -0.020105250 0.014058820 0.999560297
1341846341.643972 0.282146692 0.125661224 0.401033998 0.016016169 -0.021177083 0.013141500 0.999561071
1341846341.679982 0.281927973 0.123933040 0.403702825 0.015721854 -0.022780491 0.013751846 0.999522269
1341846341.712332 0.277059883 0.123094998 0.399893105 0.016188700 -0.024294706 0.016629061 0.999435425
1341846341.744185 0.278057337 0.121618390 0.398360580 0.016352475 -0.026201297 0.018317450 0.999355078
1341846341.780061 0.281037152 0.125050694 0.395023614 0.017202957 -0.027371654 0.020431947 0.999268413
1341846341.842595 0.286065906 0.118705906 0.390917897 0.018888153 -0.028773710 0.025366502 0.999085486
1341846341.906227 0.285498321 0.114008099 0.387960792 0.022066483 -0.029104881 0.029389810 0.998900473
1341846341.942069 0.288315892 0.111378327 0.382379800 0.025207885 -0.029486435 0.031762682 0.998742282
1341846341.974775 0.286846340 0.114060298 0.379304767 0.028722033 -0.029325794 0.032795109 0.998618782
1341846342.010161 0.280503482 0.112491123 0.376707882 0.029042603 -0.029721249 0.034570683 0.998537958
1341846342.042024 0.296056032 0.103429504 0.372810215 0.029574523 -0.032359075 0.035682995 0.998401225
1341846342.080032 0.295413584 0.104500853 0.366831660 0.031617861 -0.029668458 0.036006056 0.998410583
1341846342.112265 0.294346541 0.102983922 0.366034210 0.031821106 -0.029175658 0.038069144 0.998342097
1341846342.147954 0.295997322 0.096092969 0.368023992 0.033623338 -0.030551150 0.040003937 0.998166203
1341846342.179852 0.298228204 0.102209061 0.367526531 0.037163652 -0.030238649 0.041309994 0.997996926
1341846342.211848 0.296428919 0.106147021 0.368344843 0.038375683 -0.029522313 0.041334506 0.997971535
1341846342.247920 0.295987397 0.100267723 0.367646337 0.038945824 -0.029077398 0.039431322 0.998039484
1341846342.279870 0.296254158 0.101602733 0.368818581 0.040458843 -0.028752398 0.040585186 0.997942507
1341846342.316068 0.296634704 0.102562539 0.364297211 0.041836936 -0.028568137 0.041709781 0.997844577
1341846342.347894 0.294006467 0.105913743 0.364139766 0.042693883 -0.028095331 0.041093517 0.997847259
1341846342.379953 0.302397639 0.103661709 0.363717794 0.042546097 -0.028755790 0.041696861 0.997809768
1341846342.416195 0.299453050 0.103469543 0.365199775 0.043115065 -0.028091392 0.042617030 0.997765362
