1341846313.592026 0.000000000 0.000000000 0.000000000 0.000000000 0.000000000 0.000000000 1.000000000
1341846313.654184 0.007754475 -0.002762970 -0.001375375 -0.001320530 -0.003408143 0.005805379 0.999976456
1341846313.686156 0.014231893 -0.000269613 0.002817627 0.000179107 -0.005553552 0.004727013 0.999973357
1341846313.721918 0.020601412 0.004088356 -0.000862917 0.000602462 -0.006666680 0.005577825 0.999962032
1341846313.753994 0.030299211 0.000165607 0.002747288 -0.000437523 -0.007703767 0.007056976 0.999945343
1341846313.789969 0.037643623 0.000875760 0.001593602 0.000814480 -0.008447479 0.005484984 0.999948919
1341846313.822075 0.048475128 0.007330883 -0.000952048 0.001548186 -0.008009546 0.004628968 0.999956012
1341846313.853928 0.057177939 0.004041935 0.002183484 0.000456134 -0.006347596 0.003935709 0.999971986
1341846313.890011 0.059734244 0.008484893 0.000857669 0.000799446 -0.004084037 0.004584434 0.999980807
1341846313.922055 0.073065184 0.011313332 -0.007305211 -0.000821132 -0.005118940 0.005026966 0.999973893
1341846313.957927 0.096933879 0.012426974 -0.002356432 -0.002608121 -0.003117217 0.005836226 0.999974668
1341846313.990058 0.078400254 0.008788019 0.003594254 -0.004342929 0.006357732 0.007400929 0.999942958
1341846314.022042 0.094863996 0.014735648 -0.002579103 -0.006085240 0.006407782 0.008933417 0.999921083
1341846314.057816 0.109955110 0.011602689 0.001542994 -0.009595529 0.007938676 0.010205277 0.999870360
1341846314.089801 0.113474101 0.012173085 0.012412964 -0.008470461 0.013753222 0.009135312 0.999827802
1341846314.122037 0.111640595 0.018671170 0.004961138 -0.009517972 0.018221896 0.013025105 0.999703825
1341846314.157989 0.122991592 0.015287667 0.011110459 -0.011800556 0.020607268 0.013148477 0.999631524
1341846314.190094 0.127021328 0.014585211 0.005684717 -0.011635443 0.024768563 0.014742239 0.999516785
1341846314.225969 0.138340250 0.021681447 0.009279422 -0.013756726 0.025529271 0.018913137 0.999400437
1341846314.257923 0.138566181 0.011130882 0.014629491 -0.016945841 0.028185083 0.018072767 0.999295652
1341846314.290052 0.146015346 0.010623123 0.011322505 -0.015741561 0.029108593 0.016594039 0.999314547
1341846314.325981 0.154820740 0.025859702 0.005356861 -0.014873627 0.029953875 0.015182209 0.999325335
1341846314.357905 0.163541004 0.027601834 0.016470212 -0.015002401 0.032525718 0.013584163 0.999265969
1341846314.389899 0.163703635 0.020516714 0.007198873 -0.014596811 0.035971247 0.012771192 0.999164641
1341846314.427905 0.175230980 0.028421376 0.004927315 -0.013805357 0.036934055 0.011662305 0.999154270
1341846314.493987 0.188339040 0.016556174 0.007073814 -0.014007641 0.046032656 0.004301898 0.998832464
1341846314.526085 0.193080112 0.017603906 -0.000676552 -0.013959081 0.047953747 0.002887965 0.998747826
1341846314.558292 0.195673332 0.021881480 0.002955617 -0.014485599 0.051393099 0.002677059 0.998569846
1341846314.594085 0.207524687 0.017081033 0.002611086 -0.013424826 0.055149339 0.002432977 0.998384893
1341846314.626096 0.207743019 0.022219965 -0.002780192 -0.012734512 0.059684690 0.004214487 0.998127162
1341846314.658455 0.217732131 0.020609517 0.000168582 -0.014983819 0.060966831 0.003973071 0.998019397
1341846314.694004 0.236289367 0.011920952 0.014732277 -0.015545987 0.063180633 0.003282850 0.997875631
1341846314.725910 0.228453189 0.003534748 0.017216330 -0.012436476 0.067618534 0.006331596 0.997613609
1341846314.761942 0.225783274 0.007510376 0.013467131 -0.008491846 0.068885647 0.010214148 0.997536123
1341846314.794030 0.239470780 0.005649483 0.012105320 -0.005785429 0.070003502 0.011205555 0.997466981
1341846314.826092 0.252284020 0.013720874 0.003366742 -0.002701817 0.073254257 0.012778130 0.997227788
1341846314.862145 0.267300516 0.013664450 -0.005700324 -0.002841008 0.075492084 0.015217516 0.997026205
1341846314.894072 0.272242159 0.010811521 -0.000090469 -0.003568369 0.079400979 0.016976546 0.996691823
1341846314.925969 0.273378581 0.016434947 -0.001169007 -0.002676236 0.082698114 0.019727465 0.996375799
1341846314.961937 0.281895965 0.026632939 0.002249300 -0.004958634 0.082384609 0.025723096 0.996256232
1341846314.994564 0.286791474 0.025748553 0.007268544 -0.008212285 0.082999311 0.023876643 0.996229708
1341846315.029900 0.295819581 0.024959527 0.010808676 -0.008423032 0.086246662 0.020239186 0.996032596
1341846315.061965 0.298327059 0.023615796 0.010347620 -0.009349289 0.088858791 0.025143059 0.995682955
1341846315.094388 0.305779099 0.019271402 0.006314021 -0.009438571 0.087240882 0.025174113 0.995824397
1341846315.129851 0.316286117 0.021426605 0.004933063 -0.007366790 0.086862937 0.024689965 0.995887041
1341846315.161941 0.315786332 0.044580225 -0.004908390 -0.007882854 0.086950839 0.027424870 0.995803833
1341846315.197984 0.310662597 0.043900173 -0.000181589 -0.014101507 0.085932754 0.022660188 0.995943367
1341846315.230076 0.321071476 0.038064189 0.002133097 -0.018372877 0.084189095 0.019229425 0.996094823
1341846315.262069 0.329760969 0.030674051 0.001116026 -0.022305174 0.080871001 0.023631761 0.996194720
1341846315.298000 0.333278030 0.026353097 0.011503585 -0.024782607 0.076849706 0.025434656 0.996410072
1341846315.329931 0.344502062 0.014875524 0.017323505 -0.022546554 0.074629322 0.026636461 0.996600509
1341846315.361981 0.352208734 0.014597619 0.002780892 -0.017434355 0.073413908 0.030489070 0.996682942
1341846315.397962 0.360975683 0.021268548 0.010355785 -0.013772492 0.073014714 0.034110289 0.996652246
1341846315.429923 0.367161751 0.022061916 0.005907353 -0.010557896 0.074912816 0.035730779 0.996493816
1341846315.466047 0.382617712 0.043118395 0.000932820 -0.006381400 0.076890469 0.039104015 0.996252000
1341846315.497883 0.378127754 0.044902638 0.000523694 -0.007001867 0.080715433 0.043080401 0.995781124
1341846315.530008 0.382466972 0.043035962 0.003648065 -0.007329790 0.081861228 0.044019602 0.995644152
1341846315.566108 0.382662714 0.045097988 0.000102937 -0.007955083 0.083509848 0.044444080 0.995483577
1341846315.597986 0.384833306 0.043580338 0.005989529 -0.008173632 0.084800884 0.043720573 0.995404661
1341846315.630109 0.387172163 0.042703677 0.004518822 -0.008139385 0.085837029 0.042268485 0.995378911
1341846315.666042 0.389556885 0.046137612 -0.009718720 -0.008920821 0.087247118 0.042310640 0.995247841
1341846315.698114 0.396566659 0.055593532 -0.014625084 -0.012887896 0.089621224 0.040875666 0.995053351
1341846315.733985 0.385618240 0.039016839 0.000656284 -0.017571636 0.094008252 0.041841939 0.994536579
1341846315.766041 0.379249871 0.043388914 0.002991654 -0.016732937 0.092299581 0.042755350 0.994672239
1341846315.798188 0.381434500 0.040155087 -0.000000648 -0.017978853 0.091321029 0.041472312 0.994795084
1341846315.834140 0.378185898 0.034903485 0.007073410 -0.017511584 0.093851283 0.040224422 0.994619131
1341846315.866751 0.375603527 0.031885657 0.002925657 -0.015559077 0.095490985 0.039861143 0.994510174
1341846315.898492 0.370565295 0.033170681 0.006682485 -0.014019712 0.096360832 0.038752798 0.994492948
1341846315.936901 0.368472070 0.027570568 0.012565657 -0.011985169 0.098090455 0.037723970 0.994390011
1341846315.966572 0.365047306 0.029954029 0.012515835 -0.008269229 0.099393293 0.037384216 0.994311333
1341846316.034204 0.347370476 0.025370315 0.003401950 -0.005076097 0.100657158 0.035494108 0.994274914
1341846316.066113 0.340382457 0.025754724 0.009652488 -0.002440664 0.100884587 0.035493743 0.994261801
1341846316.101867 0.333503008 0.028429963 0.002336092 -0.000991510 0.099618874 0.037987605 0.994299769
1341846316.134066 0.321344614 0.019315455 0.009856038 -0.003646691 0.097570688 0.031425022 0.994725704
1341846316.202049 0.306936473 0.012122712 0.010959156 -0.003841412 0.093346424 0.028061856 0.995230734
1341846316.233979 0.298959941 0.015161038 0.003626555 -0.002878921 0.092652358 0.024806643 0.995385289
1341846316.270052 0.290224880 0.012516526 -0.008795481 -0.004235134 0.094634667 0.021766454 0.995265126
1341846316.301915 0.287169576 0.001722602 -0.001205228 -0.005301696 0.095304154 0.021054309 0.995211422
1341846316.334208 0.281649947 0.002924962 -0.000594907 -0.003461399 0.094499238 0.022999190 0.995253205
1341846316.370006 0.275139987 0.000263724 -0.000512425 -0.001448956 0.093377396 0.022719424 0.995370448
1341846316.401994 0.264921308 -0.000331918 -0.002641089 -0.000006641 0.093464583 0.024933349 0.995310366
1341846316.438069 0.261657000 -0.002471803 0.001517206 0.002223152 0.092624128 0.027178774 0.995327652
1341846316.470076 0.244315132 -0.002121115 0.002684206 0.006859451 0.093476772 0.028383402 0.995193183
1341846316.502034 0.234600529 0.010394483 -0.007554714 0.009986618 0.091160372 0.030376593 0.995322704
1341846316.537975 0.234561354 0.011415660 -0.010915708 0.007145742 0.086793058 0.029628828 0.995760024
1341846316.570121 0.231586531 0.000616868 -0.003097579 0.005959990 0.086381227 0.027005197 0.995878220
1341846316.601885 0.225215107 -0.001809659 -0.002575308 0.007849720 0.085861683 0.025579106 0.995947719
1341846316.638009 0.211771339 -0.006743857 -0.001460616 0.009875499 0.085370995 0.026027991 0.995960236
1341846316.669925 0.212173685 -0.009255014 0.000700716 0.011808165 0.083974063 0.026409196 0.996047914
1341846316.705941 0.196168959 -0.013474703 -0.002722399 0.016095771 0.085331202 0.025564551 0.995894551
1341846316.738062 0.184980288 0.000125062 -0.006939264 0.019598892 0.084769666 0.029080061 0.995783269
1341846316.770433 0.178685829 0.002895189 -0.009408096 0.019004982 0.083790541 0.029788639 0.995856702
1341846316.805932 0.165870890 -0.005237989 -0.003701111 0.018992804 0.084824815 0.027348202 0.995839417
1341846316.838029 0.158389062 -0.003875625 0.003445048 0.020249955 0.083338536 0.029232541 0.995886564
1341846316.870034 0.145176575 -0.008474084 0.008250231 0.020294718 0.080680527 0.030103697 0.996078551
1341846316.906344 0.144635096 -0.006653673 -0.001029043 0.021490656 0.076733924 0.030967524 0.996338844
1341846316.937940 0.139523059 -0.003323439 -0.003985235 0.021825152 0.075430036 0.027673066 0.996528089
1341846316.973994 0.125919595 0.000437035 0.000866620 0.021482583 0.074408889 0.027575374 0.996614993
1341846317.005913 0.118444175 -0.004231111 0.001401952 0.019930622 0.071631208 0.027973209 0.996839643
1341846317.037936 0.114687227 -0.007484453 0.005716611 0.020123512 0.068862639 0.027338464 0.997048438
1341846317.073972 0.114706472 -0.008230666 0.006523009 0.021321321 0.066493101 0.028868841 0.997141242
1341846317.106113 0.093331970 -0.028836915 -0.018038055 0.021485884 0.066255346 0.032796573 0.997032046
1341846317.137887 0.083269931 -0.026279103 -0.019529002 0.024884339 0.060607664 0.037079781 0.997162223
1341846317.173970 0.079947859 -0.026371231 -0.022929281 0.025747599 0.052424695 0.039315861 0.997518420
1341846317.205887 0.080792144 -0.014506768 0.007090362 0.027692681 0.050163213 0.042382516 0.997457027
1341846317.248131 0.071322322 -0.016475338 0.008203964 0.028815245 0.047599819 0.044151902 0.997474074
1341846317.306289 0.056850504 -0.019281378 0.015409304 0.029776363 0.042260576 0.045823455 0.997610927
1341846317.348137 0.055875093 -0.023993641 0.016383834 0.030493684 0.043002952 0.047288191 0.997489214
1341846317.410120 0.037398692 -0.014296757 0.010730363 0.033458699 0.042439085 0.053215511 0.997119606
1341846317.442569 0.030445663 -0.027968969 0.003838571 0.035012249 0.043709584 0.056490652 0.996831179
1341846317.474010 0.026097529 -0.027289324 0.011030715 0.040693186 0.043686133 0.059841383 0.996420860
1341846317.509927 0.011387262 -0.017158825 0.013736743 0.044300549 0.041825369 0.061493684 0.996246278
1341846317.542282 0.009098354 -0.015605824 0.015589464 0.043646704 0.038560387 0.063192561 0.996300578
1341846317.573943 -0.003833139 -0.019258635 0.020357050 0.042151511 0.041621562 0.058775946 0.996512055
1341846317.610159 -0.012229342 -0.024665030 0.021787571 0.044293955 0.043731228 0.059579503 0.996281028
1341846317.643553 -0.020134721 -0.015787240 0.009942149 0.048446227 0.042059846 0.063700184 0.995904684
1341846317.677993 -0.026826462 -0.017904056 0.016788447 0.048990857 0.038530156 0.065926552 0.995876014
1341846317.709996 -0.035954747 -0.013077368 0.028241970 0.052389715 0.036362100 0.065733314 0.995797276
1341846317.741834 -0.040099151 -0.005832697 0.028390495 0.052959237 0.035142269 0.065880649 0.995801210
1341846317.777923 -0.053566735 -0.014774261 0.025558166 0.049605265 0.034802984 0.064279735 0.996090472
1341846317.810021 -0.070588559 -0.018784244 0.031475641 0.048749149 0.034580998 0.061029542 0.996344805
1341846317.841886 -0.083496734 -0.015780460 0.014116451 0.049045090 0.034623444 0.060912192 0.996336043
1341846317.878017 -0.087741584 -0.013420383 0.020945525 0.046405483 0.033197042 0.054995179 0.996855080
1341846317.909910 -0.081753619 -0.013559015 0.019374615 0.046261504 0.032845978 0.053557221 0.996951699
1341846317.946031 -0.092226565 -0.016366525 0.021240437 0.047388978 0.034062762 0.055784199 0.996735752
1341846317.978041 -0.104116149 -0.021955520 0.023973314 0.048966192 0.033130944 0.054977573 0.996735692
1341846318.009897 -0.105702683 -0.017261997 0.020066191 0.051708218 0.033106212 0.053143512 0.996697545
1341846318.045949 -0.117543735 -0.012869624 0.020639237 0.052324228 0.034355972 0.052439976 0.996660411
1341846318.078074 -0.135444120 -0.017271509 0.017267307 0.051101170 0.033954840 0.050057013 0.996860087
1341846318.109894 -0.148485988 -0.014028977 0.020334464 0.050766855 0.030025370 0.046120420 0.997193098
1341846318.145957 -0.158760607 -0.016700165 0.035733804 0.049368121 0.029537823 0.043106310 0.997412741
1341846318.178001 -0.151186556 -0.016559580 0.027984848 0.049110703 0.028033435 0.041358057 0.997542858
1341846318.214074 -0.164054081 -0.025297875 0.010745268 0.049014512 0.026143041 0.041786280 0.997581065
1341846318.245970 -0.172623247 -0.029113168 0.038884055 0.051816728 0.020557383 0.042387471 0.997544885
1341846318.278018 -0.172322303 -0.021890413 0.045066774 0.056999091 0.014840350 0.044315189 0.997279823
1341846318.313937 -0.195451811 -0.019110411 0.057085991 0.059118219 0.011368301 0.040572353 0.997361362
1341846318.345989 -0.200197756 -0.026543256 0.063072659 0.059507534 0.001977022 0.039330341 0.997450769
1341846318.382046 -0.210502535 -0.036770664 0.027675375 0.059841722 -0.005793895 0.041331738 0.997334957
1341846318.414072 -0.213292956 -0.033616859 0.022281872 0.062162235 -0.014017997 0.042617399 0.997057199
1341846318.446035 -0.227972999 -0.034233682 0.039352220 0.064432822 -0.017603232 0.040079191 0.996961474
1341846318.482196 -0.237360418 -0.033895977 0.031888902 0.065421335 -0.019191701 0.038939089 0.996912956
1341846318.514144 -0.246410593 -0.031649750 0.034465376 0.066044502 -0.020327469 0.040504009 0.996787012
1341846318.546259 -0.244328886 -0.032845236 0.039570592 0.067767233 -0.022516815 0.039787099 0.996653199
1341846318.582042 -0.250681579 -0.026718181 0.034392450 0.070076644 -0.022660550 0.040696718 0.996453464
1341846318.614115 -0.265856534 -0.024348795 0.027517499 0.069773190 -0.022240680 0.038752902 0.996561706
1341846318.650038 -0.278262883 -0.025937418 0.018815525 0.068898655 -0.022464188 0.034270588 0.996781766
1341846318.682350 -0.291661888 -0.023887582 0.018119421 0.068881147 -0.022237234 0.032085266 0.996860802
1341846318.714063 -0.292179316 -0.027561033 0.021638844 0.068042733 -0.024614494 0.033135906 0.996828079
1341846318.749905 -0.299996376 -0.029247848 0.021353593 0.069078431 -0.024417846 0.034752503 0.996706665
1341846318.782036 -0.315324336 -0.032206733 0.011824347 0.070224501 -0.024649212 0.036835704 0.996546090
1341846318.814121 -0.333049357 -0.030621786 0.035950191 0.070259579 -0.028735038 0.035422090 0.996485412
1341846318.850072 -0.340780616 -0.037135396 0.020813223 0.070353083 -0.034723137 0.033319678 0.996360660
1341846318.883516 -0.354352206 -0.044887818 0.020966548 0.072364181 -0.040259644 0.031920653 0.996054053
1341846318.918047 -0.339809030 -0.032773942 0.023636494 0.076742493 -0.056995604 0.030717073 0.994946539
1341846318.950044 -0.375947833 -0.047641940 0.000443626 0.077567615 -0.062915131 0.027763516 0.994612575
1341846318.982028 -0.380946875 -0.047305331 -0.001551386 0.078824192 -0.066908583 0.025422951 0.994315684
1341846319.018123 -0.390373111 -0.041464888 -0.004240006 0.078968808 -0.073271200 0.025240295 0.993860245
1341846319.050745 -0.394958824 -0.050142393 0.002496742 0.080465555 -0.078889899 0.022407144 0.993377864
1341846319.081905 -0.390310794 -0.043516017 -0.007372010 0.085983217 -0.080030441 0.021149227 0.992851794
1341846319.117976 -0.407333732 -0.034528594 -0.004257672 0.088915944 -0.078975894 0.026254691 0.992556036
1341846319.150093 -0.420934945 -0.040667307 -0.010742437 0.090177402 -0.082860306 0.033681013 0.991901100
1341846319.186069 -0.409661621 -0.021607950 -0.011569820 0.093084022 -0.084397502 0.033727881 0.991501331
1341846319.218149 -0.412742823 -0.016641911 -0.018864244 0.089402542 -0.079449281 0.032492638 0.992289901
1341846319.250034 -0.425919414 -0.012380118 -0.014737021 0.084372826 -0.072983257 0.031114612 0.993270636
1341846319.286594 -0.435009927 -0.027135028 -0.017372835 0.081320129 -0.069722518 0.035026319 0.993629158
1341846319.318034 -0.442289203 -0.023610041 0.018717460 0.082102545 -0.069581546 0.039468616 0.993408203
1341846319.350268 -0.462629467 -0.022233475 0.018805288 0.083501756 -0.068242125 0.044935491 0.993152201
1341846319.386163 -0.470412701 -0.028182464 0.018835470 0.084856927 -0.072804525 0.053026952 0.992313921
1341846319.418386 -0.471193284 -0.026112828 0.000062875 0.085592806 -0.078218661 0.054409195 0.991763711
1341846319.453961 -0.473931104 -0.023850422 0.008891433 0.086444356 -0.080580264 0.051044408 0.991679728
1341846319.486271 -0.487398386 -0.025453582 -0.002892695 0.085256852 -0.079842679 0.049552351 0.991917849
1341846319.554083 -0.501139104 -0.023435339 0.000660472 0.080206133 -0.086323150 0.048782997 0.991834402
1341846319.586296 -0.514606118 -0.028158413 -0.004842795 0.080193281 -0.085280441 0.044896722 0.992109179
1341846319.622031 -0.534223914 -0.024539087 -0.014371485 0.079209253 -0.088182941 0.041643426 0.992076337
1341846319.653962 -0.538013041 -0.032220751 0.002647631 0.078145713 -0.093730308 0.040801123 0.991687059
1341846319.686352 -0.545977771 -0.035226490 -0.003762737 0.079481386 -0.097304776 0.043340467 0.991128743
1341846319.721992 -0.548131883 -0.026058158 -0.001248308 0.080999464 -0.102045245 0.043569416 0.990518868
1341846319.754063 -0.561924160 -0.012920400 -0.009259783 0.078895055 -0.103311084 0.042383239 0.990608990
1341846319.786397 -0.561419785 -0.019451421 -0.000477783 0.073737226 -0.103981726 0.047101609 0.990723014
1341846319.822008 -0.571622849 -0.016232772 -0.005448982 0.070781514 -0.104300655 0.050718367 0.990726471
1341846319.853917 -0.573949099 -0.016407145 -0.007100753 0.065767854 -0.105423778 0.054674111 0.990742743
1341846319.889942 -0.576757073 -0.029607175 0.001091771 0.061511394 -0.106192127 0.059952620 0.990628779
1341846319.922039 -0.583445311 -0.040821895 -0.005045682 0.060257591 -0.110592611 0.061695565 0.990117192
1341846319.953946 -0.583928406 -0.040726803 0.004500955 0.061467309 -0.116797708 0.058098968 0.989547670
1341846319.990054 -0.582383037 -0.038117141 0.000373080 0.064316869 -0.120080084 0.051688801 0.989329278
1341846320.028122 -0.586368680 -0.039304622 -0.002427891 0.066295221 -0.123476677 0.050360620 0.988848984
1341846320.090047 -0.568537533 -0.029110221 0.003904626 0.072145246 -0.131697640 0.050323203 0.987379551
1341846320.122011 -0.560003638 -0.025921186 0.003110558 0.073032312 -0.129723266 0.051114079 0.987535059
1341846320.157952 -0.554852784 -0.029961379 0.000682622 0.073091015 -0.126994386 0.051291976 0.987876117
1341846320.190003 -0.543078899 -0.035852015 0.002741218 0.075671248 -0.123681188 0.049327951 0.988202155
1341846320.221941 -0.536095023 -0.035394594 0.011849329 0.079621963 -0.120494708 0.050759967 0.988212883
1341846320.258015 -0.525422096 -0.042389117 0.003147654 0.083109409 -0.119823709 0.053560432 0.987859547
1341846320.289887 -0.515219569 -0.051579107 0.009922713 0.087897047 -0.120833583 0.054020651 0.987296879
1341846320.321954 -0.503128529 -0.047672972 0.009824395 0.097468823 -0.122123770 0.053185612 0.986284375
1341846320.357890 -0.485511214 -0.032400064 0.019454069 0.103744477 -0.122385554 0.055333085 0.985493302
1341846320.390064 -0.477947861 -0.030047964 0.027463689 0.105454378 -0.118667617 0.055552106 0.985754192
1341846320.426544 -0.452764928 -0.037043765 0.012866214 0.107626930 -0.111769743 0.050804079 0.986581445
1341846320.458122 -0.450079292 -0.046650160 0.019936778 0.107769191 -0.104454905 0.049019668 0.987457335
1341846320.490186 -0.442067921 -0.049332935 0.021901593 0.111537874 -0.096979454 0.046488024 0.987923682
1341846320.525911 -0.424166739 -0.048386212 0.025876097 0.114750177 -0.089902215 0.045945615 0.988250494
1341846320.558091 -0.409345597 -0.046608396 0.017274544 0.115698405 -0.086547568 0.042952072 0.988573968
1341846320.594093 -0.393058747 -0.045671307 0.028300092 0.117024548 -0.082080498 0.039147675 0.988956809
1341846320.631955 -0.378757328 -0.045557186 0.026296079 0.119791806 -0.074340917 0.037850644 0.989287972
1341846320.664916 -0.367027789 -0.040034108 0.021039069 0.119947165 -0.072174266 0.036448125 0.989482284
1341846320.699927 -0.363165826 -0.039553270 0.005575713 0.120199673 -0.067036010 0.033987496 0.989900529
1341846320.731822 -0.336383909 -0.036063641 0.026038118 0.122253589 -0.062374003 0.034640323 0.989931107
1341846320.763877 -0.339565516 -0.018664576 0.011001866 0.119459510 -0.061001100 0.035222057 0.990337193
1341846320.799999 -0.324759245 -0.034712061 0.026798479 0.112394504 -0.062893935 0.030628612 0.991198123
1341846320.831871 -0.271544904 -0.036249880 0.004758310 0.114897758 -0.053121082 0.026657315 0.991597712
1341846320.863887 -0.326271057 -0.022773497 0.019771526 0.113683134 -0.041579183 0.026268000 0.992299020
1341846320.900014 -0.307756662 -0.035504475 0.014577243 0.105794936 -0.046997886 0.031973224 0.992761970
1341846320.931889 -0.275904000 -0.043474887 0.015235949 0.106804118 -0.047939114 0.030834725 0.992644906
1341846320.967866 -0.279299229 -0.016282476 0.014702596 0.107678577 -0.041593250 0.026954712 0.992949545
1341846321.000017 -0.275355965 -0.021911895 0.019867174 0.101459801 -0.041339438 0.025093213 0.993663609
1341846321.031860 -0.253819942 -0.035125136 0.017038848 0.098618180 -0.041583624 0.023563739 0.993976891
1341846321.068047 -0.248958424 -0.028704407 0.015329564 0.099323146 -0.037851084 0.020864788 0.994116127
1341846321.099840 -0.245643929 -0.029152058 0.013827110 0.096866772 -0.036368642 0.021631807 0.994397461
1341846321.131821 -0.220986888 -0.039422378 0.023799418 0.096867554 -0.035680164 0.023312934 0.994384348
1341846321.167887 -0.216075078 -0.035432335 0.017544493 0.099601105 -0.031475153 0.023866115 0.994243085
1341846321.200042 -0.210804611 -0.032853641 0.018266825 0.099971421 -0.028941762 0.023801057 0.994284511
1341846321.231950 -0.201183140 -0.041093610 0.015009604 0.098668739 -0.028132537 0.022589926 0.994466066
1341846321.267939 -0.185863554 -0.034168333 0.010313677 0.099678151 -0.026210023 0.017208295 0.994525671
1341846321.299948 -0.178163439 -0.036627039 0.015978131 0.098224461 -0.021761013 0.011705967 0.994857490
1341846321.331858 -0.175888985 -0.039160617 0.018636625 0.098286502 -0.018706167 0.007928032 0.994950771
1341846321.367913 -0.154517844 -0.045795485 0.018063545 0.099310063 -0.016934967 0.004599408 0.994901776
1341846321.399897 -0.150184870 -0.040870719 0.016455261 0.101442002 -0.011473376 0.003084181 0.994770527
1341846321.435994 -0.146985143 -0.041670270 0.030423451 0.103231035 -0.007821784 0.002164229 0.994624317
1341846321.467946 -0.134804323 -0.043806002 0.023186965 0.104770333 -0.005678941 0.003388580 0.994474471
1341846321.499882 -0.124228656 -0.042994056 0.025720766 0.106210478 -0.002634447 0.004027989 0.994332075
1341846321.536109 -0.094610818 -0.032543872 0.021919392 0.106528066 0.000997397 0.000577370 0.994309008
1341846321.568960 -0.107310250 -0.023301225 0.037054021 0.104153879 0.008915354 -0.002425000 0.994518280
1341846321.603938 -0.100467965 -0.031820819 0.031920183 0.100186102 0.011155712 -0.002068023 0.994904041
1341846321.637163 -0.063550219 -0.026545258 0.006354807 0.097597122 0.013870792 -0.001840118 0.995127678
1341846321.668306 -0.077360548 -0.023356881 0.042578917 0.093669921 0.024664830 0.000834088 0.995297432
1341846321.704411 -0.092904955 -0.027385315 0.045900349 0.090266928 0.026970165 0.008113910 0.995519340
1341846321.736861 -0.081179343 -0.025020052 0.050246771 0.089396797 0.024093246 0.016126437 0.995574057
1341846321.771881 -0.068037108 -0.012099762 0.042302463 0.087221190 0.023791855 0.020973885 0.995683908
1341846321.804114 -0.059676155 -0.017227935 0.045219257 0.082601376 0.025892781 0.023999134 0.995957136
1341846321.836152 -0.062402792 -0.009043653 0.048904024 0.080125719 0.028784407 0.023608221 0.996089339
1341846321.871882 -0.056310277 0.001091410 0.049191557 0.075611025 0.029700415 0.021551816 0.996461928
1341846321.904074 -0.047122438 -0.003845677 0.046347395 0.068731666 0.030550843 0.018221959 0.997000813
1341846321.939847 -0.045021754 -0.006509910 0.058641154 0.064781375 0.033795998 0.015898816 0.997200310
1341846322.004094 -0.051080205 -0.011100134 0.060976058 0.057824682 0.032194003 0.015813719 0.997682214
1341846322.066178 -0.032979153 -0.018516148 0.058584411 0.052694924 0.036317788 0.012601432 0.997870445
1341846322.107979 -0.038625594 -0.034969304 0.059245564 0.049660712 0.038947742 0.011352944 0.997941911
1341846322.166164 -0.034990847 -0.054861516 0.059218489 0.052671373 0.038176589 0.011284566 0.997818112
1341846322.202932 -0.034505039 -0.059144896 0.056243345 0.054105081 0.035861641 0.011810442 0.997821152
1341846322.234093 -0.034463134 -0.060949527 0.056539834 0.053313702 0.034424353 0.009752952 0.997936606
1341846322.265941 -0.033652931 -0.070091307 0.057788193 0.050630774 0.031431381 0.010972920 0.998162389
1341846322.301996 -0.024628997 -0.084086880 0.057535984 0.048658870 0.028991878 0.011294758 0.998330712
1341846322.333949 -0.033254068 -0.102915585 0.048469722 0.046961550 0.027470918 0.011114924 0.998457015
1341846322.369871 -0.025498874 -0.118412994 0.051537551 0.047604490 0.021828188 0.007527451 0.998599410
1341846322.402292 -0.003323469 -0.132518053 0.044392217 0.049120162 0.021567795 0.002248088 0.998557448
1341846322.433955 -0.018563526 -0.155576363 0.052236378 0.054667849 0.024706943 -0.001854844 0.998197138
1341846322.470030 -0.020302704 -0.157490164 0.056572929 0.063891977 0.020385042 0.002043789 0.997746527
1341846322.502433 -0.011275363 -0.187452078 0.047954805 0.067225829 0.016792553 0.003908169 0.997588813
1341846322.534002 -0.008773326 -0.197089761 0.045837428 0.076093346 0.016795043 0.004251842 0.996950150
1341846322.570196 -0.008335520 -0.208490476 0.055891976 0.085828066 0.016140208 0.006364579 0.996158898
1341846322.601920 -0.016492566 -0.216518164 0.045754328 0.091524072 0.014000110 0.009839842 0.995655835
1341846322.638119 0.000986711 -0.223497227 0.056454133 0.097588055 0.009350009 0.009502494 0.995137632
1341846322.669947 0.011270325 -0.234692782 0.051960640 0.101443790 0.012020998 0.008628665 0.994731188
1341846322.702026 0.002638188 -0.247364983 0.054689217 0.103798233 0.013996983 0.011461848 0.994433820
1341846322.738006 0.002025570 -0.242177859 0.057386801 0.106215000 0.011517293 0.011691379 0.994207740
1341846322.770087 0.012495567 -0.264026523 0.057602465 0.105524100 0.011629344 0.012352448 0.994272053
1341846322.806047 0.002599008 -0.272844106 0.060153004 0.109291472 0.012143359 0.014165236 0.993834615
1341846322.838063 0.000717371 -0.275791526 0.059775874 0.111441843 0.007613798 0.016283646 0.993608356
1341846322.870081 0.007292867 -0.290263474 0.064139940 0.113257982 0.002362845 0.017514514 0.993408382
1341846322.906018 0.017268335 -0.294281065 0.071300246 0.118330404 0.000324079 0.017881587 0.992813170
1341846322.938349 0.015545582 -0.277958840 0.072402105 0.119775407 0.001462370 0.018982004 0.992618442
1341846322.970069 0.016898131 -0.284657419 0.072324388 0.114732377 0.000996618 0.020566061 0.993183017
1341846323.011820 0.019135579 -0.298637003 0.078034960 0.112157226 0.001420914 0.021070490 0.993466020
1341846323.073951 0.019320225 -0.298593581 0.079940453 0.109455548 0.001110358 0.025631536 0.993660510
1341846323.105962 0.022386046 -0.319794506 0.079187587 0.105949096 0.001034761 0.025115151 0.994053781
1341846323.138158 0.021432461 -0.321293235 0.081209272 0.106761716 0.001137992 0.021549847 0.994050443
1341846323.174092 0.019383609 -0.322741747 0.076781824 0.104637504 0.000825493 0.020611251 0.994296432
1341846323.206059 0.029162066 -0.329121262 0.078083977 0.101712584 -0.000350986 0.018234627 0.994646609
1341846323.238053 0.032143008 -0.329778135 0.082041614 0.099399216 0.002657466 0.015999090 0.994915426
1341846323.273997 0.012124680 -0.331495523 0.073781893 0.095486499 0.004040813 0.016123200 0.995291948
1341846323.305946 0.017438594 -0.344687909 0.081205115 0.089602463 -0.000061329 0.017146789 0.995829999
1341846323.342027 0.043447427 -0.363085300 0.083648264 0.087071396 0.000227543 0.015601544 0.996079862
1341846323.374048 0.021816827 -0.369749904 0.084760107 0.087469794 0.004929739 0.017415237 0.996002734
1341846323.405987 0.010480758 -0.379690528 0.072522245 0.087541461 0.001146856 0.022160735 0.995913684
1341846323.441956 0.023586657 -0.387929052 0.085236020 0.088838831 -0.003564896 0.024230363 0.995744824
1341846323.473878 0.026683044 -0.398968399 0.086733840 0.092744224 -0.002290604 0.022474820 0.995433629
1341846323.506129 0.021276224 -0.395256490 0.079699792 0.095503427 -0.002037248 0.020406000 0.995217800
1341846323.541972 0.033241905 -0.397648275 0.076911144 0.093918622 -0.002959173 0.019028625 0.995393574
1341846323.573913 0.059039216 -0.418625176 0.073958069 0.092313848 -0.000059663 0.013349775 0.995640457
1341846323.609927 0.037390999 -0.413724184 0.076280370 0.093397379 0.007425428 0.009528058 0.995555580
1341846323.642014 0.021810679 -0.424273521 0.076840542 0.092108876 0.009966339 0.009934347 0.995649457
1341846323.674081 0.022887662 -0.435607523 0.078424752 0.092150629 0.007887835 0.012356970 0.995637119
1341846323.710069 0.024416063 -0.452122837 0.073435172 0.093284890 0.006760275 0.016893037 0.995473146
1341846323.742111 0.026433762 -0.464648008 0.071910881 0.097385660 0.004467746 0.017718557 0.995078921
1341846323.774928 0.025574127 -0.460720003 0.068636246 0.101311356 0.002347798 0.014509752 0.994746149
1341846323.810012 0.026241461 -0.464419276 0.071024969 0.102889806 0.001085955 0.010749515 0.994634092
1341846323.842207 0.031675480 -0.467634648 0.067783840 0.104332507 0.001074978 0.005899729 0.994524360
1341846323.878019 0.022476066 -0.481153756 0.062751733 0.104755595 0.000816605 0.001509200 0.994496524
1341846323.909826 0.024218706 -0.494668663 0.064912088 0.106820136 -0.000878571 -0.001206340 0.994277239
1341846323.942459 0.019247398 -0.491230935 0.062537126 0.111092754 -0.000672559 -0.002296884 0.993807137
1341846323.978055 0.013424234 -0.495318830 0.059616715 0.113305844 -0.003151544 -0.000223136 0.993555129
1341846324.015934 0.023877580 -0.500066757 0.062798999 0.116795890 -0.005868097 -0.000415251 0.993138552
1341846324.047722 0.026421376 -0.489876479 0.055002101 0.120793402 -0.004450869 -0.001624579 0.992666364
1341846324.083904 0.025349090 -0.478352457 0.057643391 0.120982267 -0.002924102 -0.002196287 0.992647946
1341846324.115968 0.027480124 -0.477100670 0.060026884 0.118722484 -0.001322897 -0.004224408 0.992917597
1341846324.151967 0.035309441 -0.469802618 0.055911720 0.118445672 0.000998035 -0.007771814 0.992929637
1341846324.183941 0.027885977 -0.450701714 0.065111361 0.116587386 0.005510998 -0.011277244 0.993101120
1341846324.219984 0.023634695 -0.451485574 0.064728230 0.111993834 0.007416748 -0.010626371 0.993624389
1341846324.251968 0.019199103 -0.452682614 0.067395866 0.111250430 0.007689307 -0.011106035 0.993700564
1341846324.284052 0.014427805 -0.439915240 0.071794771 0.112018637 0.007253458 -0.011894446 0.993608415
1341846324.319880 0.008221243 -0.427080840 0.071252577 0.110778220 0.004035955 -0.012974118 0.993752301
1341846324.351917 0.011373662 -0.406539530 0.082463823 0.108122543 0.000452490 -0.013394611 0.994047225
1341846324.388001 0.021830484 -0.401140839 0.075097956 0.103747033 0.000072988 -0.017424909 0.994451046
1341846324.419908 0.019475808 -0.388139367 0.076060720 0.099340074 0.002439698 -0.021255774 0.994823456
1341846324.452027 0.015700623 -0.389166355 0.078338936 0.094524905 0.002827764 -0.021101793 0.995294809
1341846324.487928 0.014983097 -0.383957446 0.081396692 0.092797406 0.002219020 -0.018432079 0.995511889
1341846324.519985 0.002681336 -0.374121934 0.076214798 0.091789953 0.000781603 -0.014403451 0.995673895
1341846324.556001 0.003755227 -0.355447978 0.076877326 0.090397425 -0.004456711 -0.009911579 0.995846450
1341846324.587888 0.006481078 -0.343044937 0.080671169 0.087009870 -0.007667281 -0.008137678 0.996144712
1341846324.620086 0.008004775 -0.339320689 0.082462631 0.084708676 -0.010199526 -0.010541025 0.996297777
1341846324.655955 0.011823723 -0.324936628 0.082820565 0.083792068 -0.011402550 -0.011409633 0.996352673
1341846324.688082 0.008615525 -0.323855162 0.088520408 0.082842857 -0.011105357 -0.010542279 0.996445000
1341846324.755922 -0.004252217 -0.287642241 0.083497584 0.084558666 -0.013923204 -0.006776294 0.996298194
1341846324.814016 0.013040362 -0.248028919 0.084598958 0.080226123 -0.020341733 -0.010053691 0.996518373
1341846324.849979 0.001747828 -0.245026588 0.094265103 0.073989652 -0.016667595 -0.012362679 0.997043073
1341846324.881924 -0.004564526 -0.239323080 0.097803712 0.071256675 -0.017754506 -0.012230940 0.997224927
1341846324.913902 -0.000621225 -0.230249509 0.099551246 0.070291728 -0.019459531 -0.009137371 0.997294784
1341846324.949999 -0.004427399 -0.236831069 0.097826339 0.069892019 -0.019050824 -0.006255944 0.997353017
1341846324.981922 -0.015426064 -0.229849666 0.100102246 0.074460164 -0.020979742 -0.002939646 0.996998966
1341846325.018013 -0.015090548 -0.216419578 0.092776224 0.078840971 -0.026069812 -0.000573832 0.996546090
1341846325.050079 -0.015418300 -0.202431381 0.089747712 0.080854580 -0.031614006 -0.001621751 0.996223092
1341846325.081901 -0.014551233 -0.180447951 0.089611419 0.080527239 -0.036702797 -0.003360481 0.996070743
1341846325.118531 -0.004268259 -0.166379765 0.087798558 0.076453462 -0.038797751 -0.005875071 0.996300697
1341846325.149933 -0.005674824 -0.168603748 0.087748386 0.070134774 -0.036210973 -0.007318460 0.996853173
1341846325.181925 -0.009561552 -0.161101088 0.093107440 0.067165002 -0.035104394 -0.004794606 0.997112572
1341846325.218055 -0.012912834 -0.153748184 0.100091666 0.064623132 -0.034735024 -0.001013911 0.997304499
1341846325.249811 -0.013514364 -0.146607637 0.102104925 0.062544197 -0.035021957 0.002748864 0.997423708
1341846325.285925 -0.010734877 -0.137146696 0.100404888 0.059852451 -0.035676260 0.005898305 0.997552037
1341846325.317988 0.001764940 -0.139460802 0.104627147 0.057275828 -0.033928394 0.008579510 0.997744799
1341846325.349844 -0.001229671 -0.143139750 0.105630115 0.059994526 -0.029101914 0.010857783 0.997715294
1341846325.387302 -0.001386989 -0.129382670 0.108940221 0.065035224 -0.026320148 0.013296464 0.997447133
1341846325.417931 0.008925817 -0.124742016 0.111015171 0.067767166 -0.021531597 0.016156759 0.997337937
1341846325.450747 0.017437454 -0.127154410 0.112279356 0.072231725 -0.013953775 0.018049112 0.997126937
1341846325.485954 -0.000908806 -0.110086203 0.118773162 0.081138156 -0.006501372 0.019460306 0.996491671
1341846325.517875 -0.000422823 -0.101375073 0.117838398 0.084717877 -0.003970182 0.022408118 0.996145070
1341846325.553859 -0.003710808 -0.095522523 0.120225072 0.087892093 -0.000001683 0.021933578 0.995888472
1341846325.585855 -0.011862868 -0.075514480 0.122443162 0.090967119 0.003599590 0.019483883 0.995656729
1341846325.617990 -0.013860550 -0.047423758 0.119462654 0.088798679 0.005654395 0.019870026 0.995835304
1341846325.653982 -0.018212082 -0.064241610 0.129061997 0.084744982 0.007790176 0.016831817 0.996230006
1341846325.685819 -0.016045485 -0.064399317 0.128453672 0.090105668 0.008938923 0.018570721 0.995718896
1341846325.717857 -0.020395651 -0.047639973 0.130818397 0.094912387 0.010113938 0.025777716 0.995100439
1341846325.754083 -0.024402829 -0.047503091 0.134711683 0.097766332 0.010352632 0.029887123 0.994706631
1341846325.786087 -0.021286098 -0.042099450 0.130196005 0.104240090 0.010675660 0.031215454 0.994004846
1341846325.821856 -0.021782374 -0.022804236 0.130870759 0.108431131 0.012371220 0.032518193 0.993494928
1341846325.853827 -0.029250355 -0.016308334 0.132474601 0.109048754 0.013439059 0.035893917 0.993297279
1341846325.885958 -0.034791753 -0.003207061 0.126449749 0.109891005 0.010716397 0.041872431 0.993003428
1341846325.921984 -0.035965007 -0.008868666 0.134247735 0.108136140 0.007123983 0.045593575 0.993064463
1341846325.953899 -0.021282746 0.004635844 0.141829208 0.111758739 0.006488594 0.047983028 0.992555022
1341846325.985823 -0.025008153 0.017698027 0.148699522 0.114615895 0.009593640 0.052128464 0.991994858
1341846326.021991 -0.029531687 0.020181350 0.147748128 0.117610060 0.009848416 0.057931982 0.991319716
1341846326.054055 -0.028563658 0.035212163 0.149635673 0.123224922 0.009307325 0.060350273 0.990498245
1341846326.089984 -0.024126533 0.050396197 0.145010471 0.125511482 0.010924374 0.060358185 0.990194142
1341846326.121822 -0.024159510 0.060865223 0.150083020 0.125129208 0.014938753 0.058213122 0.990318537
1341846326.154079 -0.030266892 0.060964648 0.154084519 0.125358552 0.017789813 0.056459464 0.990343928
1341846326.190178 -0.032918565 0.072860792 0.153712586 0.127664968 0.017381804 0.059125960 0.989900827
1341846326.222162 -0.031870533 0.093908519 0.161050096 0.129088446 0.015097864 0.065339364 0.989362895
1341846326.259181 -0.032924667 0.102993257 0.166731089 0.125555217 0.012551502 0.069793440 0.989548981
1341846326.322766 -0.030133506 0.128641725 0.175139651 0.119163193 0.012136179 0.067383356 0.990511119
1341846326.359773 -0.031270236 0.131683782 0.167506456 0.113600306 0.013750648 0.065360673 0.991278887
1341846326.392109 -0.023444783 0.124136239 0.180310279 0.112535156 0.015060884 0.066965491 0.991274238
1341846326.423985 -0.027735854 0.133292526 0.183339715 0.116936207 0.015841248 0.072795101 0.990341306
1341846326.459869 -0.037219744 0.146746397 0.172835320 0.117817611 0.014431743 0.075416960 0.990062118
1341846326.526163 -0.022963908 0.181343049 0.185300618 0.119898319 0.015055338 0.075171150 0.989821732
1341846326.560211 -0.025105050 0.189136893 0.190869227 0.114991277 0.018909238 0.075046934 0.990347087
1341846326.591828 -0.027477717 0.186507002 0.192337900 0.110668041 0.020975407 0.077568725 0.990603685
1341846326.627027 -0.024196943 0.204653442 0.194219425 0.111231901 0.022371002 0.076084025 0.990625143
1341846326.658442 -0.024462901 0.218821213 0.195803821 0.109100468 0.026490636 0.074598379 0.990873575
1341846326.694856 -0.031546738 0.229850441 0.200778663 0.105367027 0.030292766 0.075337119 0.991112769
1341846326.726206 -0.028217018 0.245500281 0.204512671 0.099994108 0.030814976 0.073277101 0.991807461
1341846326.762753 -0.023547808 0.260369360 0.197739288 0.094055139 0.033098858 0.070555598 0.992511988
1341846326.826821 -0.027162749 0.300258219 0.206603587 0.080699578 0.039023332 0.066595294 0.993745327
1341846326.858887 -0.029855972 0.295309246 0.216322824 0.071453556 0.040483501 0.065039292 0.994497538
1341846326.895360 -0.039117850 0.292905957 0.227567255 0.069334082 0.041027457 0.065511949 0.994594216
1341846326.926897 -0.039722607 0.298038095 0.230673879 0.070671171 0.037103273 0.068706319 0.994438708
1341846326.958888 -0.033015288 0.311323404 0.224824652 0.073730364 0.034462515 0.071419589 0.994120419
1341846326.994594 -0.028177744 0.329414189 0.223316297 0.074697159 0.034342445 0.073943548 0.993867815
1341846327.026301 -0.028509207 0.342160076 0.223922193 0.073205605 0.035780072 0.072203673 0.994055986
1341846327.063945 -0.027233448 0.347881675 0.222946525 0.069759667 0.037927449 0.069369592 0.994425952
1341846327.094662 -0.028926726 0.354842842 0.224098563 0.069061004 0.040200267 0.067706563 0.994500041
1341846327.128901 -0.032442354 0.364216477 0.229859233 0.068194635 0.040594831 0.066308439 0.994638026
1341846327.161940 -0.030980110 0.378029257 0.230965644 0.067352302 0.039262574 0.066193208 0.994756520
1341846327.193867 -0.023640973 0.381532818 0.234200269 0.066047683 0.040395718 0.063703157 0.994961202
1341846327.229885 -0.021553859 0.399567485 0.236330211 0.067529641 0.043534063 0.061521608 0.994866610
1341846327.262014 -0.026614102 0.400722444 0.223199278 0.065355957 0.049137473 0.056985501 0.995020986
1341846327.294023 -0.028511718 0.412801713 0.213587672 0.069655098 0.061397638 0.052082576 0.994316757
1341846327.330015 -0.035146050 0.426351607 0.202777386 0.071808137 0.071798123 0.047900956 0.993677080
1341846327.361939 -0.027590061 0.451904953 0.245492727 0.070164382 0.077035040 0.042224113 0.993659735
1341846327.393887 -0.028535429 0.459860146 0.244255856 0.068578631 0.078959234 0.035996359 0.993864477
1341846327.429966 -0.033225402 0.495092064 0.250854403 0.069600537 0.078768708 0.036714088 0.993782341
1341846327.461965 -0.045598116 0.503487408 0.258520067 0.059886679 0.075559311 0.035051450 0.994723976
1341846327.497931 -0.038313109 0.506530166 0.263196319 0.054198168 0.073047906 0.033380531 0.995295107
1341846327.530068 -0.041271236 0.518244147 0.268975645 0.053152286 0.074250795 0.036048803 0.995169401
1341846327.561895 -0.037369981 0.529321373 0.269503951 0.052773762 0.070448928 0.043809213 0.995154560
1341846327.598010 -0.040918492 0.533634782 0.271001101 0.054225389 0.067609377 0.048408519 0.995060384
1341846327.629945 -0.048719428 0.551952899 0.276865155 0.055022255 0.063885495 0.047115769 0.995324731
1341846327.662003 -0.043748394 0.551102519 0.279959172 0.054008938 0.059620615 0.043313086 0.995817423
1341846327.697919 -0.041595358 0.573916852 0.281727195 0.057731416 0.058650624 0.044442195 0.995616436
1341846327.730075 -0.042827737 0.599957168 0.280497670 0.055045091 0.057584640 0.045629751 0.995777071
1341846327.766017 -0.041942433 0.600267887 0.281964719 0.049055818 0.056994684 0.047016639 0.996059537
1341846327.797917 -0.039474860 0.620630085 0.281571448 0.045330051 0.055900730 0.049209211 0.996192157
1341846327.830054 -0.041140266 0.624925554 0.287548780 0.038075026 0.055748768 0.048651773 0.996531665
1341846327.865944 -0.033969633 0.630834222 0.284456372 0.033890966 0.055908017 0.049503915 0.996631861
1341846327.898010 -0.042489965 0.645590067 0.293612599 0.032070834 0.057764940 0.050384372 0.996542096
1341846327.929991 -0.043905418 0.653583944 0.293239653 0.027373968 0.056666762 0.047707338 0.996876895
1341846327.966065 -0.049445931 0.678701878 0.292658806 0.025554158 0.057827737 0.044964589 0.996986032
1341846327.998073 -0.049757998 0.687880397 0.294252843 0.019152856 0.058836523 0.042509504 0.997178197
1341846328.034045 -0.049192011 0.689542294 0.294306308 0.012439162 0.059839193 0.040596321 0.997304618
1341846328.065993 -0.049112484 0.692004025 0.293976039 0.007005751 0.060522608 0.041221887 0.997290671
1341846328.098045 -0.051414348 0.677847087 0.297010154 0.004857043 0.061165195 0.042427883 0.997213662
1341846328.133967 -0.054653097 0.675655723 0.294103473 0.007411944 0.060499467 0.045289069 0.997112751
1341846328.166023 -0.057203259 0.673003316 0.293161064 0.007005269 0.057748280 0.045940701 0.997249007
1341846328.198018 -0.056085020 0.653384805 0.293273985 0.005508411 0.054766316 0.043097705 0.997553468
1341846328.234044 -0.054551296 0.643846571 0.287472129 0.008847212 0.052867271 0.043103252 0.997631669
1341846328.265899 -0.052781038 0.634387910 0.284270525 0.010420032 0.050901487 0.042835191 0.997730255
1341846328.302051 -0.050392020 0.602000415 0.279348284 0.010461589 0.050287358 0.043048602 0.997751713
1341846328.333917 -0.052677363 0.580933869 0.278546214 0.012484329 0.050588302 0.045478098 0.997605503
1341846328.366008 -0.046839282 0.576603234 0.275319666 0.019205097 0.049447313 0.043526199 0.997643054
1341846328.402010 -0.051822580 0.534013927 0.273267239 0.029463196 0.052723210 0.045153141 0.997152627
1341846328.433920 -0.053375643 0.518415213 0.262639910 0.031941373 0.051197726 0.044856019 0.997169256
1341846328.470003 -0.045481995 0.492432535 0.256535143 0.031071138 0.049329843 0.037837956 0.997581780
1341846328.502194 -0.038166836 0.472997785 0.252147794 0.032663364 0.050218221 0.029955730 0.997754395
1341846328.534033 -0.032025173 0.453407496 0.252584189 0.033507954 0.052203909 0.028436136 0.997668982
1341846328.570125 -0.032767855 0.432023525 0.255610973 0.035145648 0.052837975 0.029103320 0.997560024
1341846328.602804 -0.030058928 0.398564786 0.236580282 0.039293904 0.047251403 0.033942014 0.997532606
1341846328.672663 -0.046095554 0.348090291 0.242968738 0.046559084 0.038237762 0.030100308 0.997729480
1341846328.702975 -0.030463971 0.336253852 0.236319184 0.049488887 0.032792356 0.030502880 0.997770071
1341846328.770129 -0.019208368 0.312900215 0.227304325 0.058934011 0.028103147 0.027019385 0.997500360
1341846328.802331 -0.016362479 0.296458930 0.229422390 0.059763268 0.024824560 0.027494436 0.997524977
1341846328.838051 -0.017742384 0.280186087 0.222004637 0.063621104 0.023584247 0.024015194 0.997406304
1341846328.869939 -0.012033238 0.284804493 0.217255831 0.064315230 0.021448474 0.023102859 0.997431576
1341846328.904486 -0.013190741 0.264620662 0.217412949 0.059481047 0.018721957 0.022967385 0.997789562
1341846328.939814 -0.003575103 0.234494314 0.218639508 0.061582971 0.014949984 0.023518242 0.997712851
1341846328.970217 -0.002775437 0.230985731 0.211388931 0.065272056 0.013232282 0.026808782 0.997419596
1341846329.006232 0.000829130 0.216065779 0.210479811 0.065918490 0.010555226 0.030579371 0.997300506
1341846329.038243 -0.000542922 0.197567627 0.213119954 0.069364421 0.010064227 0.030836988 0.997063875
1341846329.106125 -0.000452763 0.196374312 0.202190772 0.072780721 0.010106634 0.029670630 0.996855319
1341846329.138340 0.001705325 0.173973367 0.200730711 0.073319636 0.009367758 0.027331356 0.996889889
1341846329.169991 0.005289192 0.177415818 0.190482989 0.075826906 0.007916377 0.026519673 0.996736825
1341846329.208656 0.006956473 0.169757843 0.192979604 0.076583691 0.006890087 0.025200168 0.996720850
1341846329.238169 0.008250482 0.168477401 0.187265053 0.076257057 0.006044887 0.024959564 0.996757388
1341846329.273827 0.009821584 0.151057541 0.184327126 0.073766641 0.004866022 0.025492035 0.996937752
1341846329.306052 0.008776612 0.152970627 0.183171526 0.074918129 0.002371121 0.025112269 0.996870577
1341846329.338104 0.020842075 0.152419195 0.174166277 0.072364554 -0.000154079 0.022914577 0.997115016
1341846329.373907 0.016732646 0.128280044 0.176827312 0.067143820 -0.000731690 0.021785915 0.997505128
1341846329.405985 0.018361602 0.117925979 0.169962719 0.068248823 -0.002066433 0.018933477 0.997486532
1341846329.442057 0.018604364 0.117463708 0.172890916 0.068197623 -0.002607061 0.015389007 0.997549713
1341846329.473950 0.013027099 0.099162661 0.170722738 0.066527031 -0.003110371 0.008842176 0.997740626
1341846329.506147 0.014820403 0.097227164 0.163894162 0.067061424 -0.005257178 0.006566856 0.997713387
1341846329.542121 0.010115644 0.086216152 0.159025580 0.065181598 -0.007702884 0.006001993 0.997825623
1341846329.574086 0.016232237 0.063557222 0.159656703 0.066688523 -0.010732813 0.005358440 0.997701705
1341846329.606387 0.017524805 0.057836954 0.148619413 0.069011502 -0.011133649 0.002065410 0.997551620
1341846329.641955 0.013036917 0.053758539 0.146838844 0.068924367 -0.011954857 0.002911653 0.997546017
1341846329.681570 0.012085915 0.040384501 0.146045297 0.067788444 -0.014999256 0.002978153 0.997582495
1341846329.748113 0.019114876 0.037535690 0.142144933 0.070107169 -0.015334260 0.000809654 0.997421265
1341846329.810175 0.015908876 0.011007806 0.140574992 0.067677028 -0.011740439 0.005030375 0.997625530
1341846329.842255 0.018601462 0.004266577 0.138848677 0.069468975 -0.012130138 0.008646766 0.997472882
1341846329.874044 0.015810814 -0.004419520 0.139559463 0.070980340 -0.011880020 0.011788459 0.997337282
1341846329.910073 0.012370325 0.000071667 0.134977236 0.071443781 -0.011983873 0.013730647 0.997278094
1341846329.942009 0.011612140 0.000012787 0.138258114 0.067287683 -0.012449660 0.018893220 0.997476995
1341846329.978087 0.014150861 -0.025428228 0.137548745 0.064285457 -0.013121295 0.021056587 0.997623086
1341846330.016305 0.018176410 -0.018570123 0.133406758 0.066462040 -0.012332229 0.018613698 0.997539103
1341846330.048192 0.012024222 -0.009618441 0.131219730 0.063449934 -0.010492341 0.019960420 0.997730255
1341846330.080418 0.012392594 -0.032885164 0.130502209 0.058065392 -0.010627574 0.021996446 0.998013854
1341846330.115886 0.015335453 -0.048994366 0.131254405 0.060533550 -0.009213173 0.023004767 0.997858524
1341846330.147839 0.006130415 -0.033045627 0.127730981 0.063731268 -0.008272738 0.024149492 0.997640610
1341846330.181257 0.009788895 -0.020117624 0.123906769 0.059649218 -0.009538438 0.027667878 0.997790277
1341846330.215852 0.011246700 -0.035309073 0.126431108 0.052601766 -0.008673145 0.027210686 0.998207092
1341846330.247833 0.005219724 -0.041358341 0.126069129 0.050749820 -0.007700757 0.026236616 0.998337030
1341846330.283913 0.004966496 -0.027604617 0.124514922 0.047763776 -0.008515234 0.027147708 0.998453379
1341846330.316011 0.001594224 -0.041725934 0.121717751 0.040897276 -0.008959154 0.026101524 0.998782218
1341846330.347868 0.001144489 -0.053016111 0.121924624 0.038140744 -0.010802080 0.025159633 0.998897195
1341846330.383835 0.006598882 -0.053648062 0.123371638 0.036588427 -0.011676719 0.025453478 0.998937964
1341846330.415934 0.001915697 -0.071529567 0.122263581 0.035230801 -0.010290742 0.023510229 0.999049664
1341846330.452561 0.000783343 -0.072296716 0.119744733 0.038036626 -0.010938830 0.022736456 0.998957753
1341846330.483903 -0.004387219 -0.066251293 0.115836181 0.038543321 -0.012402620 0.025258459 0.998860657
1341846330.515970 -0.002963173 -0.075436406 0.117928445 0.036674600 -0.014884402 0.028713856 0.998803735
1341846330.552099 -0.001013411 -0.078542367 0.112969503 0.037964050 -0.016090166 0.031247580 0.998660803
1341846330.583876 -0.006631961 -0.068029031 0.112803601 0.038237501 -0.016012874 0.031336743 0.998648822
1341846330.619992 -0.014204798 -0.064511225 0.105917141 0.033524007 -0.016555155 0.030563088 0.998833299
1341846330.652136 -0.010829918 -0.073248424 0.105178602 0.026616335 -0.018607950 0.029092375 0.999049067
1341846330.683796 -0.010473086 -0.074793324 0.102263719 0.022173936 -0.018623689 0.028121017 0.999185026
1341846330.719991 -0.015401457 -0.089526877 0.096415177 0.019012781 -0.020636728 0.029336074 0.999175668
1341846330.752103 -0.019283133 -0.095123522 0.094025008 0.020267276 -0.024607565 0.033646118 0.998925269
1341846330.787952 -0.026459677 -0.084217399 0.093193389 0.022336112 -0.028780358 0.037098244 0.998647332
1341846330.819823 -0.021452056 -0.082605362 0.088221759 0.022216294 -0.033646423 0.037909485 0.998467445
1341846330.852208 -0.022759635 -0.074707717 0.085469522 0.022323510 -0.035155013 0.038691137 0.998383105
1341846330.914111 -0.031601511 -0.060890712 0.078676134 0.013802621 -0.037915524 0.038225986 0.998454154
1341846330.949903 -0.034731790 -0.074245505 0.082402073 0.010020696 -0.038778674 0.037913244 0.998478055
1341846330.981986 -0.042449128 -0.073409416 0.070019320 0.011021767 -0.042839903 0.038802180 0.998267293
1341846331.014111 -0.039060570 -0.067126252 0.071385555 0.010885855 -0.047278702 0.039643150 0.998035371
1341846331.082139 -0.041418869 -0.069401398 0.068040811 0.012650795 -0.050108157 0.036458679 0.997997940
1341846331.114334 -0.041990422 -0.068928972 0.066016719 0.012280909 -0.052363001 0.036083896 0.997900426
1341846331.149989 -0.041130755 -0.075522818 0.065933250 0.012370622 -0.053150255 0.034741331 0.997905314
1341846331.181954 -0.045215514 -0.074503720 0.065830961 0.015717888 -0.053132992 0.034025740 0.997883797
1341846331.218151 -0.050399020 -0.059960984 0.054362021 0.016070481 -0.056142643 0.034856152 0.997684717
1341846331.249914 -0.038638797 -0.071237028 0.057179883 0.013146668 -0.058658544 0.033473663 0.997630119
1341846331.318141 -0.034974195 -0.067403048 0.063946977 0.024152037 -0.048927918 0.029020952 0.998088419
1341846331.349926 -0.027529141 -0.067021772 0.059017759 0.022902282 -0.047075462 0.028627133 0.998218358
1341846331.382003 0.008286719 -0.089879051 0.051687773 0.024430163 -0.042759214 0.028770735 0.998372197
1341846331.418008 -0.015062734 -0.075636834 0.058881089 0.032833129 -0.030832212 0.026716566 0.998627841
1341846331.450327 -0.017326243 -0.068175830 0.067712195 0.034616623 -0.026346026 0.028054655 0.998659372
1341846331.486219 -0.032655917 -0.060203716 0.088575579 0.034853566 -0.022653820 0.027921820 0.998745441
1341846331.518344 -0.016970580 -0.062487327 0.089032046 0.033526842 -0.023352446 0.026684856 0.998808563
1341846331.550202 -0.013909496 -0.067528218 0.098671868 0.035699688 -0.018520523 0.025546128 0.998864293
1341846331.586139 -0.023012141 -0.055954032 0.101814158 0.038338512 -0.016546637 0.025949098 0.998790741
1341846331.617931 -0.016883820 -0.053072419 0.110181049 0.037579950 -0.016938427 0.026327236 0.998803139
1341846331.654027 -0.007567264 -0.060683288 0.117036164 0.037601236 -0.015053952 0.027229438 0.998808324
1341846331.686123 -0.017626232 -0.051419392 0.126066938 0.040445976 -0.011525061 0.028840451 0.998698890
1341846331.717954 -0.023565618 -0.039316759 0.128688723 0.038168054 -0.012045654 0.028457837 0.998793364
1341846331.754076 -0.009296151 -0.054822203 0.138961777 0.034752920 -0.012501710 0.027550608 0.998937905
1341846331.785920 -0.008078964 -0.054047890 0.153565302 0.037832603 -0.009719592 0.026186801 0.998893619
1341846331.818053 -0.014345555 -0.042890061 0.165828511 0.038698148 -0.007557692 0.026499236 0.998870909
1341846331.853849 -0.012327112 -0.049268398 0.175989062 0.037068296 -0.007369601 0.025836134 0.998951495
1341846331.885987 -0.003982263 -0.050595112 0.185688183 0.040071055 -0.005426202 0.023715423 0.998900592
1341846331.922014 -0.008212618 -0.043840036 0.197337404 0.042218402 -0.001658736 0.022204775 0.998860240
1341846331.954037 0.000225509 -0.043754306 0.207324117 0.041919626 0.000112946 0.023643957 0.998841166
1341846331.986135 0.013700934 -0.056107815 0.221554548 0.043450244 0.004737767 0.025892938 0.998708785
1341846332.022364 -0.003963893 -0.054754034 0.237606466 0.050582893 0.011250163 0.024934636 0.998345196
1341846332.054175 -0.006107608 -0.049902681 0.250233620 0.057119366 0.011246210 0.026926193 0.997940838
1341846332.086502 -0.005153349 -0.049107682 0.260968029 0.059863042 0.011315615 0.028313143 0.997740805
1341846332.122051 -0.006073293 -0.049447518 0.267007381 0.061086807 0.012645482 0.026808361 0.997692227
1341846332.153983 -0.013069376 -0.026203141 0.285248458 0.061107658 0.012409518 0.025094900 0.997738481
1341846332.190165 -0.012716973 -0.026354600 0.302796364 0.054783951 0.010608803 0.023275621 0.998170555
1341846332.254145 -0.012957265 -0.046664223 0.323915601 0.053625751 0.011048677 0.020299125 0.998293638
1341846332.289948 -0.017266776 -0.040878497 0.340851009 0.055998340 0.010911258 0.022526726 0.998117089
1341846332.322172 -0.015041443 -0.041759722 0.349611014 0.056739941 0.010264508 0.024594899 0.998033226
1341846332.354003 -0.007677857 -0.048016377 0.352501482 0.058709729 0.011550949 0.022231687 0.997960687
1341846332.390180 -0.004946408 -0.034383401 0.366633713 0.061196730 0.015731772 0.019430097 0.997812569
1341846332.422055 -0.012244098 -0.033076018 0.374782830 0.059253749 0.018741276 0.015781343 0.997942209
1341846332.458114 -0.005390964 -0.035386913 0.386709452 0.058565270 0.020469736 0.012047240 0.998000979
1341846332.489993 -0.015703229 -0.029260008 0.402737051 0.059911832 0.023222690 0.013446277 0.997842908
1341846332.522130 -0.020950522 -0.024922270 0.415580213 0.059729669 0.019455928 0.019584099 0.997832775
1341846332.558114 -0.019290939 -0.032133941 0.416072458 0.058905572 0.014193275 0.025860110 0.997827590
1341846332.589874 -0.009579492 -0.020406865 0.424415380 0.059473194 0.010470726 0.031233041 0.997686207
1341846332.621889 -0.005795718 -0.014688909 0.430433869 0.055475235 0.010137503 0.033087540 0.997860193
1341846332.658202 -0.002473750 -0.018968109 0.440485299 0.051245064 0.010646818 0.030762494 0.998155415
1341846332.690001 -0.002016342 -0.016643621 0.451609313 0.049420971 0.011463857 0.032329936 0.998188794
1341846332.726000 -0.006697247 -0.018860523 0.469123214 0.048345666 0.011098000 0.035979286 0.998120725
1341846332.758386 0.003039279 -0.020204339 0.464985490 0.048631910 0.007357893 0.038342047 0.998053491
1341846332.789937 0.003392091 -0.012334663 0.475544930 0.048217401 0.009089377 0.035202611 0.998174965
1341846332.825925 -0.001162354 -0.015451472 0.483176917 0.045680970 0.012395257 0.033068351 0.998331666
1341846332.857898 0.006066104 -0.015586114 0.495950609 0.046558768 0.012785389 0.033378404 0.998275876
1341846332.894069 0.008881195 -0.000489965 0.506134391 0.047640461 0.012392041 0.033533417 0.998224616
1341846332.926029 0.016097564 0.002154708 0.513799012 0.044012751 0.012429893 0.031472318 0.998457730
1341846332.958015 0.017328665 0.004557770 0.525003076 0.041158434 0.014848992 0.028642578 0.998631597
1341846332.994073 0.018639179 0.007980432 0.532578409 0.038363997 0.016245408 0.026862606 0.998770595
1341846333.026545 0.029823294 0.005702361 0.539792597 0.035465948 0.016007029 0.025968593 0.998905182
1341846333.057998 0.034493469 0.007962551 0.545041323 0.034717388 0.017888792 0.026134787 0.998895228
1341846333.094024 0.034340724 0.008433647 0.556871474 0.035135355 0.019984774 0.029268360 0.998753965
1341846333.126095 0.040695757 0.010712210 0.558492720 0.035560235 0.021049075 0.031561047 0.998647213
1341846333.161973 0.046893787 0.020308327 0.563087523 0.035274636 0.023188796 0.033549476 0.998545110
1341846333.195660 0.045183908 0.016512074 0.572698712 0.032110639 0.025777778 0.035516612 0.998520374
1341846333.226331 0.043578345 0.022071030 0.579891443 0.031298280 0.027015524 0.033568129 0.998580873
1341846333.262056 0.046641905 0.030129083 0.585992992 0.028707260 0.027038053 0.032020248 0.998708904
1341846333.294147 0.047646474 0.022918519 0.591378272 0.024435939 0.027068146 0.031362943 0.998842597
1341846333.326100 0.049800545 0.025860220 0.593034267 0.023108767 0.025641229 0.029902341 0.998956621
1341846333.362100 0.053710509 0.033204172 0.593225062 0.020364899 0.024456633 0.028835721 0.999077380
1341846333.394119 0.060058970 0.027557507 0.601799369 0.016733827 0.022804173 0.029913466 0.999152184
1341846333.429974 0.058306094 0.029492104 0.602312565 0.016307164 0.021644836 0.029662337 0.999192536
1341846333.462115 0.061670613 0.029449522 0.604884565 0.016265417 0.021700285 0.028020699 0.999239385
1341846333.494040 0.064706340 0.028859643 0.607777178 0.017099954 0.022076594 0.027136032 0.999241650
1341846333.529953 0.071032904 0.025757417 0.605282545 0.017184433 0.022484452 0.026612060 0.999245167
1341846333.562063 0.065373302 0.032173544 0.609736383 0.019048739 0.025695985 0.028129341 0.999092400
1341846333.594090 0.057860374 0.036382750 0.609635949 0.017790208 0.025804261 0.029247073 0.999080718
1341846333.629994 0.057678469 0.039573498 0.608324051 0.014640473 0.023256361 0.027930381 0.999232054
1341846333.662127 0.059446402 0.038297545 0.606596470 0.011341660 0.021807212 0.027479390 0.999320149
1341846333.697964 0.064300098 0.026090689 0.606860459 0.008006836 0.021074936 0.028651446 0.999335170
1341846333.730092 0.059756175 0.027503882 0.602788329 0.011074879 0.022314649 0.029152488 0.999264479
1341846333.762089 0.058403149 0.029873747 0.599754691 0.012822618 0.023234734 0.031060250 0.999165177
1341846333.798006 0.058665998 0.028422410 0.598218620 0.014530207 0.023401929 0.030310571 0.999160886
1341846333.830055 0.059061166 0.026992032 0.591143072 0.016947046 0.024784951 0.028129710 0.999153256
1341846333.866045 0.055277709 0.028357342 0.587321222 0.018134186 0.026181024 0.026988361 0.999128282
1341846333.897987 0.053450871 0.023199240 0.582615077 0.019283095 0.026336620 0.026023030 0.999128282
1341846333.930099 0.050197486 0.023320358 0.577734709 0.022368817 0.027800351 0.024652036 0.999059081
1341846333.965889 0.046970122 0.020499667 0.571769178 0.024212895 0.028883299 0.024158439 0.998997450
1341846333.997985 0.045242690 0.017113561 0.563850462 0.026520040 0.030109297 0.023667252 0.998914361
1341846334.030076 0.044140533 0.016800180 0.559859574 0.029497625 0.031156495 0.024781492 0.998771787
1341846334.066000 0.044423379 0.014531553 0.550726593 0.030955048 0.030435957 0.026606400 0.998702943
1341846334.097932 0.043910414 0.015364852 0.543610871 0.033114150 0.030318132 0.026212931 0.998647690
1341846334.133884 0.037263736 0.014271609 0.537384987 0.034506839 0.031923305 0.026178358 0.998551428
1341846334.166115 0.033251431 0.016389806 0.534129977 0.035140611 0.030781195 0.027332760 0.998534203
1341846334.198072 0.032218788 0.016567577 0.519385278 0.035751488 0.028973145 0.026934257 0.998577476
1341846334.234097 0.029019775 0.019647457 0.515518308 0.036853410 0.029879032 0.025114752 0.998558104
1341846334.266045 0.021682482 0.014791112 0.513531566 0.036208916 0.031763669 0.025583802 0.998511612
1341846334.297946 0.016980276 0.013459679 0.501918435 0.037310559 0.030515071 0.027551973 0.998457611
1341846334.334036 0.018692767 0.017321467 0.492977947 0.038162325 0.028538100 0.027783370 0.998477519
1341846334.365871 0.020601112 0.018636353 0.485096991 0.037589811 0.028196521 0.026288034 0.998549402
1341846334.401845 0.014435766 0.015984923 0.479502827 0.036029816 0.029503966 0.025134835 0.998598814
1341846334.433864 0.007047944 0.011316132 0.470920980 0.035717972 0.029062431 0.025876306 0.998604000
1341846334.466105 0.007131446 0.014628742 0.464044720 0.036717672 0.027018132 0.026733804 0.998602569
1341846334.502142 0.003067035 0.016825192 0.456454933 0.035727546 0.025954600 0.027521469 0.998645306
1341846334.540153 0.002348004 0.015198385 0.447919726 0.035173740 0.024627615 0.026231866 0.998733282
1341846334.602351 -0.008103641 0.021614468 0.431387395 0.031017959 0.021285517 0.019341310 0.999104977
1341846334.670161 -0.010290014 0.017516410 0.420211315 0.025489535 0.018082108 0.012788855 0.999429703
1341846334.702085 -0.016683143 0.012207666 0.409762174 0.023795906 0.016430324 0.013193528 0.999494731
1341846334.734751 -0.019188799 0.009708947 0.401829928 0.023742909 0.013897344 0.014662467 0.999513984
1341846334.770889 -0.027929541 0.009905830 0.387186497 0.024050146 0.013326798 0.016926019 0.999478579
1341846334.802194 -0.032566059 0.012567623 0.382233828 0.023885632 0.010842667 0.017489111 0.999502897
1341846334.833908 -0.027862683 0.010161636 0.376047462 0.022924503 0.008691122 0.015116665 0.999585152
1341846334.869874 -0.034123749 0.011299754 0.366718739 0.021382466 0.008844774 0.015186393 0.999616921
1341846334.902006 -0.042089436 0.010989433 0.351066142 0.019881152 0.007698133 0.015827516 0.999647439
1341846334.938010 -0.038444761 0.008107778 0.339140564 0.018965069 0.003863071 0.016080473 0.999683380
1341846334.970032 -0.035768740 0.012489683 0.333054036 0.019783106 0.002665693 0.014964157 0.999688745
1341846335.002203 -0.044314820 0.005021426 0.323058307 0.020597130 0.003919904 0.015975783 0.999652505
1341846335.037880 -0.051206447 0.009253180 0.308056325 0.023782110 0.001102785 0.018287465 0.999549270
1341846335.069990 -0.051306635 0.011120445 0.301748037 0.023971822 -0.001749292 0.018177360 0.999545872
1341846335.106038 -0.049717721 0.007149507 0.292435050 0.023901973 -0.000653908 0.016187560 0.999583066
1341846335.138045 -0.055541120 0.006305972 0.284792513 0.025699371 0.000672074 0.015354683 0.999551594
1341846335.169900 -0.059124079 0.009646608 0.269178420 0.026010921 -0.002103434 0.015593542 0.999537826
1341846335.206091 -0.057523575 0.009618035 0.262609571 0.025423406 -0.004049719 0.013359780 0.999579310
1341846335.239365 -0.057063848 0.004272204 0.252854943 0.024913915 -0.003082125 0.010627516 0.999628365
1341846335.269948 -0.061659954 0.003909551 0.240576968 0.026676370 -0.001499413 0.009422855 0.999598622
1341846335.305972 -0.065668844 0.001601691 0.230303973 0.028293960 -0.003023245 0.010711608 0.999537706
1341846335.338012 -0.061805874 0.000628941 0.222294405 0.029596301 -0.004836633 0.012288598 0.999474704
1341846335.374005 -0.055965208 -0.003037476 0.214329198 0.034065235 -0.003579651 0.012506423 0.999334931
1341846335.406025 -0.059644453 -0.004836433 0.204348832 0.040512796 -0.001081205 0.014777214 0.999069154
1341846335.438079 -0.061039168 0.008523164 0.192154378 0.046849404 -0.000276508 0.017919471 0.998741210
1341846335.473998 -0.063711636 0.014007192 0.187992334 0.049452763 0.001528613 0.018364742 0.998606443
1341846335.507038 -0.061630145 0.017291514 0.176885799 0.050498310 0.003831368 0.016287275 0.998583972
1341846335.538040 -0.065719649 0.023614574 0.168257520 0.050103959 0.006305682 0.014318733 0.998621464
1341846335.574119 -0.073523887 0.027980415 0.159967810 0.047904983 0.006628063 0.014819354 0.998719990
1341846335.605970 -0.072014116 0.019427430 0.151559472 0.045831311 0.005649131 0.014317190 0.998830616
1341846335.641978 -0.069590598 0.020210233 0.140774995 0.046930514 0.006528488 0.011650586 0.998808861
1341846335.673993 -0.074527510 0.024349496 0.129095331 0.047051016 0.007495517 0.011550318 0.998797596
1341846335.706178 -0.077272981 0.022228442 0.117805034 0.046247166 0.006189541 0.012281197 0.998835385
1341846335.741982 -0.073902912 0.016960744 0.106850140 0.046203375 0.005777023 0.012158675 0.998841345
1341846335.773960 -0.078482822 0.021228250 0.095590845 0.046472885 0.006538713 0.011870428 0.998827577
1341846335.806271 -0.081129380 0.026864978 0.085065082 0.044899218 0.006104232 0.011852884 0.998902559
1341846335.842031 -0.076887392 0.018215135 0.075092487 0.042013101 0.006415402 0.012946805 0.999012530
1341846335.873966 -0.080206819 0.019147204 0.066604011 0.043304086 0.008090495 0.011465593 0.998963356
1341846335.910005 -0.088525750 0.025021195 0.053592626 0.043087527 0.008527344 0.013518319 0.998943448
1341846335.941936 -0.091778621 0.024100253 0.043765690 0.042029280 0.006692744 0.013916458 0.998997033
1341846335.974198 -0.091044791 0.024025256 0.032424565 0.041935582 0.005822331 0.011529388 0.999036789
1341846336.010032 -0.094233230 0.025192846 0.023627991 0.041655298 0.005879532 0.010563957 0.999058902
1341846336.042129 -0.098446302 0.025166390 0.011297203 0.040621877 0.004670268 0.011221802 0.999100626
1341846336.078076 -0.099314913 0.023035912 0.006293319 0.040485155 0.002706170 0.010536592 0.999120891
1341846336.110739 -0.099100634 0.025356965 -0.000374666 0.041212648 0.002440895 0.008959159 0.999107242
1341846336.142002 -0.106864691 0.024453714 -0.018070016 0.040927611 0.002892192 0.009947199 0.999108374
1341846336.183953 -0.110522166 0.027745891 -0.025641361 0.040695895 0.000148402 0.011073067 0.999110162
1341846336.241891 -0.109052315 0.027015757 -0.035795853 0.038661234 -0.000803029 0.010214802 0.999199867
1341846336.277946 -0.116317973 0.022554388 -0.048552677 0.038935486 0.000005392 0.012801084 0.999159694
1341846336.309977 -0.120537750 0.021987822 -0.054146767 0.041629329 -0.002353034 0.015060575 0.999016821
1341846336.346143 -0.121846490 0.027557354 -0.063997217 0.043734882 -0.003627742 0.015914962 0.998909771
1341846336.377975 -0.120430633 0.025135022 -0.074846685 0.044285275 -0.003621801 0.015266468 0.998895645
1341846336.410032 -0.124029316 0.029303679 -0.083641432 0.045620300 -0.002617357 0.014979168 0.998843074
1341846336.446041 -0.127027482 0.035501912 -0.091896296 0.045394346 -0.003260080 0.015285438 0.998846889
1341846336.477990 -0.126876608 0.032899961 -0.095643759 0.044219710 -0.003289795 0.015097217 0.998902321
1341846336.510056 -0.128240690 0.031415839 -0.100359395 0.044430260 -0.002735229 0.015891884 0.998882353
1341846336.546024 -0.129995808 0.032563034 -0.107174389 0.045558587 -0.002728363 0.017653935 0.998801947
1341846336.578003 -0.133252561 0.037066519 -0.117606886 0.045325648 -0.002968489 0.019347662 0.998780489
1341846336.614020 -0.127675563 0.038506545 -0.117876410 0.044798136 -0.002769725 0.018660190 0.998817921
1341846336.645982 -0.135010183 0.043176763 -0.128580734 0.043961443 -0.001085959 0.017603468 0.998877525
1341846336.678036 -0.141797170 0.036548577 -0.130695194 0.041703921 -0.002592165 0.018125858 0.998962224
1341846336.714024 -0.142355844 0.031231046 -0.131999493 0.042957157 -0.004888924 0.018266434 0.998897910
1341846336.746016 -0.146956503 0.027663127 -0.138279557 0.046583626 -0.006685613 0.019954380 0.998692691
1341846336.778014 -0.149991572 0.035105422 -0.155316845 0.049583569 -0.010565012 0.023486402 0.998437881
1341846336.820006 -0.150947809 0.036575291 -0.161288813 0.050183665 -0.014275575 0.025420237 0.998314381
1341846336.882056 -0.152455732 0.038095690 -0.168234855 0.052927505 -0.016693892 0.024499396 0.998158216
1341846336.914273 -0.154259384 0.029932300 -0.178689286 0.054635130 -0.021285409 0.027168045 0.997909725
1341846336.945998 -0.148716226 0.027222136 -0.180263907 0.060699161 -0.028100206 0.030250123 0.997301817
1341846336.981980 -0.155493453 0.049907155 -0.187793240 0.065204583 -0.031340070 0.026594896 0.997025013
1341846337.014238 -0.153811067 0.053165004 -0.196799785 0.062215131 -0.034313604 0.025198815 0.997154355
1341846337.046017 -0.158698902 0.050493084 -0.187359571 0.060114119 -0.035272393 0.019933233 0.997368932
1341846337.082104 -0.160740301 0.050136343 -0.198449731 0.059357401 -0.035631191 0.017008625 0.997455657
1341846337.114317 -0.165407747 0.050760765 -0.196095735 0.057619937 -0.037743684 0.016760655 0.997484088
1341846337.150037 -0.164024860 0.050727960 -0.195456326 0.056066465 -0.039679702 0.015381288 0.997519672
1341846337.181873 -0.159822136 0.052346595 -0.197311521 0.055629134 -0.039756253 0.012458293 0.997581899
1341846337.214073 -0.165283620 0.059760910 -0.202259824 0.053816210 -0.037902072 0.010190165 0.997779250
1341846337.250087 -0.170610026 0.044186600 -0.209024161 0.050019663 -0.039375827 0.011705500 0.997903049
1341846337.282028 -0.168436736 0.047002360 -0.211934894 0.051558353 -0.043682482 0.014919345 0.997602582
1341846337.317920 -0.165962249 0.051155273 -0.207102507 0.051473863 -0.045055833 0.015016540 0.997544408
1341846337.350018 -0.166655466 0.058556441 -0.211944640 0.050321586 -0.044372968 0.015021750 0.997633696
1341846337.382159 -0.165369660 0.048696578 -0.211957499 0.046910457 -0.044201229 0.013074560 0.997834980
1341846337.417941 -0.166905075 0.041047152 -0.218881741 0.047309194 -0.043535173 0.013829567 0.997835279
1341846337.450137 -0.167765990 0.049568921 -0.231574088 0.048274390 -0.045393791 0.014753641 0.997693002
1341846337.482096 -0.164206579 0.045739502 -0.230737790 0.046425380 -0.045703184 0.015260074 0.997759044
1341846337.518008 -0.165987641 0.041151941 -0.228868112 0.047361247 -0.046105716 0.015306451 0.997695804
1341846337.549978 -0.169207335 0.052132182 -0.234110251 0.048205499 -0.046622630 0.013448180 0.997658074
1341846337.585971 -0.171210691 0.047832936 -0.232315481 0.045169447 -0.046673574 0.012184939 0.997814000
1341846337.617903 -0.162451074 0.030030038 -0.228570774 0.045415416 -0.048015840 0.013364835 0.997724056
1341846337.650141 -0.162726939 0.046368882 -0.235040605 0.048865501 -0.048298243 0.012481585 0.997558832
1341846337.686352 -0.167021722 0.052196417 -0.234836489 0.047352180 -0.047584880 0.012560084 0.997665107
1341846337.718002 -0.164153576 0.049466386 -0.223259106 0.045382965 -0.047307901 0.012623992 0.997768998
1341846337.749920 -0.158991605 0.052823842 -0.217635170 0.045291729 -0.045741335 0.011997404 0.997853935
1341846337.786157 -0.158632100 0.056026898 -0.222192988 0.042155772 -0.042826794 0.011949196 0.998121202
1341846337.817945 -0.155546188 0.053898849 -0.213894740 0.039903343 -0.041085925 0.014323988 0.998255730
1341846337.854071 -0.154382840 0.058102321 -0.211911678 0.038729936 -0.037775643 0.013131936 0.998449087
1341846337.885951 -0.158989072 0.063331194 -0.207801059 0.035928074 -0.035023928 0.010864402 0.998681366
1341846337.918223 -0.151824981 0.063435867 -0.199555382 0.031692345 -0.034357920 0.009041653 0.998866081
1341846337.954120 -0.154128075 0.058675133 -0.191416159 0.029077927 -0.032710198 0.007994049 0.999009848
1341846337.985994 -0.152726963 0.069994986 -0.189074501 0.027082792 -0.031855240 0.008476184 0.999089539
1341846338.018107 -0.149858713 0.062768430 -0.178547367 0.023209203 -0.030383443 0.009645535 0.999222279
1341846338.054055 -0.146737650 0.068859249 -0.176673934 0.021201057 -0.028996196 0.008761067 0.999316216
1341846338.085986 -0.141600296 0.067738354 -0.165648773 0.017592333 -0.026100935 0.008703124 0.999466598
1341846338.121875 -0.142913789 0.058433931 -0.159433350 0.014986309 -0.023736108 0.011025492 0.999545097
1341846338.154089 -0.148886651 0.062815979 -0.151999384 0.014637277 -0.022670763 0.013886490 0.999539375
1341846338.186029 -0.143504992 0.064637423 -0.142423078 0.013638853 -0.023482224 0.016053185 0.999502301
1341846338.222071 -0.136977687 0.068106644 -0.135224476 0.012482634 -0.022684773 0.015234108 0.999548674
1341846338.254107 -0.139603183 0.063533925 -0.124046639 0.010459080 -0.020559225 0.016031319 0.999605358
1341846338.290130 -0.138069198 0.061642442 -0.115537800 0.010831200 -0.020711098 0.017867073 0.999567151
1341846338.321952 -0.136135340 0.067197077 -0.106932491 0.011070240 -0.019793598 0.019613229 0.999550402
1341846338.354022 -0.131483436 0.065596238 -0.093508869 0.010420312 -0.019815503 0.020483743 0.999539495
1341846338.389969 -0.135089621 0.072808057 -0.090294458 0.010436528 -0.018193036 0.020176690 0.999576390
1341846338.422377 -0.133194059 0.069232635 -0.077099212 0.008332229 -0.018010307 0.020228252 0.999598444
1341846338.454010 -0.133058801 0.073546208 -0.066678628 0.007734588 -0.018278150 0.019324018 0.999616265
1341846338.489894 -0.129335538 0.069318868 -0.056245688 0.005561030 -0.019032737 0.019754697 0.999608219
1341846338.522066 -0.125438467 0.066697761 -0.048006672 0.006262850 -0.018941779 0.019510847 0.999610603
1341846338.558058 -0.128118545 0.073395446 -0.044711784 0.005852038 -0.018548487 0.018789539 0.999634266
1341846338.589842 -0.120327130 0.072423384 -0.027333988 0.003640227 -0.019586606 0.018732714 0.999626040
1341846338.622019 -0.120282680 0.072167739 -0.014122408 0.004654724 -0.018243078 0.019627504 0.999630094
1341846338.657984 -0.122353300 0.076013081 -0.010567026 0.004912884 -0.018287456 0.021549465 0.999588430
1341846338.690198 -0.114567652 0.078577422 -0.000940018 0.003058430 -0.019524796 0.020916149 0.999585867
1341846338.722454 -0.109299980 0.072808065 0.011786708 0.002062368 -0.018736899 0.021289345 0.999595642
1341846338.757945 -0.116044134 0.079412505 0.017098868 0.002592657 -0.018209549 0.023419661 0.999556482
1341846338.790039 -0.113100410 0.076982737 0.028424647 0.000218171 -0.020389773 0.023580808 0.999513924
1341846338.826048 -0.102632307 0.075441621 0.041716307 0.000619045 -0.020322099 0.022131732 0.999548316
1341846338.858027 -0.105314478 0.082468867 0.048511986 0.000795233 -0.018413665 0.021457743 0.999599874
1341846338.889902 -0.101351209 0.081877999 0.061834268 -0.001879277 -0.019644527 0.020992232 0.999584854
1341846338.925948 -0.097416535 0.079041593 0.070985205 -0.002484313 -0.019038070 0.018807633 0.999638736
1341846338.958108 -0.098194048 0.079859339 0.082510158 -0.002306572 -0.016828390 0.018263437 0.999688923
1341846338.990057 -0.095186092 0.076227039 0.096637107 -0.002371031 -0.017108148 0.019388605 0.999662876
1341846339.025928 -0.088312253 0.077397749 0.110088013 0.000033932 -0.016618943 0.019702017 0.999667764
1341846339.057939 -0.088215791 0.081242681 0.114257112 0.002815192 -0.014007944 0.019730495 0.999703228
1341846339.093927 -0.092999145 0.088204809 0.118444853 0.002096513 -0.014044578 0.020708162 0.999684691
1341846339.126562 -0.085502714 0.091918588 0.124655843 -0.000950027 -0.015573763 0.019631287 0.999685526
1341846339.157969 -0.077970810 0.095470428 0.144428089 -0.002815168 -0.013276523 0.016973590 0.999763787
1341846339.194113 -0.086711802 0.094099164 0.149070039 -0.005121756 -0.011461241 0.018775746 0.999744952
1341846339.228165 -0.081896022 0.096299738 0.158750132 -0.008617465 -0.013903596 0.021524085 0.999634504
1341846339.257998 -0.073502414 0.093201205 0.174732551 -0.011612423 -0.013744956 0.021739757 0.999601722
1341846339.294132 -0.076646686 0.097309493 0.182936177 -0.011129931 -0.010783084 0.022039535 0.999637008
1341846339.326577 -0.077459462 0.112278320 0.186131224 -0.014014268 -0.012659320 0.025282728 0.999501944
1341846339.362269 -0.071371712 0.105882704 0.201044813 -0.018532889 -0.015047221 0.022425132 0.999463499
1341846339.394725 -0.062672697 0.105321735 0.213689938 -0.019708104 -0.013927088 0.023032766 0.999443412
1341846339.462186 -0.055768102 0.104484580 0.229665399 -0.023304271 -0.015168529 0.022803642 0.999353170
1341846339.496743 -0.045187902 0.106253043 0.237433195 -0.020203138 -0.012059106 0.020523094 0.999512494
1341846339.562052 -0.049847014 0.101996996 0.259377837 -0.019503864 -0.008181897 0.022357611 0.999526262
1341846339.595122 -0.037577093 0.101817064 0.268888891 -0.017607411 -0.008585809 0.022269337 0.999560058
1341846339.632085 -0.034905061 0.104323462 0.273655623 -0.016153572 -0.004933136 0.019892657 0.999659419
1341846339.664568 -0.031666670 0.104246788 0.284718841 -0.015698910 -0.002339353 0.017613372 0.999718845
1341846339.698896 -0.030729601 0.101082481 0.296145111 -0.016332693 -0.001226351 0.017359164 0.999715149
1341846339.731977 -0.030214192 0.102467276 0.303382277 -0.015720503 -0.000650230 0.015149582 0.999761462
1341846339.762241 -0.022965530 0.098874554 0.315237880 -0.015931400 -0.000076513 0.015725022 0.999749422
1341846339.797873 -0.021082591 0.096887581 0.318909347 -0.016302342 0.000229017 0.017300712 0.999717355
1341846339.830245 -0.016324461 0.098355383 0.332266450 -0.016361719 -0.000559369 0.017438944 0.999713898
1341846339.862015 -0.014014005 0.098132014 0.334723204 -0.016819801 -0.000418603 0.017302338 0.999708772
1341846339.897797 -0.010738928 0.099057935 0.341440409 -0.017528310 0.000649327 0.016366223 0.999712229
1341846339.929916 -0.010780405 0.092836432 0.353443652 -0.018387903 0.002002804 0.018159371 0.999664009
1341846339.961960 -0.006951745 0.090347521 0.357566476 -0.017511072 0.001057193 0.019342106 0.999659002
1341846339.997845 -0.000266961 0.095142923 0.360835999 -0.015322006 0.001842534 0.018896805 0.999702334
1341846340.029925 0.001088976 0.091699563 0.365007669 -0.014937754 0.004442867 0.020391129 0.999670625
1341846340.066044 0.002429633 0.089565590 0.373458654 -0.012974147 0.005767829 0.021917358 0.999659002
1341846340.098009 0.004692787 0.092602298 0.380061477 -0.012024193 0.006248748 0.022157289 0.999662638
1341846340.130102 0.007112668 0.091828331 0.383201480 -0.012738661 0.006015047 0.021354023 0.999672711
1341846340.166041 0.011135193 0.092592344 0.389705956 -0.011414071 0.008198225 0.018942352 0.999721825
1341846340.197867 0.012511292 0.091846652 0.397376299 -0.010508996 0.010463173 0.019064609 0.999708235
1341846340.229904 0.013337130 0.094238542 0.402356625 -0.011723422 0.010298006 0.019154569 0.999694765
1341846340.265859 0.016605325 0.089013562 0.411397785 -0.012795364 0.011399670 0.018112229 0.999689102
1341846340.298061 0.020170292 0.090781972 0.422631234 -0.010390531 0.013474131 0.019042198 0.999673903
1341846340.334063 0.015210646 0.096077852 0.428328127 -0.011043748 0.013152191 0.021526197 0.999620736
1341846340.366064 0.022247232 0.091598704 0.434830129 -0.012915426 0.010707114 0.020232372 0.999654531
1341846340.397995 0.025398783 0.088330515 0.436692953 -0.011500604 0.011125872 0.019623322 0.999679387
1341846340.433895 0.026967652 0.090316132 0.445935845 -0.010713000 0.010821180 0.021152051 0.999660313
1341846340.465959 0.025416598 0.090191849 0.448193640 -0.010092487 0.009019579 0.022293141 0.999659836
1341846340.501858 0.034210283 0.088638321 0.445383161 -0.009518981 0.004426647 0.022786587 0.999685228
1341846340.534329 0.037306942 0.093156129 0.443096906 -0.008395803 0.003122219 0.022400968 0.999708891
1341846340.566041 0.041024137 0.089732081 0.445486426 -0.007326259 0.002107206 0.023090856 0.999704301
1341846340.601909 0.046500023 0.089638710 0.443215430 -0.004790002 0.001203575 0.023367902 0.999714732
1341846340.634005 0.050280843 0.091928385 0.439787686 -0.003918794 0.000396837 0.022495221 0.999739170
1341846340.666028 0.052387148 0.089687765 0.437832236 -0.004276022 0.000908705 0.020012215 0.999790192
1341846340.701946 0.055447996 0.087317534 0.434975415 -0.002601471 0.002181948 0.018204685 0.999828517
1341846340.733954 0.058232613 0.092618138 0.434377074 -0.001020836 0.003635026 0.016290924 0.999860168
1341846340.770081 0.057828952 0.094077259 0.432729453 -0.001685197 0.004250695 0.013837456 0.999893844
1341846340.801980 0.064369060 0.090998419 0.428274214 -0.002002204 0.004585151 0.008485570 0.999951482
1341846340.833999 0.063104406 0.095278934 0.427062899 -0.001747527 0.007211559 0.004521850 0.999962211
1341846340.870013 0.061206348 0.090708174 0.432048380 -0.003836130 0.007135931 0.003384655 0.999961436
1341846340.901955 0.064824097 0.089654624 0.428475559 -0.002699576 0.006708012 0.002293057 0.999971211
1341846340.933918 0.061700229 0.090365030 0.428039819 -0.000883867 0.006362907 0.005863560 0.999962151
1341846340.970122 0.058504052 0.090186998 0.424290478 0.000358592 0.003767411 0.010925999 0.999933124
1341846341.001922 0.057848025 0.086955361 0.420952708 0.001372819 -0.000006263 0.016189177 0.999867976
1341846341.037923 0.062402073 0.090450607 0.418942541 0.003106886 -0.003110281 0.018461352 0.999819875
1341846341.070300 0.061909724 0.088432550 0.415384263 0.003338551 -0.003688782 0.018334566 0.999819517
1341846341.102028 0.059580017 0.088022739 0.409196764 0.003088302 -0.004774296 0.018721769 0.999808550
1341846341.137982 0.060493939 0.086451940 0.407345027 0.003107770 -0.006854726 0.018975791 0.999791622
1341846341.170048 0.062672243 0.086830914 0.406526893 0.003771086 -0.007430867 0.019632153 0.999772549
1341846341.202110 0.063473985 0.082946412 0.401752114 0.004819346 -0.007852250 0.021547260 0.999725401
1341846341.237996 0.064756572 0.084943779 0.401992857 0.006840685 -0.007725139 0.021738565 0.999710441
1341846341.269883 0.061619267 0.085346967 0.401728004 0.008041000 -0.006948570 0.022549089 0.999689221
1341846341.306107 0.062027402 0.086639680 0.397578239 0.008701815 -0.007653400 0.021585975 0.999699831
1341846341.338109 0.064454377 0.087091818 0.395495534 0.009524445 -0.007613025 0.020484339 0.999715805
1341846341.370120 0.063039482 0.087073602 0.394099623 0.010166509 -0.006160086 0.017796218 0.999770939
1341846341.406074 0.059649464 0.085725635 0.391945124 0.009983843 -0.005346865 0.016926005 0.999792576
1341846341.438113 0.058288988 0.079971336 0.393547654 0.010654601 -0.007085891 0.016580360 0.999780655
1341846341.470024 0.061560165 0.082336821 0.391730249 0.013849098 -0.007665380 0.014871237 0.999764085
1341846341.506077 0.058322944 0.088448673 0.389233530 0.014197761 -0.006490438 0.013792438 0.999782979
1341846341.538156 0.053910147 0.084212787 0.389474571 0.012833858 -0.007833636 0.014586414 0.999780536
1341846341.574016 0.058805767 0.084101066 0.386431634 0.013814406 -0.010485416 0.015501671 0.999729395
1341846341.612466 0.056737933 0.086741872 0.382139325 0.014380738 -0.011032714 0.016372241 0.999701619
1341846341.643972 0.054761194 0.089860909 0.382670403 0.013911276 -0.012263111 0.015028630 0.999715090
1341846341.679982 0.053164266 0.085236959 0.381387234 0.013205732 -0.013407416 0.015052699 0.999709606
1341846341.712332 0.051006466 0.085644379 0.376011103 0.013904359 -0.015389130 0.018285565 0.999617636
1341846341.744185 0.053610858 0.085679010 0.379096538 0.014340565 -0.017950660 0.020861918 0.999518335
1341846341.780061 0.054678489 0.088231370 0.372588038 0.015005751 -0.018432112 0.021721330 0.999481499
1341846341.842595 0.057489857 0.082271732 0.371297002 0.016870053 -0.019573672 0.026767200 0.999307632
1341846341.906227 0.056140866 0.078930691 0.365964800 0.020165909 -0.019809008 0.030603388 0.999131799
1341846341.942069 0.060206778 0.071442544 0.363974154 0.022610381 -0.020250361 0.033140156 0.998989701
1341846341.974775 0.061760344 0.072399423 0.359003067 0.025934178 -0.020511782 0.035200398 0.998833120
1341846342.010161 0.057484262 0.072488405 0.359932125 0.026675651 -0.021440970 0.037032459 0.998727798
1341846342.042024 0.064961694 0.069360450 0.358500123 0.028156508 -0.022857875 0.037158389 0.998651087
1341846342.080032 0.064496219 0.074610442 0.355839044 0.030945525 -0.020344784 0.036631886 0.998642325
1341846342.112265 0.056747854 0.067616090 0.354728550 0.030486628 -0.018819498 0.038750384 0.998606443
1341846342.147954 0.060416970 0.062778279 0.356381208 0.032401145 -0.020516315 0.040864237 0.998428464
1341846342.179852 0.067886777 0.064453520 0.349711508 0.035286188 -0.020812929 0.042582061 0.998252690
1341846342.211848 0.063730806 0.067693278 0.354027897 0.036388118 -0.019634055 0.041934259 0.998264432
1341846342.247920 0.064587601 0.064406410 0.352385610 0.037378106 -0.019611489 0.040672872 0.998280525
1341846342.279870 0.065310754 0.063648537 0.353079170 0.038722679 -0.019146198 0.040801715 0.998233020
1341846342.316068 0.066219740 0.064870201 0.347254783 0.039996617 -0.019062050 0.042146180 0.998128533
1341846342.347894 0.067672335 0.067697816 0.344598413 0.040684950 -0.019200258 0.042106189 0.998099744
1341846342.379953 0.067407280 0.066277385 0.347363144 0.040807880 -0.018472616 0.042209323 0.998104095
1341846342.416195 0.065508515 0.067890927 0.346475244 0.041549008 -0.018003440 0.043308645 0.998035014
