1341846313.592026 0.000000000 0.000000000 0.000000000 0.000000000 0.000000000 0.000000000 1.000000000
1341846313.654184 0.010451154 -0.001553796 -0.002794466 -0.001177914 -0.003796509 0.005774439 0.999975443
1341846313.686156 0.015783425 0.001303903 -0.002828484 0.000444113 -0.005677716 0.004979398 0.999971390
1341846313.721918 0.021111500 0.004129806 -0.005742087 0.000668441 -0.006743253 0.006024920 0.999958873
1341846313.753994 0.026449533 0.002729604 -0.001014998 -0.000025832 -0.007212141 0.007270776 0.999947548
1341846313.789969 0.031100679 0.010747288 -0.001569087 0.002338817 -0.007575541 0.005687223 0.999952376
1341846313.822075 0.010629032 0.015474910 -0.007239495 0.002890815 -0.000686492 0.004637599 0.999984801
1341846313.853928 0.004389888 0.018549316 -0.005267037 0.002909899 0.003752054 0.003350742 0.999983132
1341846313.890011 -0.011517791 0.016734051 -0.008855173 0.002527155 0.009042408 0.003827259 0.999948621
1341846313.922055 -0.029491004 0.019352298 -0.012238714 0.000785930 0.013513785 0.004289044 0.999899209
1341846313.957927 -0.024577456 0.024154751 -0.005347038 -0.000192162 0.016774030 0.002780191 0.999855399
1341846313.990058 -0.043206166 0.025259882 -0.000810676 -0.001011377 0.026632948 0.002822726 0.999640763
1341846314.022042 -0.071225509 0.027678266 -0.007133234 -0.003041888 0.034030639 0.003931360 0.999408424
1341846314.057816 -0.144565463 0.038292091 -0.016397802 -0.004224397 0.052391063 0.006008633 0.998599648
1341846314.089801 -0.163685173 0.037546072 -0.013775902 -0.003432353 0.061459780 0.005936717 0.998086035
1341846314.122037 -0.176882327 0.031991787 -0.010707607 -0.005858501 0.068158895 0.008927219 0.997617364
1341846314.157989 -0.193234682 0.039327491 0.000987388 -0.006876377 0.075483702 0.008808311 0.997084439
1341846314.190094 -0.205184937 0.042162962 0.001711054 -0.006184937 0.082128897 0.009534081 0.996556938
1341846314.225969 -0.209292233 0.039910719 0.002196275 -0.009603369 0.084538490 0.012007997 0.996301591
1341846314.257923 -0.206417277 0.044991329 0.010750320 -0.010167331 0.086945191 0.012228440 0.996086180
1341846314.290052 -0.214284390 0.050551325 0.010514898 -0.007834944 0.090354629 0.010613199 0.995822251
1341846314.325981 -0.218528271 0.052828100 0.012345469 -0.009196229 0.093340777 0.008111252 0.995558679
1341846314.357905 -0.250589639 0.086684540 0.008568566 -0.003252037 0.103645101 0.004365930 0.994599462
1341846314.389899 -0.262019038 0.092610702 0.004062168 -0.000612735 0.108638175 0.003230507 0.994075954
1341846314.427905 -0.261686683 0.094423279 0.005379856 -0.000993578 0.111766353 0.001682954 0.993732572
1341846314.493987 -0.277459860 0.096539490 0.009716485 0.000672146 0.125248075 -0.003749564 0.992118120
1341846314.526085 -0.292499602 0.103227615 0.001348816 0.001579711 0.130551100 -0.006072735 0.991421700
1341846314.558292 -0.289899260 0.101389132 0.001601264 0.000234461 0.133968174 -0.005189511 0.990972042
1341846314.594085 -0.285240173 0.104673594 0.004851848 0.002450607 0.139112085 -0.006298927 0.990253568
1341846314.626096 -0.316680610 0.094250120 -0.001586683 0.000576495 0.148472250 -0.003868026 0.988908827
1341846314.658455 -0.333635509 0.100688420 -0.011671789 -0.000135222 0.153544128 -0.004470284 0.988131702
1341846314.694004 -0.304912031 0.097676568 0.000256665 0.000245077 0.154501542 -0.005256908 0.987978518
1341846314.725910 -0.316051841 0.107407928 0.004083149 0.006834407 0.159853905 -0.004153399 0.987108290
1341846314.761942 -0.321767569 0.107456565 -0.003959619 0.010788910 0.161048353 0.000379823 0.986887455
1341846314.794030 -0.319355458 0.115434609 -0.003315441 0.015099808 0.164492518 0.000548644 0.986262619
1341846314.826092 -0.336207569 0.129888132 -0.015108228 0.019561766 0.171856180 -0.000142487 0.984927773
1341846314.862145 -0.347637057 0.131082028 -0.024946056 0.019670619 0.177635416 0.001603065 0.983898401
1341846314.894072 -0.362810522 0.133047074 -0.033537142 0.020282216 0.184818819 0.003887389 0.982555568
1341846314.925969 -0.397892356 0.138798028 -0.014682055 0.021473236 0.194690704 0.006828805 0.980605841
1341846314.961937 -0.407577097 0.134117737 -0.019500926 0.017476574 0.197078645 0.012085393 0.980157375
1341846314.994564 -0.409265578 0.142371595 -0.023016647 0.015845733 0.199017942 0.012323541 0.979790211
1341846315.029900 -0.445669889 0.157956645 -0.012224004 0.018410427 0.210218415 0.008337645 0.977445483
1341846315.061965 -0.451625109 0.157582149 -0.015694842 0.017948167 0.213383555 0.012130341 0.976728261
1341846315.094388 -0.445904672 0.157631010 -0.013467029 0.018129101 0.211827636 0.012785958 0.977055252
1341846315.129851 -0.459320605 0.164756611 -0.015524864 0.021380082 0.215320379 0.010669279 0.976251125
1341846315.161941 -0.511822045 0.149524570 -0.024772763 0.015917821 0.223884001 0.017723404 0.974324584
1341846315.197984 -0.505825460 0.162006825 -0.018853605 0.011785856 0.221404135 0.014047488 0.975009739
1341846315.230076 -0.503817797 0.172171712 -0.016759411 0.009422618 0.221495524 0.009466359 0.975069940
1341846315.262069 -0.502292991 0.156281933 -0.018640712 0.003728273 0.218905777 0.012781751 0.975655198
1341846315.298000 -0.495229185 0.171612501 -0.003471956 0.005092985 0.215763703 0.013356590 0.976340950
1341846315.329931 -0.484707177 0.185074329 -0.000848055 0.011646367 0.213645503 0.013289123 0.976751447
1341846315.361981 -0.522948205 0.201511770 -0.002171949 0.020198077 0.219768628 0.014822001 0.975230277
1341846315.397962 -0.516575158 0.214647308 0.003421202 0.025409516 0.219604641 0.016414745 0.975119829
1341846315.429923 -0.563587725 0.236001864 0.006881163 0.032202180 0.229890883 0.016705958 0.972540021
1341846315.466047 -0.585953236 0.242135137 0.010172993 0.034214258 0.238284126 0.018025108 0.970425248
1341846315.497883 -0.590588868 0.236738041 0.009564281 0.033040471 0.241859853 0.023181910 0.969471395
1341846315.530008 -0.578185558 0.226743951 0.013587996 0.031358160 0.241764694 0.023963694 0.969531953
1341846315.566108 -0.593908548 0.228279293 0.018386230 0.030989897 0.246361211 0.025267486 0.968352914
1341846315.597986 -0.581654549 0.230234712 0.017490610 0.031280518 0.245755926 0.024438482 0.968518615
1341846315.630109 -0.576922715 0.226191983 0.015109718 0.030320244 0.246329114 0.023532072 0.968425989
1341846315.666042 -0.594880342 0.237013787 0.017127961 0.031023951 0.250942737 0.022144342 0.967251182
1341846315.698114 -0.611533165 0.240748972 0.022646636 0.025410049 0.257727325 0.020560645 0.965664625
1341846315.733985 -0.603103817 0.223466799 0.025374591 0.021292230 0.258690625 0.024420299 0.965416729
1341846315.766041 -0.593032479 0.232661679 0.012680948 0.023145290 0.253570259 0.024205292 0.966737032
1341846315.798188 -0.584878385 0.236556560 0.016703367 0.022924380 0.252359927 0.023258552 0.967082202
1341846315.834140 -0.591609120 0.245261982 0.025292173 0.025828583 0.255921543 0.021754757 0.966107547
1341846315.866751 -0.602224588 0.237438694 0.034465715 0.026725994 0.258953333 0.019690983 0.965319216
1341846315.898492 -0.589419365 0.241292104 0.026121274 0.028818987 0.256571501 0.021519618 0.965855777
1341846315.936901 -0.562071681 0.234536231 0.017640203 0.030304745 0.252923727 0.020409999 0.966796100
1341846315.966572 -0.567139804 0.235759452 0.019407094 0.033915643 0.254483998 0.019169448 0.966291964
1341846316.034204 -0.569440901 0.235833004 0.019491151 0.037279677 0.253288239 0.017313588 0.966517210
1341846316.066113 -0.570869684 0.233568043 0.022884279 0.039182737 0.252428472 0.017647002 0.966660857
1341846316.101867 -0.572234035 0.235843375 0.019110218 0.041013930 0.249985844 0.019993234 0.967173815
1341846316.134066 -0.546213090 0.219343334 0.011912167 0.036319442 0.241497338 0.017520674 0.969563305
1341846316.202049 -0.516011119 0.205795914 0.009191439 0.034342818 0.230274186 0.014676625 0.972408831
1341846316.233979 -0.514430165 0.200062186 0.011367649 0.033433922 0.228175253 0.014036771 0.972944617
1341846316.270052 -0.537669957 0.190317646 0.009773135 0.030047623 0.232446656 0.010148687 0.972091913
1341846316.301915 -0.548486292 0.182810247 0.016678318 0.029528199 0.234845862 0.007950693 0.971551478
1341846316.334208 -0.519173861 0.158238828 0.015627265 0.027000081 0.227899522 0.012743100 0.973226786
1341846316.370006 -0.504360020 0.159701914 0.016914293 0.029407093 0.223214462 0.013500201 0.974232137
1341846316.401994 -0.507766008 0.150785848 0.009758055 0.029787971 0.221756041 0.016513610 0.974507213
1341846316.438069 -0.490535378 0.161991581 -0.001711771 0.034616634 0.217055187 0.019440642 0.975351632
1341846316.470076 -0.473314553 0.158892155 -0.004199475 0.038801052 0.212332800 0.022423614 0.976169288
1341846316.502034 -0.430617392 0.155916706 -0.019554213 0.038216513 0.200415745 0.024453556 0.978659809
1341846316.537975 -0.409334213 0.147641316 -0.018171966 0.035025187 0.193588153 0.020954447 0.980233550
1341846316.570121 -0.376069099 0.142267659 -0.017330199 0.034210309 0.186934590 0.018420625 0.981603682
1341846316.601885 -0.352805614 0.132200509 -0.013412565 0.034223292 0.181406558 0.014375247 0.982707381
1341846316.638009 -0.323059916 0.129256785 -0.013148010 0.036378995 0.173810750 0.015187924 0.983989716
1341846316.669925 -0.305017859 0.128257051 -0.011978552 0.038344845 0.169494435 0.014569743 0.984677136
1341846316.705941 -0.289880157 0.125899747 -0.001313895 0.042518318 0.166670084 0.014757761 0.984984994
1341846316.738062 -0.297762841 0.119424403 -0.015389547 0.043584093 0.165500954 0.017814832 0.985085011
1341846316.770433 -0.273383588 0.114144742 -0.018509775 0.041357215 0.159188122 0.018752633 0.986203372
1341846316.805932 -0.273106456 0.115935549 -0.010985233 0.042700600 0.158961818 0.016588435 0.986221373
1341846316.838029 -0.256390721 0.104292586 -0.008546710 0.041988067 0.153121382 0.017726026 0.987155795
1341846316.870034 -0.241670474 0.104089811 -0.007670969 0.042590760 0.146441028 0.019043675 0.988118589
1341846316.906344 -0.234632283 0.100987554 -0.006690405 0.042792697 0.141302347 0.017733108 0.988882184
1341846316.937940 -0.228464782 0.098080143 -0.009657122 0.041820284 0.138158500 0.016009971 0.989397287
1341846316.973994 -0.219832227 0.085855357 -0.011135690 0.038409833 0.133113548 0.016628545 0.990216613
1341846317.005913 -0.218919709 0.094191737 -0.012867235 0.039613578 0.129610837 0.018146299 0.990607142
1341846317.037936 -0.225353897 0.096580945 -0.013835203 0.040761568 0.127204329 0.018700805 0.990862131
1341846317.073972 -0.206579879 0.086524375 -0.010777589 0.040134247 0.121270500 0.019882843 0.991608500
1341846317.106113 -0.184521288 0.077872016 -0.005589817 0.040993031 0.114918746 0.022709800 0.992268860
1341846317.137887 -0.182851285 0.084772117 -0.016063988 0.045616150 0.106411107 0.026835365 0.992912710
1341846317.173970 -0.184229612 0.086743020 -0.023870829 0.046670176 0.098458141 0.028684577 0.993632257
1341846317.205887 -0.199941978 0.092929214 -0.025879055 0.048032783 0.097468480 0.029846512 0.993630648
1341846317.248131 -0.194241434 0.096735924 -0.031817570 0.050195165 0.092276320 0.031546213 0.993966937
1341846317.306289 -0.198531866 0.099638656 -0.048666991 0.052525744 0.082659200 0.037153937 0.994498909
1341846317.348137 -0.216663688 0.100452147 -0.054899443 0.054770883 0.086373851 0.039387222 0.993976057
1341846317.410120 -0.246130943 0.097213328 -0.049769402 0.055158865 0.088306688 0.043965828 0.993592680
1341846317.442569 -0.254170924 0.096137732 -0.052321978 0.058616187 0.088861898 0.044186115 0.993335426
1341846317.474010 -0.261896312 0.096590325 -0.045749038 0.064438581 0.089344203 0.047262583 0.992789745
1341846317.509927 -0.264058590 0.097827367 -0.055154871 0.066874638 0.085687764 0.050785609 0.992776990
1341846317.542282 -0.249213040 0.089031681 -0.062958375 0.063752107 0.079153650 0.050485559 0.993539929
1341846317.573943 -0.283686161 0.094855450 -0.055853896 0.065286227 0.085732058 0.048530463 0.992991686
1341846317.610159 -0.291999817 0.094758466 -0.051122241 0.068167172 0.087712094 0.049106382 0.992596805
1341846317.643553 -0.284832507 0.108601831 -0.053078689 0.072782077 0.083809249 0.055939090 0.992244720
1341846317.677993 -0.289141059 0.108362302 -0.043408528 0.074407190 0.080290541 0.059331119 0.992218137
1341846317.709996 -0.277779996 0.110453188 -0.053149577 0.076872632 0.074191704 0.058668114 0.992544293
1341846317.741834 -0.263123393 0.109052487 -0.059246592 0.075486802 0.069238774 0.058292590 0.993030548
1341846317.777923 -0.261853933 0.112446696 -0.061212037 0.074576646 0.067569651 0.057424899 0.993264854
1341846317.810021 -0.254146516 0.107959375 -0.053685173 0.073268421 0.063172691 0.056175727 0.993722916
1341846317.841886 -0.235505074 0.116787195 -0.067006737 0.073605411 0.057733458 0.054049172 0.994146764
1341846317.878017 -0.218396395 0.111476079 -0.067398086 0.069865100 0.053686108 0.049770847 0.994866610
1341846317.909910 -0.203789294 0.113568433 -0.062352590 0.069737218 0.051635642 0.045503963 0.995188355
1341846317.946031 -0.183120772 0.110317513 -0.063366540 0.070454873 0.047584277 0.046774726 0.995280862
1341846317.978041 -0.147210568 0.099274181 -0.056968179 0.070276946 0.038653590 0.045643739 0.995732784
1341846318.009897 -0.172865570 0.101423956 -0.060061816 0.072612040 0.043416258 0.045109823 0.995393157
1341846318.045949 -0.146740437 0.094762981 -0.060946580 0.071120687 0.038655259 0.042080998 0.995829701
1341846318.078074 -0.104957804 0.089406453 -0.058663502 0.069009148 0.028197456 0.038748365 0.996464372
1341846318.109894 -0.074326254 0.087643228 -0.055575535 0.068007335 0.017652337 0.033958599 0.996950448
1341846318.145957 -0.084643193 0.085419051 -0.057759073 0.066757239 0.017033419 0.032542154 0.997092903
1341846318.178001 -0.082883738 0.089326218 -0.054418050 0.067259811 0.016331803 0.029645886 0.997161210
1341846318.214074 -0.057754081 0.081569284 -0.049564376 0.066212974 0.008474110 0.028458126 0.997363627
1341846318.245970 -0.042350069 0.082793750 -0.046178360 0.069667794 -0.000438841 0.028458925 0.997164130
1341846318.278018 -0.039834011 0.087265640 -0.049156293 0.073819071 -0.006473275 0.028398952 0.996846199
1341846318.313937 -0.015251326 0.096018590 -0.050269783 0.076888561 -0.018859453 0.029637637 0.996420681
1341846318.345989 -0.012077428 0.101709679 -0.041841723 0.079929970 -0.029525641 0.029034903 0.995939970
1341846318.382046 -0.005869020 0.100346714 -0.040933624 0.081401832 -0.038217645 0.027979258 0.995555282
1341846318.414072 0.001144500 0.104348257 -0.038765159 0.083735518 -0.047943052 0.030967258 0.994852185
1341846318.446035 0.011664909 0.096937642 -0.037866578 0.084837645 -0.055818196 0.029311461 0.994398177
1341846318.482196 0.010175979 0.091667995 -0.041030370 0.084324338 -0.058417432 0.028786074 0.994307876
1341846318.514144 0.017034598 0.106569231 -0.056220070 0.087045319 -0.062565945 0.030795109 0.993760645
1341846318.546259 0.018168207 0.103154965 -0.055521362 0.088525169 -0.065140016 0.029864317 0.993492901
1341846318.582042 0.020994833 0.105472833 -0.069001868 0.089852311 -0.066671140 0.031160124 0.993232369
1341846318.614115 0.025837000 0.113268733 -0.093842253 0.090550609 -0.069899768 0.032407314 0.992906988
1341846318.650038 0.012156574 0.102227703 -0.089942202 0.088544026 -0.069022343 0.029044379 0.993253350
1341846318.682350 0.001859464 0.104738176 -0.095154956 0.088770777 -0.069006361 0.029325601 0.993225992
1341846318.714063 -0.012961204 0.088592008 -0.079987817 0.085413754 -0.068982936 0.028288700 0.993552029
1341846318.749905 -0.030871801 0.083744213 -0.084987365 0.085904449 -0.067289926 0.029074822 0.993603110
1341846318.782036 -0.048299111 0.088000983 -0.095734231 0.087657645 -0.067016743 0.030866833 0.993414402
1341846318.814121 -0.056248143 0.088627897 -0.090770207 0.088071086 -0.073384538 0.029190814 0.992978394
1341846318.850072 -0.083384894 0.087798260 -0.091236487 0.088781230 -0.077232212 0.025178708 0.992733121
1341846318.883516 -0.097880542 0.094365619 -0.094872706 0.093117729 -0.083437100 0.023419520 0.991876483
1341846318.918047 -0.108777508 0.094880417 -0.089569747 0.095998101 -0.095500410 0.022006985 0.990545154
1341846318.950044 -0.124079049 0.093061544 -0.095995694 0.097830817 -0.104140148 0.018438499 0.989567578
1341846318.982028 -0.122732431 0.090670660 -0.102035820 0.098796025 -0.108962439 0.016526606 0.988986075
1341846319.018123 -0.130669847 0.087592110 -0.099948749 0.097964264 -0.115343638 0.017218878 0.988333106
1341846319.050745 -0.129195988 0.087487027 -0.097300887 0.100152560 -0.121514849 0.014621132 0.987415731
1341846319.081905 -0.139107123 0.092906877 -0.112474434 0.105953172 -0.120700158 0.013082782 0.986931741
1341846319.117976 -0.160543650 0.095567197 -0.118169807 0.108299553 -0.119070113 0.017821593 0.986800849
1341846319.150093 -0.190506250 0.092756376 -0.110034458 0.109951556 -0.121424451 0.022813365 0.986228347
1341846319.186069 -0.176679373 0.109396964 -0.135364756 0.112304814 -0.124064691 0.025092131 0.985579014
1341846319.218149 -0.206147850 0.115943059 -0.155835122 0.109352611 -0.116494492 0.024220344 0.986855805
1341846319.250034 -0.238610074 0.118257001 -0.151347607 0.104134299 -0.107583247 0.021992350 0.988482833
1341846319.286594 -0.269619316 0.117893584 -0.145882085 0.103002273 -0.102028742 0.025207093 0.989113390
1341846319.318034 -0.307470620 0.121308021 -0.150937229 0.104752824 -0.097116552 0.026055409 0.989401996
1341846319.350268 -0.346510112 0.121183008 -0.148459181 0.105874106 -0.092923984 0.030796362 0.989549100
1341846319.386163 -0.381289363 0.118798867 -0.146539152 0.107678927 -0.093369007 0.037022978 0.989098966
1341846319.418386 -0.376224697 0.119739845 -0.143299878 0.108795889 -0.100949280 0.039820477 0.988123000
1341846319.453961 -0.370531470 0.129773527 -0.151803672 0.110104017 -0.103426144 0.036552187 0.987848163
1341846319.486271 -0.369760722 0.126043946 -0.161578804 0.107985646 -0.104663394 0.037377156 0.987920880
1341846319.554083 -0.367862612 0.126281515 -0.166140974 0.101848744 -0.112230398 0.038167890 0.987711668
1341846319.586296 -0.384159863 0.125415668 -0.174244314 0.102263778 -0.110257141 0.034648381 0.988020718
1341846319.622031 -0.397603542 0.120446295 -0.181609958 0.099495016 -0.113125436 0.034590364 0.987981260
1341846319.653962 -0.399443209 0.105968677 -0.176746696 0.097211100 -0.118543446 0.033036377 0.987626433
1341846319.686352 -0.402076185 0.104077078 -0.174185589 0.098583542 -0.122791193 0.034978915 0.986904323
1341846319.721992 -0.395859122 0.116572611 -0.186507553 0.100112028 -0.128460318 0.037040591 0.985953093
1341846319.754063 -0.397312194 0.133605614 -0.187393904 0.099185430 -0.130708531 0.036668602 0.985765159
1341846319.786397 -0.400103003 0.126995847 -0.185069561 0.093504176 -0.130163074 0.039297443 0.986291170
1341846319.822008 -0.418024272 0.117238514 -0.202209502 0.088537954 -0.130041212 0.044832826 0.986529410
1341846319.853917 -0.412867934 0.120339662 -0.193596572 0.083982095 -0.132369071 0.050426111 0.986348093
1341846319.889942 -0.410406321 0.108654968 -0.176460654 0.079660006 -0.133516371 0.055475850 0.986280918
1341846319.922039 -0.427583843 0.091675751 -0.190405160 0.077040248 -0.135830522 0.056903284 0.986091673
1341846319.953946 -0.409976155 0.075338408 -0.196386769 0.075308509 -0.143875241 0.052782089 0.985313416
1341846319.990054 -0.445703834 0.098913729 -0.177604377 0.082749330 -0.143476129 0.043135837 0.985244334
1341846320.028122 -0.444630563 0.098607138 -0.171246856 0.084336057 -0.148199409 0.044234559 0.984361529
1341846320.090047 -0.416322023 0.116669200 -0.162061036 0.091670148 -0.158022180 0.043082867 0.982226789
1341846320.122011 -0.409799159 0.121711038 -0.167786032 0.092691101 -0.155852973 0.043999456 0.982436895
1341846320.157952 -0.405977607 0.120468244 -0.165013239 0.093137056 -0.153180659 0.043350704 0.982843757
1341846320.190003 -0.385603517 0.104717240 -0.161050841 0.094510853 -0.150992632 0.041126445 0.983146787
1341846320.221941 -0.370834470 0.107506864 -0.153303027 0.098684207 -0.149086699 0.042697705 0.982960582
1341846320.258015 -0.369294047 0.105174199 -0.148436725 0.103201635 -0.147678092 0.044287391 0.982638955
1341846320.289887 -0.324892402 0.089550346 -0.139146000 0.106088541 -0.153438181 0.047104169 0.981317043
1341846320.321954 -0.281100303 0.083069809 -0.131133944 0.113867849 -0.158487409 0.047639303 0.979615390
1341846320.357890 -0.274836689 0.109937310 -0.126668274 0.122518532 -0.158086568 0.046820909 0.978675485
1341846320.390064 -0.240942284 0.110397682 -0.117667750 0.123983711 -0.157328621 0.047359448 0.978587151
1341846320.426544 -0.216014042 0.107936084 -0.109898642 0.127099931 -0.151532367 0.042706430 0.979315937
1341846320.458122 -0.168308303 0.101642512 -0.109021015 0.127353176 -0.147409856 0.039142277 0.980060875
1341846320.490186 -0.102682307 0.096631855 -0.099875286 0.129463270 -0.146652982 0.039694242 0.979875743
1341846320.525911 -0.053171970 0.102047004 -0.113409355 0.132990569 -0.142401144 0.036934696 0.980138361
1341846320.558091 -0.002360266 0.111299098 -0.096834801 0.135660782 -0.142509982 0.032039419 0.979928851
1341846320.594093 0.049243331 0.111951277 -0.073153988 0.137167156 -0.142418206 0.027943881 0.979857802
1341846320.631955 0.082814261 0.114725567 -0.073368363 0.139635548 -0.137075782 0.027035328 0.980296493
1341846320.664916 0.117852785 0.123440668 -0.039437599 0.141809732 -0.138848335 0.024890799 0.979791582
1341846320.699927 0.135351300 0.120550022 -0.039473020 0.141667560 -0.136676624 0.023236914 0.980158091
1341846320.731822 0.159006923 0.125206143 -0.032142624 0.144364819 -0.131731927 0.022141876 0.980466843
1341846320.763877 0.163399220 0.149417460 -0.034977965 0.144132152 -0.129196554 0.022660853 0.980826497
1341846320.799999 0.169670761 0.139934301 -0.025589973 0.137895077 -0.131244972 0.015996857 0.981582284
1341846320.831871 0.179220006 0.122053564 -0.000433952 0.138405070 -0.122139245 0.013215116 0.982726514
1341846320.863887 0.187732637 0.130547807 -0.012147449 0.136877880 -0.114261061 0.016131936 0.983843803
1341846320.900014 0.212625638 0.126148418 0.002336517 0.129623726 -0.120171197 0.019998889 0.984051108
1341846320.931889 0.247628421 0.125973672 0.023753420 0.132091075 -0.123302057 0.015975112 0.983409047
1341846320.967866 0.303825706 0.121560268 0.022270344 0.128713325 -0.124946594 0.016623767 0.983638585
1341846321.000017 0.331462681 0.119971775 0.047209740 0.123671144 -0.128529519 0.015772656 0.983837783
1341846321.031860 0.376475811 0.117383353 0.060843810 0.122264855 -0.132488579 0.012859059 0.983530760
1341846321.068047 0.413025498 0.126014590 0.063141204 0.123362698 -0.133250028 0.012119143 0.983300209
1341846321.099840 0.442567378 0.127862200 0.078122899 0.121344090 -0.135818526 0.013164189 0.983186483
1341846321.131821 0.471189260 0.121012174 0.100527816 0.121637523 -0.135943681 0.012424044 0.983142555
1341846321.167887 0.500116289 0.126963615 0.120588854 0.124814659 -0.135628358 0.015053254 0.982751071
1341846321.200042 0.544157267 0.132325083 0.139276952 0.125473544 -0.139437243 0.016795492 0.982105672
1341846321.231950 0.574599087 0.137283206 0.163225383 0.126490459 -0.142291859 0.016326146 0.981573582
1341846321.267939 0.623148024 0.146059617 0.172077209 0.128424615 -0.145602390 0.011690896 0.980902851
1341846321.299948 0.635683894 0.134149894 0.174394578 0.126500055 -0.142136261 0.006164230 0.981711268
1341846321.331858 0.654729187 0.139658511 0.201562047 0.128335401 -0.142079160 0.004293151 0.981491268
1341846321.367913 0.687926471 0.128353268 0.199757785 0.128946051 -0.142192870 -0.000315995 0.981404066
1341846321.399897 0.707892537 0.137384236 0.214600995 0.132301509 -0.139528722 -0.000724594 0.981339633
1341846321.435994 0.704699516 0.133300692 0.215705588 0.133582547 -0.135442108 -0.001189468 0.981738091
1341846321.467946 0.719355226 0.137598991 0.230606496 0.136215195 -0.134219274 0.000178168 0.981544971
1341846321.499882 0.758327127 0.144048631 0.247624084 0.138532832 -0.136011392 0.002181449 0.980971336
1341846321.536109 0.791761756 0.156905144 0.239100635 0.139639378 -0.132387236 -0.000929623 0.981312156
1341846321.568960 0.775187433 0.167575404 0.255823046 0.138356894 -0.124839023 -0.003793764 0.982475519
1341846321.603938 0.779212117 0.159741417 0.260159105 0.134614751 -0.122150131 -0.004231441 0.983331203
1341846321.637163 0.809605002 0.154607743 0.233591259 0.130330175 -0.117551677 -0.007467613 0.984449029
1341846321.668306 0.788985193 0.168751493 0.253491700 0.128342390 -0.107352071 -0.004067399 0.985894084
1341846321.704411 0.767405987 0.164588660 0.255969882 0.123988651 -0.104460649 0.002773112 0.986765981
1341846321.736861 0.789602160 0.168502256 0.269029230 0.122233085 -0.109468833 0.011537518 0.986378491
1341846321.771881 0.821813107 0.180070713 0.272512585 0.119235456 -0.112862960 0.017736275 0.986270905
1341846321.804114 0.818218827 0.175680786 0.273931742 0.114787802 -0.109145544 0.018183060 0.987208366
1341846321.836152 0.816728890 0.187265739 0.281723022 0.113118514 -0.106490016 0.017490609 0.987703502
1341846321.871882 0.820637524 0.198334545 0.287754714 0.109481983 -0.105265483 0.013618461 0.988305330
1341846321.904074 0.828890562 0.195648268 0.288121641 0.103313722 -0.104349554 0.009954268 0.989109874
1341846321.939847 0.827923715 0.184939578 0.291810602 0.098824792 -0.100704119 0.006020278 0.989977837
1341846322.004094 0.820020080 0.181834787 0.291347176 0.092093289 -0.101967469 0.004775751 0.990504265
1341846322.066178 0.848739088 0.168941304 0.293899864 0.086796075 -0.099390253 0.001343603 0.991254866
1341846322.107979 0.841732025 0.152742073 0.298879445 0.083806433 -0.096972942 0.000022354 0.991752386
1341846322.166164 0.843339384 0.121755093 0.294418156 0.084920190 -0.097451128 0.001408291 0.991609693
1341846322.202932 0.847845197 0.119175047 0.292308569 0.086400799 -0.100183852 0.001485994 0.991209328
1341846322.234093 0.845572770 0.112487584 0.288471162 0.084925897 -0.101095013 -0.001274961 0.991244555
1341846322.265941 0.847230136 0.097057961 0.288732588 0.081239231 -0.104513377 -0.000754491 0.991199553
1341846322.301996 0.859084547 0.082385764 0.292799503 0.078974761 -0.107481740 -0.000273249 0.991065383
1341846322.333949 0.848755240 0.059283089 0.282799423 0.076229788 -0.108196996 0.000147987 0.991202533
1341846322.369871 0.864322722 0.041619919 0.293144703 0.076774627 -0.115453906 -0.003885224 0.990333796
1341846322.402292 0.881835401 0.019195370 0.291054696 0.077792324 -0.114966162 -0.009983677 0.990268409
1341846322.433955 0.850427389 -0.009503661 0.289615810 0.081902452 -0.109786645 -0.013484461 0.990483224
1341846322.470030 0.857549667 -0.016799551 0.292807758 0.089326322 -0.115701191 -0.007674853 0.989229560
1341846322.502433 0.871445596 -0.034787610 0.293186724 0.093980871 -0.120134816 -0.004835981 0.988287330
1341846322.534002 0.869586885 -0.042662911 0.298910975 0.103348680 -0.120016538 -0.001973443 0.987375915
1341846322.570196 0.884724855 -0.044738851 0.301015675 0.113826148 -0.122662164 0.003710272 0.985892415
1341846322.601920 0.874197960 -0.075454630 0.288440973 0.114263825 -0.124340378 0.006442600 0.985617459
1341846322.638119 0.894711137 -0.101627998 0.297133446 0.117647231 -0.129677832 0.006711477 0.984529197
1341846322.669947 0.897080243 -0.110440299 0.297802866 0.122303918 -0.126047671 0.005793397 0.984439015
1341846322.702026 0.883082330 -0.126197994 0.295563370 0.123635657 -0.123409629 0.008782822 0.984584749
1341846322.738006 0.890581429 -0.119005248 0.299813449 0.126246452 -0.127092630 0.010235833 0.983770549
1341846322.770087 0.893920422 -0.141996726 0.301641941 0.125667483 -0.126099110 0.008901698 0.983985484
1341846322.806047 0.891906440 -0.160542786 0.298376799 0.127344921 -0.126724720 0.013096729 0.983642519
1341846322.838063 0.878223121 -0.181360647 0.293288410 0.126620919 -0.129504398 0.014295312 0.983357191
1341846322.870081 0.872886181 -0.198335215 0.297788560 0.127770424 -0.133368671 0.013796221 0.982698917
1341846322.906018 0.890241683 -0.207260817 0.311893344 0.132226616 -0.136954382 0.014494642 0.981605589
1341846322.938349 0.895430148 -0.180554599 0.317793190 0.135023192 -0.137136176 0.017644411 0.981147826
1341846322.970069 0.893522620 -0.182834536 0.317804515 0.130894780 -0.136945784 0.018085107 0.981725693
1341846323.011820 0.897464335 -0.200445950 0.322496802 0.127509102 -0.137194663 0.018143488 0.982135355
1341846323.073951 0.893984616 -0.198189229 0.324077815 0.124791346 -0.137062937 0.022554129 0.982411385
1341846323.105962 0.890976429 -0.228554815 0.324497283 0.119838305 -0.136450112 0.020815644 0.983151495
1341846323.138158 0.894122064 -0.224712223 0.322591722 0.121858105 -0.136782289 0.017346814 0.982924342
1341846323.174092 0.892173290 -0.216824412 0.322656095 0.121083081 -0.137257442 0.017204147 0.982956409
1341846323.206059 0.901933074 -0.217007875 0.325654089 0.119596668 -0.138353363 0.014786012 0.983024120
1341846323.238053 0.904103458 -0.221818417 0.327483356 0.116844364 -0.135514244 0.011602944 0.983793020
1341846323.273997 0.892266750 -0.213823736 0.325411201 0.114176743 -0.135058746 0.013487351 0.984144807
1341846323.305946 0.896765351 -0.201568037 0.330823720 0.112316750 -0.139059126 0.014507760 0.983787119
1341846323.342027 0.908683479 -0.246118873 0.334754109 0.105511069 -0.137095034 0.011022141 0.984860897
1341846323.374048 0.898791254 -0.237389192 0.330143064 0.108345807 -0.133900136 0.014039839 0.984954238
1341846323.405987 0.898799360 -0.230261832 0.328285843 0.110054016 -0.139214247 0.020296331 0.983918428
1341846323.441956 0.900497198 -0.247113794 0.331558973 0.110117666 -0.142501131 0.020564888 0.983435094
1341846323.473878 0.903382301 -0.263753146 0.327676594 0.113449320 -0.140996590 0.019346904 0.983298004
1341846323.506129 0.905991733 -0.274328858 0.327867210 0.113516495 -0.142200038 0.017829141 0.983145654
1341846323.541972 0.914585948 -0.271009564 0.332400620 0.113279328 -0.142767966 0.015358079 0.983132362
1341846323.573913 0.922367752 -0.278238803 0.326813668 0.114714757 -0.137858093 0.007881299 0.983754814
1341846323.609927 0.914252996 -0.221730173 0.321464121 0.125587195 -0.130974829 0.007538754 0.983370006
1341846323.642014 0.898751199 -0.222210556 0.319752932 0.125876352 -0.128472224 0.007858885 0.983660638
1341846323.674081 0.899403214 -0.232809126 0.322491169 0.125335038 -0.130714923 0.011475389 0.983398736
1341846323.710069 0.906990230 -0.272952616 0.318323851 0.122499384 -0.133135080 0.013720788 0.983402610
1341846323.742111 0.943397999 -0.272745609 0.324526519 0.128342435 -0.141576737 0.015659720 0.981447458
1341846323.774928 0.905158162 -0.274389386 0.312074304 0.131636664 -0.136520043 0.012386855 0.981774271
1341846323.810012 0.901824534 -0.286826521 0.313023746 0.132031277 -0.137072563 0.008656634 0.981684208
1341846323.842207 0.907758236 -0.282283098 0.311463416 0.135855570 -0.137427539 0.003571670 0.981144309
1341846323.878019 0.907447696 -0.282459378 0.309202611 0.138323188 -0.138507783 0.000015686 0.980654001
1341846323.909826 0.908155501 -0.294912785 0.305023819 0.141909778 -0.139694184 -0.003374556 0.979967237
1341846323.942459 0.912855506 -0.289938986 0.307088733 0.146110773 -0.140714750 -0.001113746 0.979208767
1341846323.978055 0.931532562 -0.307758659 0.313179970 0.145563290 -0.148719743 -0.002162274 0.978104889
1341846324.015934 0.909481704 -0.283661306 0.311031729 0.153841928 -0.145050108 0.001014061 0.977390468
1341846324.047722 0.912493289 -0.289068967 0.309471339 0.155321851 -0.143641993 0.000472964 0.977364779
1341846324.083904 0.908067942 -0.266731948 0.311073750 0.157334968 -0.141771212 0.000576749 0.977315843
1341846324.115968 0.909782827 -0.280031204 0.307230085 0.153263748 -0.140071705 -0.003039574 0.978202879
1341846324.151967 0.916581929 -0.282727093 0.304481834 0.152216777 -0.137522727 -0.007344873 0.978705049
1341846324.183941 0.907176435 -0.259149909 0.305623829 0.152240530 -0.132527888 -0.012353635 0.979339898
1341846324.219984 0.907659948 -0.261562556 0.311458200 0.146808922 -0.131213158 -0.010197161 0.980370462
1341846324.251968 0.903611898 -0.270406038 0.312323570 0.144943744 -0.131024286 -0.011641419 0.980657101
1341846324.284052 0.895685256 -0.255770385 0.312837869 0.146243915 -0.131035611 -0.012114674 0.980456829
1341846324.319880 0.892507017 -0.237053379 0.309158206 0.146092981 -0.134201124 -0.013460447 0.980033517
1341846324.351917 0.939969957 -0.195628405 0.318947047 0.146940544 -0.144395798 -0.012491709 0.978469372
1341846324.388001 0.904927433 -0.214889631 0.314666301 0.138598606 -0.137591809 -0.019665780 0.980546892
1341846324.419908 0.899946272 -0.199383944 0.317202061 0.134787232 -0.135301858 -0.023099059 0.981321692
1341846324.452027 0.896856129 -0.196537346 0.321878403 0.130839005 -0.135292321 -0.022717834 0.981866121
1341846324.487928 0.911322474 -0.173297450 0.325794637 0.132605508 -0.138477847 -0.018687654 0.981269836
1341846324.519985 0.892677188 -0.191131413 0.317567319 0.125109822 -0.138305113 -0.014764833 0.982344747
1341846324.556001 0.886859715 -0.176180631 0.318154842 0.122667164 -0.142677978 -0.012981512 0.982052565
1341846324.587888 0.928693414 -0.144973263 0.333542317 0.122679703 -0.152491316 -0.008412188 0.980625033
1341846324.620086 0.888593256 -0.160202920 0.324195385 0.117609873 -0.148233041 -0.015397121 0.981813550
1341846324.655955 0.891173780 -0.155907914 0.323349833 0.115048461 -0.149043798 -0.016207477 0.981981277
1341846324.688082 0.922604203 -0.146053597 0.340624481 0.115210548 -0.154730484 -0.012435956 0.981137335
1341846324.755922 0.881494582 -0.138747647 0.331458628 0.111362115 -0.152873188 -0.010099183 0.981899321
1341846324.814016 0.889528334 -0.096315332 0.323162258 0.108801521 -0.157210901 -0.017282018 0.981401205
1341846324.849979 0.888628244 -0.090722799 0.334184706 0.103124425 -0.155466780 -0.018744042 0.982264757
1341846324.881924 0.879084766 -0.149967030 0.334497780 0.089453258 -0.156254694 -0.020100359 0.983452380
1341846324.913902 0.882878482 -0.089888871 0.339894086 0.096659429 -0.157750070 -0.016047478 0.982605875
1341846324.949999 0.888692558 -0.154188350 0.344663978 0.085269868 -0.159820914 -0.014914658 0.983343244
1341846324.981922 0.857390523 -0.084964618 0.336547971 0.100401126 -0.157748356 -0.009739459 0.982313693
1341846325.018013 0.821641445 -0.078397252 0.323534697 0.103104100 -0.156887010 -0.006827068 0.982196271
1341846325.050079 0.851458132 -0.051336315 0.331718326 0.107564911 -0.167079628 -0.007923046 0.980026186
1341846325.081901 0.867886543 -0.030439321 0.335213691 0.107375890 -0.174843237 -0.010146545 0.978671193
1341846325.118531 0.883520246 0.001586208 0.338286251 0.107056305 -0.177336216 -0.012019658 0.978236318
1341846325.149933 0.866983354 0.001326734 0.326189548 0.101261333 -0.172094718 -0.015208741 0.979743958
1341846325.181925 0.864915192 0.012272194 0.339851052 0.098880440 -0.171617940 -0.012889491 0.980103970
1341846325.218055 0.843479633 0.040066324 0.340227127 0.099837288 -0.168357790 -0.008667189 0.980618656
1341846325.249811 0.857247889 0.034058534 0.341779411 0.094373144 -0.171006560 -0.005912862 0.980721891
1341846325.285925 0.856572986 0.004968996 0.339737892 0.084623255 -0.171083912 -0.004233013 0.981606424
1341846325.317988 0.870370686 0.040445186 0.349796504 0.088816702 -0.170287415 -0.002535204 0.981380284
1341846325.349844 0.865326941 0.073851362 0.347435087 0.098259613 -0.165058762 0.002144634 0.981374562
1341846325.387302 0.858563721 0.055836767 0.354955733 0.096718602 -0.161718041 0.003608262 0.982079327
1341846325.417931 0.871981502 0.053732403 0.349221647 0.097245947 -0.158197388 0.007580685 0.982577920
1341846325.450747 0.883421242 0.048090119 0.357787699 0.102057256 -0.150688946 0.008720542 0.983260393
1341846325.485954 0.849537253 0.086342610 0.349669933 0.113772944 -0.140340000 0.016226746 0.983410954
1341846325.517875 0.859148085 0.091877930 0.361805052 0.117071472 -0.140075147 0.015840661 0.983067811
1341846325.553859 0.850694299 0.073941141 0.347793192 0.114777721 -0.135049701 0.015803503 0.984041631
1341846325.585855 0.840609133 0.105043769 0.355379522 0.120958731 -0.131265372 0.014452372 0.983834088
1341846325.617990 0.842688680 0.145955980 0.361055195 0.123221233 -0.129639685 0.012483546 0.983795822
1341846325.653982 0.836056173 0.115804538 0.360430002 0.116739631 -0.127302080 0.010761959 0.984911263
1341846325.685819 0.836109281 0.129384995 0.365153611 0.124265097 -0.126031429 0.012019064 0.984139085
1341846325.717857 0.810450435 0.132892504 0.358472139 0.125935704 -0.121262744 0.021705586 0.984359920
1341846325.754083 0.824962795 0.151532352 0.366312712 0.131883502 -0.124526039 0.023431743 0.983133197
1341846325.786087 0.811027408 0.208512560 0.365746051 0.148048803 -0.121484883 0.028674817 0.981071234
1341846325.821856 0.828018844 0.193285987 0.373503089 0.145285070 -0.122732922 0.027533941 0.981361687
1341846325.853827 0.785438895 0.219921470 0.375272334 0.150803447 -0.116156928 0.030217456 0.981250584
1341846325.885958 0.806273341 0.206928343 0.368267238 0.143869311 -0.123116225 0.036615577 0.981225431
1341846325.921984 0.784972906 0.248047471 0.374531925 0.149930507 -0.123369388 0.039726142 0.980164647
1341846325.953899 0.826774001 0.209996447 0.384365886 0.144363552 -0.129173443 0.042208903 0.980148852
1341846325.985823 0.793198287 0.268864334 0.379490942 0.155852780 -0.120843761 0.045590114 0.979299903
1341846326.021991 0.800883651 0.257612169 0.370741069 0.156112388 -0.122660339 0.051728547 0.978727460
1341846326.054055 0.823267460 0.247281864 0.391707063 0.155020401 -0.127565786 0.057679955 0.977941036
1341846326.089984 0.839655876 0.344588399 0.412096918 0.173985973 -0.128418133 0.055243377 0.974774718
1341846326.121822 0.824342608 0.303310663 0.408462554 0.162860900 -0.121888556 0.055848848 0.977497041
1341846326.154079 0.805966735 0.365797371 0.417111784 0.177353144 -0.117255233 0.051573310 0.975775182
1341846326.190178 0.811882138 0.320272833 0.408556074 0.166248545 -0.119012065 0.056989569 0.977215290
1341846326.222162 0.789049447 0.429211974 0.426286399 0.184600934 -0.118654981 0.061130308 0.973707616
1341846326.259181 0.756169319 0.439752579 0.431377113 0.181604013 -0.115845814 0.064804718 0.974371612
1341846326.322766 0.797250032 0.387248486 0.423296690 0.158290982 -0.122135274 0.062414713 0.977819681
1341846326.359773 0.804108083 0.375737816 0.418560088 0.151341692 -0.121014953 0.061789822 0.979098082
1341846326.392109 0.783813179 0.399772793 0.428151459 0.155695423 -0.115584344 0.063157797 0.978984296
1341846326.423985 0.800685525 0.386197746 0.437837005 0.154820085 -0.119029783 0.067806154 0.978399217
1341846326.459869 0.756954610 0.380786508 0.426655531 0.153104216 -0.114566289 0.072812296 0.978842199
1341846326.526163 0.801899433 0.459375799 0.451545835 0.162524909 -0.119875997 0.069863230 0.976900458
1341846326.560211 0.755869865 0.452122152 0.452198416 0.155783474 -0.108993128 0.072821714 0.979055166
1341846326.591828 0.786727190 0.475477248 0.459421039 0.154945180 -0.112083659 0.071554005 0.978932738
1341846326.627027 0.752217770 0.466072738 0.445870727 0.152184978 -0.103641130 0.071340345 0.980310559
1341846326.658442 0.785418808 0.503570259 0.467575222 0.153650522 -0.106106095 0.068680532 0.980008125
1341846326.694856 0.707934856 0.541848183 0.450568050 0.157956645 -0.090225287 0.070319071 0.980797768
1341846326.726206 0.757130444 0.498707235 0.456133127 0.139462471 -0.096846707 0.064507186 0.983366549
1341846326.762753 0.755678594 0.503875732 0.460519850 0.132933602 -0.093670197 0.062717684 0.984693348
1341846326.826821 0.762597799 0.507044911 0.458555758 0.112742342 -0.088423796 0.054247588 0.988194108
1341846326.858887 0.755893767 0.496295512 0.477790087 0.103562593 -0.087613121 0.054148357 0.989275813
1341846326.895360 0.764987826 0.485490769 0.474472880 0.099197336 -0.089734569 0.054550420 0.989510894
1341846326.926897 0.765932441 0.493926972 0.474732697 0.101042874 -0.093849711 0.055561740 0.988885999
1341846326.958888 0.771356702 0.502801239 0.469667494 0.102156363 -0.096264713 0.059581224 0.988305211
1341846326.994594 0.776929557 0.507040501 0.463927090 0.100907005 -0.096419431 0.061162978 0.988321900
1341846327.026301 0.777377725 0.507375598 0.468213797 0.097155452 -0.094642535 0.058943246 0.989004195
1341846327.063945 0.724223852 0.541386306 0.452477843 0.100978144 -0.083177328 0.055773925 0.989835441
1341846327.094662 0.786400914 0.525299668 0.478248209 0.095009066 -0.091537468 0.053950123 0.989789665
1341846327.128901 0.776608825 0.521010518 0.477153420 0.091882549 -0.089958161 0.054504421 0.990199149
1341846327.161940 0.759846091 0.518302262 0.477607310 0.087974891 -0.087910801 0.051429182 0.990902185
1341846327.193867 0.780509710 0.517738283 0.481094599 0.086074427 -0.089411162 0.050440721 0.990985632
1341846327.229885 0.754789233 0.525911808 0.461144447 0.086489409 -0.081402265 0.046102144 0.991850734
1341846327.262014 0.708118796 0.524081290 0.443558037 0.083665207 -0.067320287 0.039972086 0.993413448
1341846327.294023 0.660224557 0.527568102 0.433323622 0.087545551 -0.047135565 0.034261186 0.994454682
1341846327.330015 0.640240848 0.546487391 0.407526851 0.090323664 -0.034335490 0.032100309 0.994802654
1341846327.361939 0.584687173 0.544868648 0.401747793 0.085277624 -0.017792020 0.025596226 0.995869458
1341846327.393887 0.547890127 0.552674532 0.387357622 0.084716514 -0.009733262 0.018062260 0.996193826
1341846327.429966 0.539783418 0.577129185 0.357859135 0.083300568 -0.009926895 0.017322155 0.996324480
1341846327.461965 0.530349076 0.561804235 0.344133586 0.069789790 -0.014103372 0.012244287 0.997386873
1341846327.497931 0.483430088 0.553966641 0.350167215 0.062993579 -0.006205632 0.009030013 0.997953773
1341846327.530068 0.435931534 0.551720798 0.344630748 0.059027459 0.002213734 0.010687902 0.998196661
1341846327.561895 0.409997582 0.580530822 0.328132600 0.061926544 0.002595844 0.013149820 0.997990727
1341846327.598010 0.385909140 0.590635121 0.321493685 0.064193621 0.002971419 0.017683130 0.997776389
1341846327.629945 0.365504533 0.589943588 0.310530961 0.060774986 0.000858592 0.014861549 0.998040438
1341846327.662003 0.335246623 0.593848705 0.313917369 0.061544292 0.003359603 0.010661687 0.998041749
1341846327.697919 0.297414452 0.599013865 0.299214900 0.060902409 0.009077195 0.012353493 0.998026013
1341846327.730075 0.248235062 0.594530404 0.282585859 0.052255820 0.016616380 0.011876377 0.998424828
1341846327.766017 0.224831536 0.598104000 0.276883394 0.047811653 0.020078052 0.013494034 0.998563349
1341846327.797917 0.164471790 0.616148889 0.276505232 0.043116108 0.029786143 0.014943674 0.998514116
1341846327.830054 0.151486188 0.615908682 0.283111989 0.035563491 0.031791728 0.014306637 0.998759151
1341846327.865944 0.146659479 0.619121373 0.282299459 0.031363286 0.034695193 0.014157710 0.998805344
1341846327.898010 0.129430279 0.633529067 0.289105028 0.029259417 0.038480870 0.014183888 0.998730123
1341846327.929991 0.142422855 0.640507162 0.282952070 0.024208760 0.034557417 0.012421726 0.999032259
1341846327.966065 0.141997978 0.650545061 0.286252379 0.019819804 0.035449959 0.010557095 0.999119103
1341846327.998073 0.133176655 0.646981299 0.284070671 0.011009994 0.038431313 0.006364909 0.999180317
1341846328.034045 0.143387049 0.657161891 0.286778867 0.005951889 0.037804268 0.005653724 0.999251485
1341846328.065993 0.141266763 0.658281088 0.290150374 0.001296497 0.038779892 0.007129255 0.999221504
1341846328.098045 0.143964916 0.646786332 0.287306160 0.000068847 0.038330067 0.008648280 0.999227703
1341846328.133967 0.135469601 0.644845843 0.280442029 0.002416998 0.038477164 0.011679957 0.999188304
1341846328.166023 0.109054871 0.648066103 0.284587324 0.003386236 0.039935566 0.011771684 0.999127150
1341846328.198018 0.124501497 0.627934277 0.277009040 0.001554802 0.034438722 0.009035271 0.999364734
1341846328.234044 0.105317205 0.625591278 0.278380603 0.006203054 0.036210898 0.007389587 0.999297559
1341846328.265899 0.132206798 0.614470124 0.274945527 0.007600069 0.029319333 0.009526100 0.999495804
1341846328.302051 0.107016645 0.606693983 0.280984163 0.012004239 0.033426132 0.009925009 0.999319792
1341846328.333917 0.073436737 0.591027677 0.288497925 0.015587199 0.039151590 0.010977453 0.999051392
1341846328.366008 0.031667963 0.575623751 0.287095308 0.022073848 0.045579191 0.007378045 0.998689532
1341846328.402010 -0.015283095 0.547487259 0.291106611 0.032685254 0.055047654 0.008949657 0.997908473
1341846328.433920 -0.014698414 0.523109436 0.281294584 0.034424797 0.052483890 0.009833235 0.997979760
1341846328.470003 -0.025737232 0.513362110 0.287029713 0.036412790 0.053728230 0.002346635 0.997888684
1341846328.502194 -0.016169420 0.497461289 0.296744704 0.039467465 0.053412691 -0.004270651 0.997783124
1341846328.534033 -0.050685804 0.483604729 0.304057568 0.042046916 0.062548958 -0.008094764 0.997122943
1341846328.570125 -0.107376538 0.464287132 0.312289566 0.044022471 0.072600633 -0.008212942 0.996355236
1341846328.602804 -0.122173548 0.435825169 0.323659599 0.047810175 0.070138231 -0.008086536 0.996358097
1341846336.241891 -0.171253905 0.040636994 -0.113869011 0.041113719 0.010352360 0.001668485 0.999099433
1341846336.277946 -0.160243705 0.101669647 -0.132548317 0.053079553 0.007441042 0.004076791 0.998554230
1341846336.309977 -0.213547856 0.070078015 -0.138935208 0.048810333 0.014742040 0.010282424 0.998646319
1341846336.346143 -0.230530173 0.041813437 -0.127671167 0.045186326 0.016410008 0.014013754 0.998745501
1341846336.377975 -0.231681377 0.059236683 -0.130782649 0.049481705 0.016141031 0.015357363 0.998526514
1341846336.410032 -0.184455797 0.042542420 -0.144318148 0.046688743 0.008064167 0.010835038 0.998818159
1341846336.446041 -0.215192378 0.039511248 -0.141759485 0.045705937 0.012849440 0.014443909 0.998767853
1341846336.477990 -0.222858280 0.038488157 -0.152250275 0.043466520 0.014685210 0.014128145 0.998847008
1341846336.510056 -0.229564309 0.086133860 -0.158492759 0.052453291 0.015855117 0.015249677 0.998381078
1341846336.546024 -0.232098877 0.076346025 -0.166383594 0.051142044 0.016236313 0.016389938 0.998424888
1341846336.578003 -0.251438409 0.079180695 -0.173252091 0.051434107 0.018499672 0.020831816 0.998287678
1341846336.614020 -0.194070861 0.094406039 -0.184685931 0.053107139 0.009028206 0.012597172 0.998468518
1341846336.645982 -0.231119752 0.103529319 -0.188948661 0.052946053 0.017371392 0.015710972 0.998322666
1341846336.678036 -0.216554284 0.150238514 -0.209112108 0.058679201 0.012004875 0.015072078 0.998090923
1341846340.666028 0.787587285 0.217089951 0.668306708 0.021690395 -0.124296524 -0.001515130 0.992006838
1341846340.901955 0.821183622 0.242880315 0.687097609 0.031638220 -0.122570939 -0.018846685 0.991776288
1341846340.933918 0.821087599 0.206259102 0.665255904 0.024963861 -0.122205265 -0.014996092 0.992077529
1341846340.970122 0.800655723 0.241200492 0.670391560 0.032155950 -0.122200280 -0.008723999 0.991946042
1341846341.001922 0.807155073 0.210975200 0.664859354 0.027476789 -0.127136394 -0.004713892 0.991493404
1341846341.037923 0.835113943 0.219568208 0.667856812 0.029769577 -0.134747043 -0.002095270 0.990430534
1341846341.070300 0.836112142 0.238717541 0.666764438 0.034122080 -0.135625586 -0.001752144 0.990170836
1341846341.102028 0.820652962 0.231075034 0.659876049 0.032247927 -0.134119779 -0.001716124 0.990438759
1341846341.137982 0.843127906 0.213670641 0.661530733 0.029032955 -0.140087903 -0.001406414 0.989712358
1341846341.170048 0.843327463 0.219051167 0.659852624 0.030584704 -0.140388399 -0.000901876 0.989623606
1341846341.202110 0.858297110 0.216686353 0.658774018 0.031383052 -0.143659577 0.001777742 0.989127815
1341846341.237996 0.846952081 0.247448757 0.661555290 0.039497096 -0.141287237 0.002428693 0.989177406
1341846341.269883 0.848307729 0.238960803 0.655738473 0.038281906 -0.140949547 0.003291095 0.989270866
1341846341.306107 0.847465634 0.248453304 0.653408885 0.041079998 -0.141167864 0.001303298 0.989132106
1341846341.338109 0.844573677 0.249126405 0.650516570 0.042635690 -0.139956400 -0.000982430 0.989238799
1341846341.370120 0.844725966 0.258272320 0.657523870 0.044956502 -0.139016837 -0.002109017 0.989266813
1341846341.406074 0.840804636 0.252721429 0.652172923 0.044248398 -0.137975931 -0.002995799 0.989442170
1341846341.438113 0.836194158 0.248198554 0.647830665 0.044958137 -0.139029920 -0.003029613 0.989262521
1341846341.470024 0.856355190 0.220609114 0.643420219 0.041894078 -0.142419457 -0.004738536 0.988908052
1341846341.506077 0.828665912 0.247759432 0.645894527 0.047071278 -0.136828005 -0.006031098 0.989457428
1341846341.538156 0.812753856 0.239468083 0.639306545 0.044639822 -0.135864377 -0.005280917 0.989707172
1341846341.574016 0.826967657 0.251631439 0.644655228 0.048045807 -0.140597865 -0.004849865 0.988888443
1341846341.612466 0.822881043 0.252685517 0.641669035 0.048417151 -0.140558138 -0.004271204 0.988878608
1341846341.643972 0.810990274 0.253463328 0.635092378 0.047322985 -0.139401704 -0.005512344 0.989089131
1341846341.679982 0.818965614 0.259707034 0.635727644 0.048466597 -0.142673016 -0.004352062 0.988572955
1341846341.712332 0.828053713 0.255622059 0.637253582 0.048125874 -0.146812037 -0.001583356 0.987991691
1341846341.744185 0.821335077 0.253592938 0.634135842 0.047757860 -0.147579089 0.000534435 0.987896383
1341846341.780061 0.827263951 0.245807543 0.629487574 0.045890521 -0.148807794 0.002116646 0.987798452
1341846341.842595 0.835739434 0.247982919 0.637343168 0.049257282 -0.151507258 0.007246817 0.987201452
1341846341.906227 0.832134843 0.248004764 0.626554012 0.052198697 -0.150948331 0.012724181 0.987080574
1341846341.942069 0.838499725 0.243492708 0.624484420 0.054522891 -0.151870579 0.015054899 0.986780584
1341846341.974775 0.848293900 0.261746615 0.621645570 0.061321516 -0.153765976 0.015113375 0.986086845
1341846342.010161 0.853857219 0.257978857 0.622001112 0.060762737 -0.156313494 0.016993053 0.985690236
1341846342.042024 0.865812361 0.259595126 0.628105104 0.063666619 -0.159162432 0.017291974 0.985045612
1341846342.080032 0.870194197 0.260836780 0.625588775 0.065591216 -0.157248810 0.018289724 0.985208631
1341846342.112265 0.870093822 0.248469710 0.621335745 0.063434564 -0.156711414 0.019321706 0.985415757
1341846342.147954 0.880160630 0.250418723 0.625667095 0.066550903 -0.159810469 0.022380015 0.984647512
1341846342.179852 0.886096716 0.245555237 0.622218490 0.067884877 -0.159744576 0.024283968 0.984521985
1341846342.211848 0.879397452 0.245816916 0.622822762 0.068656795 -0.158142790 0.023789814 0.984739125
1341846342.247920 0.876176417 0.241844520 0.623291612 0.069417305 -0.157648593 0.023002589 0.984783769
1341846342.279870 0.888712049 0.247363985 0.617214739 0.072086588 -0.158701494 0.022498125 0.984434426
1341846342.316068 0.890543044 0.235035598 0.615174770 0.070424266 -0.158821225 0.025038555 0.984474123
1341846342.347894 0.905592561 0.216468126 0.616131186 0.066709980 -0.161207020 0.024559774 0.984357119
1341846342.379953 0.892256618 0.233154535 0.609267831 0.070739254 -0.157715037 0.024620721 0.984639883
1341846342.416195 0.894740045 0.227155477 0.615533471 0.069764078 -0.158754721 0.027023703 0.984479368
