1341846313.592026 0.000000000 0.000000000 0.000000000 0.000000000 0.000000000 0.000000000 1.000000000
1341846313.654184 0.008512062 -0.003092408 -0.002945297 -0.001335856 -0.003475517 0.005560471 0.999977589
1341846313.686156 0.015423415 -0.001893117 0.002051602 -0.000023747 -0.005718380 0.004814873 0.999972045
1341846313.721918 0.021088403 0.002424289 -0.002707872 0.000398610 -0.006721821 0.005613746 0.999961555
1341846313.753994 0.029297866 0.000237854 0.001494668 -0.000390609 -0.007579971 0.006844535 0.999947786
1341846313.789969 0.036586765 -0.000164032 -0.001799159 0.000666302 -0.008246758 0.005471390 0.999950826
1341846313.822075 0.046094608 0.007287348 -0.003679293 0.001572405 -0.007636161 0.004033562 0.999961436
1341846313.853928 0.053737424 0.001458279 0.001028334 0.000070794 -0.005689234 0.003666841 0.999977112
1341846313.890011 0.055056617 0.004820870 -0.000110086 0.000398797 -0.003587093 0.004767067 0.999982119
1341846313.922055 0.059524063 0.008657238 -0.005320046 -0.001261352 -0.003136796 0.005830561 0.999977291
1341846313.957927 0.092172004 0.005590132 -0.015455611 -0.003924568 -0.002666509 0.006321919 0.999968767
1341846313.990058 0.084084705 0.008680515 0.001688013 -0.004642656 0.006090990 0.008093566 0.999937892
1341846314.022042 0.090189435 0.021092182 -0.001664721 -0.005479010 0.007386905 0.010206982 0.999905586
1341846314.057816 0.105557978 0.014371607 -0.001936603 -0.009566211 0.008759425 0.011848121 0.999845684
1341846314.089801 0.111769617 0.007637187 0.003368154 -0.009562079 0.013883132 0.010922597 0.999798238
1341846314.122037 0.113180123 0.022304451 -0.000739365 -0.009204186 0.017779807 0.015146879 0.999684811
1341846314.157989 0.121554695 0.012448065 0.005353926 -0.012630186 0.020755846 0.015528166 0.999584138
1341846314.190094 0.126177683 0.022449158 0.007638087 -0.011015492 0.024723073 0.016655037 0.999494851
1341846314.225969 0.134913445 0.026250355 0.004347899 -0.013378886 0.025857668 0.020582277 0.999364138
1341846314.257923 0.130471900 0.014219748 0.009502607 -0.016727656 0.029464899 0.018821703 0.999248564
1341846314.290052 0.142169163 0.015645759 0.015691074 -0.015298884 0.029489284 0.018570285 0.999275446
1341846314.325981 0.143698066 0.022127204 0.011765691 -0.015516290 0.031414054 0.016777592 0.999245167
1341846314.357905 0.157713264 0.018589243 0.019546069 -0.016552597 0.033094421 0.015812423 0.999190032
1341846314.389899 0.157834664 0.015940959 0.018639941 -0.015403923 0.036484908 0.015268350 0.999098837
1341846314.427905 0.165716410 0.024873534 0.012409453 -0.014600941 0.037980523 0.012941745 0.999087989
1341846314.493987 0.173381031 0.021195939 0.019176848 -0.013360723 0.047940429 0.004142932 0.998752236
1341846314.526085 0.186671019 0.022668203 0.009772005 -0.013173111 0.048713844 0.003927766 0.998718202
1341846314.558292 0.189225525 0.026970264 0.008464742 -0.013988442 0.052048001 0.003709630 0.998539746
1341846314.594085 0.202775717 0.018522216 0.003159445 -0.013576232 0.055456977 0.004116250 0.998360336
1341846314.626096 0.202315867 0.027119620 0.004534157 -0.012382857 0.060113985 0.005647120 0.998098791
1341846314.658455 0.206683248 0.027175715 0.007280687 -0.014108559 0.062243562 0.004328859 0.997951925
1341846314.694004 0.219521195 0.018956907 0.016490629 -0.014939608 0.065393798 0.002268533 0.997745156
1341846314.725910 0.218199447 0.011530249 0.022731276 -0.011849307 0.068865627 0.007130349 0.997530103
1341846314.761942 0.224804789 0.014499871 0.013412062 -0.007678697 0.068883106 0.011941281 0.997523725
1341846314.794030 0.236493975 0.014685177 0.010667525 -0.004696287 0.070426002 0.013335012 0.997416854
1341846314.826092 0.247417793 0.018723510 0.006612137 -0.002195927 0.073876381 0.014186851 0.997164130
1341846314.862145 0.256332159 0.023409646 0.000623293 -0.001569874 0.076943576 0.014739486 0.996925235
1341846314.894072 0.262594908 0.020964975 0.000144389 -0.002336075 0.080652028 0.017001132 0.996594608
1341846314.925969 0.270905256 0.026735205 0.003930565 -0.001741794 0.082739636 0.021602459 0.996335506
1341846314.961937 0.275475532 0.031754658 -0.006472759 -0.004689015 0.082982399 0.027767336 0.996153057
1341846314.994564 0.279014766 0.030993327 -0.001969278 -0.007573242 0.084274918 0.024501465 0.996112466
1341846315.029900 0.291755080 0.029793167 0.004910782 -0.007928733 0.087133124 0.021541625 0.995932162
1341846315.061965 0.292629063 0.030159282 0.001149435 -0.008557823 0.089650355 0.025783328 0.995602787
1341846315.094388 0.293173492 0.027725821 0.012994863 -0.008498354 0.089189254 0.025793852 0.995644391
1341846315.129851 0.304292172 0.025243459 -0.001077384 -0.006987625 0.088454761 0.025121376 0.995738864
1341846315.161941 0.310250044 0.046261188 -0.006022070 -0.007323730 0.087521285 0.030231526 0.995676875
1341846315.197984 0.295794636 0.036883567 -0.006561510 -0.015045942 0.087824672 0.023151930 0.995753169
1341846315.230076 0.314822316 0.035806641 0.007705089 -0.018496983 0.084959798 0.020657036 0.995998502
1341846315.262069 0.319420159 0.032833908 0.005696833 -0.022193532 0.081879660 0.025331993 0.996073008
1341846315.298000 0.327850312 0.028013857 0.015851561 -0.024548888 0.077619039 0.027476467 0.996302009
1341846315.329931 0.330418438 0.003969651 0.024013449 -0.023985371 0.076227777 0.026823161 0.996440947
1341846315.361981 0.335832685 0.009219138 0.018964183 -0.018181818 0.075111017 0.029821213 0.996563315
1341846315.397962 0.341433138 0.012827618 0.015700635 -0.014683156 0.075406857 0.033334844 0.996487319
1341846315.429923 0.345247298 0.017236352 0.013864506 -0.011212371 0.077251077 0.034966543 0.996335208
1341846315.466047 0.374918073 0.036493912 0.003598012 -0.008025296 0.078211144 0.038119361 0.996175468
1341846315.497883 0.368983954 0.031348631 0.011103693 -0.009955534 0.082102016 0.042635236 0.995661795
1341846315.530008 0.369073808 0.032478124 0.012208916 -0.009787271 0.083768643 0.043141861 0.995502770
1341846315.566108 0.370795608 0.030311916 0.009924348 -0.010990566 0.085231498 0.044214729 0.995318949
1341846315.597986 0.372670233 0.028928585 0.009443387 -0.011101116 0.086620577 0.043528825 0.995228052
1341846315.630109 0.375850111 0.028742839 0.009998672 -0.011066040 0.087572776 0.042825162 0.995175660
1341846315.666042 0.378238201 0.032689270 0.002161607 -0.011541569 0.088765271 0.042438857 0.995081127
1341846315.698114 0.397480518 0.043070741 -0.010125540 -0.015689259 0.089540482 0.042729650 0.994942427
1341846315.733985 0.379556388 0.022372922 0.005504966 -0.020999435 0.095055640 0.043763105 0.994287789
1341846315.766041 0.374321431 0.031840224 0.011998825 -0.019135347 0.093126923 0.044653639 0.994468331
1341846315.798188 0.375804245 0.023502477 0.005140185 -0.021327157 0.092313394 0.042815253 0.994580388
1341846315.834140 0.373064905 0.016406823 0.008710921 -0.020962017 0.094740972 0.041506041 0.994415402
1341846315.866751 0.370798975 0.015710454 0.008813255 -0.018790508 0.096360564 0.041381106 0.994308352
1341846315.898492 0.367681503 0.015805895 0.012028351 -0.017493796 0.096994579 0.040797111 0.994294524
1341846315.936901 0.363287270 0.016602227 0.038152382 -0.014274918 0.098508269 0.039259117 0.994259059
1341846315.966572 0.353891104 0.021036088 0.039443858 -0.010120860 0.100998014 0.038718410 0.994081378
1341846316.034204 0.340146720 0.018296370 0.042231776 -0.006644007 0.101693757 0.037334196 0.994092762
1341846316.066113 0.332260340 0.016816057 0.044220589 -0.004389868 0.101944357 0.037026104 0.994091094
1341846316.101867 0.322195411 0.020412916 0.034374278 -0.002673484 0.101101317 0.039355278 0.994093835
1341846316.134066 0.311818153 0.015418340 0.031710755 -0.004276298 0.098482110 0.032928765 0.994584680
1341846316.202049 0.296083212 0.009163864 0.033521991 -0.004294361 0.094443455 0.028766982 0.995105267
1341846316.233979 0.287737936 0.012575194 0.027048677 -0.003308504 0.093812481 0.026243376 0.995238423
1341846316.270052 0.292146176 0.009723402 0.017270546 -0.005402207 0.093386926 0.024523873 0.995313168
1341846316.301915 0.285886228 0.000912820 0.023563653 -0.005940638 0.094553262 0.023267247 0.995230138
1341846316.334208 0.271767318 0.000246176 0.024804834 -0.004352435 0.095031470 0.023709172 0.995182335
1341846316.370006 0.269043148 -0.000981371 0.023147490 -0.002268436 0.093388453 0.024379294 0.995328605
1341846316.401994 0.262541354 0.003637699 0.022872686 0.000005278 0.092737667 0.027381534 0.995314002
1341846316.438069 0.262162060 -0.001311226 0.027679015 0.001789796 0.091527954 0.029187344 0.995373070
1341846316.470076 0.251061261 -0.009018511 0.023606155 0.005417691 0.091447368 0.031951331 0.995282412
1341846316.502034 0.245997518 0.012260935 -0.003034316 0.010048696 0.088308856 0.033178985 0.995489657
1341846316.537975 0.239006191 0.011733474 -0.001111984 0.007394874 0.085663088 0.031275004 0.995805740
1341846316.570121 0.229719162 -0.002133267 0.002645053 0.005771244 0.086135156 0.027665200 0.995882571
1341846316.601885 0.226682097 -0.001859347 0.002767228 0.008168934 0.085028067 0.027211875 0.995973408
1341846316.638009 0.208785474 -0.006373430 0.012563501 0.009770123 0.085479200 0.027305346 0.995917797
1341846316.669925 0.202723727 -0.010290062 0.014460824 0.011773163 0.084841758 0.027015233 0.995958507
1341846316.705941 0.195516586 -0.019334463 0.005560230 0.014997312 0.085038424 0.027897481 0.995874107
1341846316.738062 0.180192456 -0.006679473 0.002119478 0.018639553 0.085451297 0.030348089 0.995705545
1341846316.770433 0.174167708 -0.003666655 -0.000312978 0.018175935 0.084399693 0.030834047 0.995788932
1341846316.805932 0.168992579 -0.012126801 0.002898388 0.017954875 0.084354110 0.029917825 0.995824754
1341846316.838029 0.164458856 -0.009166688 0.008019207 0.019510802 0.082391240 0.032220386 0.995887935
1341846316.870034 0.144247100 -0.010267431 0.016257748 0.020172302 0.080752231 0.032342266 0.996005058
1341846316.906344 0.143226027 -0.012728653 0.007160492 0.020831387 0.076845050 0.032152418 0.996306717
1341846316.937940 0.140339613 -0.008274708 0.000495154 0.021326985 0.075224042 0.029720271 0.996495426
1341846316.973994 0.124693058 -0.004322059 0.009583620 0.021130724 0.074697077 0.029628541 0.996541977
1341846317.005913 0.122607313 -0.010011034 0.010435937 0.019338602 0.071150370 0.030404029 0.996814549
1341846317.037936 0.110358737 -0.012800326 0.014736403 0.019748209 0.069502398 0.028709730 0.996972978
1341846317.073972 0.112443238 -0.015325102 0.012975563 0.020696703 0.066896394 0.030929197 0.997065604
1341846317.106113 0.103718281 -0.019512441 0.011005797 0.022502050 0.065460980 0.033858817 0.997026622
1341846317.137887 0.084828131 -0.019549677 0.001792613 0.025753759 0.060672924 0.036999352 0.997139215
1341846317.173970 0.084051572 -0.012355982 0.012690903 0.027801121 0.052998368 0.039646488 0.997419894
1341846317.205887 0.073312081 -0.016583959 0.016178219 0.027005106 0.050794069 0.039751731 0.997552276
1341846317.248131 0.063192643 -0.017983494 0.017518401 0.028279666 0.048441656 0.042391472 0.997525275
1341846317.306289 0.059906531 -0.016803360 0.016327534 0.029985063 0.041353479 0.046970852 0.997589350
1341846317.348137 0.056938726 -0.019041818 0.022870813 0.031099409 0.042327054 0.047811102 0.997474492
1341846317.410120 0.038060691 -0.015472654 0.019414350 0.033036828 0.042360935 0.053741895 0.997108757
1341846317.442569 0.036420546 -0.024565065 0.020127220 0.034977503 0.042440679 0.056865450 0.996865928
1341846317.474010 0.033374291 -0.027215995 0.021075366 0.040337797 0.042192865 0.061024290 0.996427953
1341846317.509927 0.010553190 -0.016677013 0.017971680 0.044072893 0.041915137 0.063270725 0.996141315
1341846317.542282 0.001122715 -0.013383653 0.020953119 0.043442842 0.039693803 0.062939756 0.996280909
1341846317.573943 0.002624991 -0.024878331 0.018994171 0.041964781 0.039924964 0.061676130 0.996414065
1341846317.610159 -0.003652306 -0.027872967 0.026663622 0.044628214 0.041792892 0.063040651 0.996136308
1341846317.643553 -0.020168150 -0.019754639 0.018101042 0.047827538 0.042015754 0.065084383 0.995846987
1341846317.677993 -0.028987611 -0.023895975 0.023521150 0.048331160 0.039062984 0.067116350 0.995808005
1341846317.709996 -0.035553906 -0.021543324 0.025940038 0.051135313 0.036615040 0.066460535 0.995804965
1341846317.741834 -0.047722019 -0.012334029 0.024347292 0.052036230 0.036089540 0.065571167 0.995836377
1341846317.777923 -0.057687372 -0.019440191 0.021969691 0.049073994 0.035244849 0.064074919 0.996114433
1341846317.810021 -0.068782128 -0.024026036 0.019189214 0.048380747 0.033972964 0.062322740 0.996303678
1341846317.841886 -0.069664381 -0.013947073 0.024334159 0.049135327 0.032152057 0.061529167 0.996376455
1341846317.878017 -0.084261514 -0.014325801 0.028711621 0.046559371 0.033176616 0.056857146 0.996744037
1341846317.909910 -0.077393807 -0.019921098 0.028267531 0.045343868 0.032622691 0.054176673 0.996967614
1341846317.946031 -0.088203669 -0.020650385 0.029150551 0.046845388 0.033716135 0.056388494 0.996739149
1341846317.978041 -0.102033578 -0.027004346 0.031670842 0.048153557 0.033280600 0.055528875 0.996739745
1341846318.009897 -0.105205588 -0.021640491 0.034258649 0.051047731 0.033596847 0.053085558 0.996718228
1341846318.045949 -0.117121071 -0.016017986 0.035068840 0.051656734 0.034942992 0.051687833 0.996713996
1341846318.078074 -0.131865367 -0.020660367 0.026628073 0.050395243 0.033766288 0.050876908 0.996860862
1341846318.109894 -0.140714779 -0.017249271 0.028806692 0.050479520 0.029514428 0.048449151 0.997112513
1341846318.145957 -0.142011657 -0.013554893 0.034052342 0.050212882 0.027097920 0.045605842 0.997328639
1341846318.178001 -0.151629716 -0.019557452 0.036469765 0.048948724 0.027875010 0.042862408 0.997491777
1341846318.214074 -0.165918797 -0.028925404 0.026794344 0.048765145 0.026349720 0.042022508 0.997577965
1341846318.245970 -0.175074190 -0.036479026 0.021741413 0.051061716 0.020660279 0.043479633 0.997534633
1341846318.278018 -0.183615953 -0.034534372 0.031300724 0.055202875 0.016344184 0.043791953 0.997380435
1341846318.313937 -0.196500793 -0.036619637 0.010918158 0.056561735 0.010266988 0.042227503 0.997452855
1341846318.345989 -0.208805174 -0.038383089 0.018364169 0.058171622 0.001681909 0.041498341 0.997442245
1341846318.382046 -0.214976698 -0.039465193 0.025351251 0.059880309 -0.005125805 0.040123411 0.997385681
1341846318.414072 -0.228417009 -0.043807961 0.018180432 0.060758371 -0.011079746 0.040807154 0.997256458
1341846318.446035 -0.232384086 -0.042423822 0.029491298 0.063348137 -0.017405374 0.041255038 0.996986508
1341846318.482196 -0.237918392 -0.034383602 0.038161110 0.065474011 -0.019267529 0.040125165 0.996860981
1341846318.514144 -0.246741205 -0.036925551 0.030600121 0.065327987 -0.020704908 0.041250862 0.996795833
1341846318.546259 -0.248792425 -0.040266998 0.036599264 0.066945858 -0.022334421 0.041522585 0.996641994
1341846318.582042 -0.253526241 -0.033155821 0.034804530 0.068916760 -0.022631411 0.041881911 0.996485949
1341846318.614115 -0.269244432 -0.034031913 0.031649783 0.068349779 -0.021982590 0.040792920 0.996584713
1341846318.650038 -0.274127632 -0.033298884 0.032709789 0.068180203 -0.022996167 0.038160395 0.996677697
1341846318.682350 -0.287459016 -0.033754706 0.031962652 0.067781977 -0.022650523 0.036379576 0.996779382
1341846318.714063 -0.295458108 -0.034458049 0.031806774 0.067199007 -0.024046768 0.035164312 0.996829748
1341846318.749905 -0.301148653 -0.037691604 0.027572963 0.068071529 -0.024265554 0.036990523 0.996699154
1341846318.782036 -0.315126479 -0.037019212 0.021573855 0.069647200 -0.024491886 0.038571093 0.996524811
1341846318.814121 -0.327423304 -0.041122086 0.021505732 0.069305815 -0.029571166 0.037965335 0.996434093
1341846318.850072 -0.337711215 -0.043277014 0.017015351 0.069531158 -0.034899265 0.034684647 0.996365607
1341846318.883516 -0.340193868 -0.048366435 0.010333043 0.072301939 -0.043552201 0.034114566 0.995847285
1341846318.918047 -0.342304409 -0.045038801 -0.005060557 0.075383104 -0.056965046 0.031478804 0.995028377
1341846318.950044 -0.363890469 -0.050246991 0.016470544 0.077104434 -0.064149968 0.030662430 0.994484544
1341846318.982028 -0.376437724 -0.041929960 0.015890080 0.079183839 -0.067341112 0.025961172 0.994243979
1341846319.018123 -0.397625476 -0.045392532 -0.007039011 0.078276657 -0.071930140 0.025912328 0.993995667
1341846319.050745 -0.398896962 -0.056981280 0.010185473 0.079312541 -0.078426473 0.024464209 0.993458748
1341846319.081905 -0.386246145 -0.045651384 0.017730132 0.085699402 -0.080120549 0.023549408 0.992815077
1341846319.117976 -0.412518144 -0.042584244 0.008469641 0.088031039 -0.078082360 0.028951902 0.992630541
1341846319.150093 -0.417866588 -0.049842536 0.009017050 0.089261211 -0.082686946 0.035887152 0.991921067
1341846319.186069 -0.409187436 -0.035891578 0.009893142 0.091775455 -0.085056216 0.036922596 0.991453171
1341846319.218149 -0.419630289 -0.017001392 -0.005670100 0.090039112 -0.078842357 0.033027463 0.992263079
1341846319.250034 -0.422112644 -0.022266084 -0.002408277 0.083259366 -0.073776111 0.033918604 0.993214250
1341846319.286594 -0.437577754 -0.033928823 0.003059965 0.080765277 -0.069988579 0.036891475 0.993588209
1341846319.318034 -0.445591718 -0.033221267 0.009308547 0.081574813 -0.068956308 0.040464062 0.993455172
1341846319.350268 -0.461215079 -0.037915025 0.006786495 0.082108401 -0.067806512 0.046807382 0.993211746
1341846319.386163 -0.482722431 -0.043951429 0.011751167 0.083711475 -0.071560323 0.053884637 0.992455482
1341846319.418386 -0.474955320 -0.038639545 0.000785835 0.085025519 -0.077801377 0.054694366 0.991829693
1341846319.453961 -0.475955844 -0.035352692 0.008891463 0.085622728 -0.080116928 0.051328644 0.991773844
1341846319.486271 -0.499474376 -0.033184983 -0.002890296 0.085012220 -0.079214454 0.049787965 0.991977394
1341846319.554083 -0.513013422 -0.035613947 0.011786945 0.079797663 -0.085626975 0.048668433 0.991933346
1341846319.586296 -0.528916240 -0.037536371 0.004172847 0.080052964 -0.084312908 0.044240259 0.992232680
1341846319.622031 -0.546107769 -0.038971964 -0.009139150 0.078356802 -0.087320045 0.041620150 0.992221355
1341846319.653962 -0.545822322 -0.044442326 0.002498582 0.077190176 -0.093159974 0.041099265 0.991803288
1341846319.686352 -0.546548426 -0.045054674 -0.005556978 0.078768373 -0.097675547 0.043320373 0.991150022
1341846319.721992 -0.552254379 -0.038681664 -0.006980367 0.079778038 -0.101824850 0.044134632 0.990615606
1341846319.754063 -0.559849620 -0.023625683 -0.013178676 0.077849470 -0.103687845 0.043233134 0.990615547
1341846319.786397 -0.561516941 -0.029379064 -0.002264664 0.072895296 -0.104162067 0.047598127 0.990742624
1341846319.822008 -0.569993734 -0.028801242 -0.001507841 0.069714017 -0.104410619 0.051507600 0.990749896
1341846319.853917 -0.572731078 -0.026434395 0.007283293 0.064853169 -0.106151946 0.055716228 0.990667224
1341846319.889942 -0.577903271 -0.042095952 0.007462449 0.060516398 -0.106883660 0.060936898 0.990555584
1341846319.922039 -0.589680254 -0.048540924 0.006518260 0.059757654 -0.110772334 0.062794521 0.990058243
1341846319.953946 -0.582620025 -0.048984408 0.015181586 0.060705058 -0.117258511 0.059075389 0.989482403
1341846319.990054 -0.581398189 -0.046649285 0.011232138 0.063502364 -0.120538376 0.051317275 0.989345491
1341846320.028122 -0.582245409 -0.049074247 0.011128381 0.065279372 -0.124641418 0.051167462 0.988728940
1341846320.090047 -0.568472028 -0.035796888 0.017076313 0.071649112 -0.132384747 0.050738722 0.987302482
1341846320.122011 -0.560924828 -0.033564296 0.019116148 0.072465546 -0.130297869 0.051623829 0.987474620
1341846320.157952 -0.555123627 -0.035702873 0.015256301 0.072555572 -0.127439037 0.052056652 0.987818301
1341846320.190003 -0.540329635 -0.043403298 0.019116670 0.074910954 -0.124561183 0.050697096 0.988080263
1341846320.221941 -0.537240267 -0.046219118 0.011643082 0.078488372 -0.120427370 0.051835764 0.988255978
1341846320.258015 -0.525512159 -0.048628956 0.020509131 0.082706504 -0.120413102 0.054931492 0.987746358
1341846320.289887 -0.516927421 -0.056628354 0.023359455 0.087907799 -0.121250324 0.054874565 0.987197757
1341846320.321954 -0.505092323 -0.052987732 0.021798030 0.097055204 -0.122663096 0.054246545 0.986200452
1341846320.357890 -0.491399437 -0.046321250 0.023005389 0.102199242 -0.122584693 0.056273546 0.985576749
1341846320.390064 -0.470943511 -0.043426730 0.010240667 0.103788905 -0.119127512 0.056120750 0.985843241
1341846320.426544 -0.445665300 -0.044650059 0.040655024 0.106588401 -0.112862714 0.053269122 0.986439705
1341846320.458122 -0.432978809 -0.047420163 0.023502484 0.107396260 -0.105290271 0.050253522 0.987347245
1341846320.490186 -0.417579383 -0.052299645 0.050544195 0.110546157 -0.099601820 0.051089481 0.987546921
1341846320.525911 -0.411162227 -0.046460565 0.018977217 0.114518285 -0.090695798 0.047262754 0.988142729
1341846320.558091 -0.400474846 -0.048864298 0.010465138 0.114903785 -0.087094754 0.044038914 0.988570809
1341846320.594093 -0.379767597 -0.050616078 0.020463914 0.116260812 -0.082767569 0.040375803 0.988940239
1341846320.631955 -0.379696161 -0.044301212 0.021236695 0.119438864 -0.074167058 0.039026476 0.989297986
1341846320.664916 -0.369526893 -0.041710023 0.025071584 0.119179875 -0.072158709 0.038209535 0.989509583
1341846320.699927 -0.351490617 -0.045110404 0.027449545 0.119362697 -0.069013789 0.036240429 0.989785969
1341846320.731822 -0.336783051 -0.042141944 0.019105636 0.121444739 -0.062656142 0.035206314 0.989992857
1341846320.763877 -0.348129153 -0.014721221 0.022417877 0.120594606 -0.060535863 0.035390183 0.990222096
1341846320.799999 -0.330633491 -0.036396328 0.010864206 0.112424687 -0.061764788 0.029934423 0.991286874
1341846320.831871 -0.282546461 -0.040162951 0.021553218 0.114434168 -0.052394833 0.028059714 0.991651297
1341846320.863887 -0.317333341 -0.026850946 0.010463931 0.113220975 -0.042169258 0.027432730 0.992295444
1341846320.900014 -0.307500690 -0.039772913 0.020100854 0.105556376 -0.047420487 0.032695297 0.992743731
1341846320.931889 -0.276577264 -0.048416488 0.019747995 0.106552087 -0.048206739 0.030906091 0.992656827
1341846320.967866 -0.274753720 -0.019687533 0.036678627 0.107721515 -0.042425778 0.027445087 0.992896199
1341846321.000017 -0.278146714 -0.025122952 0.026402216 0.101241305 -0.041788138 0.025692072 0.993651807
1341846321.031860 -0.258201897 -0.034626309 0.030045275 0.098953150 -0.041790336 0.023721257 0.993931174
1341846321.068047 -0.247700199 -0.026356328 0.030943451 0.099660285 -0.038548987 0.021164902 0.994049251
1341846321.099840 -0.246943563 -0.027344119 0.026305178 0.097101510 -0.036605805 0.021879977 0.994360387
1341846321.131821 -0.227654934 -0.043351948 0.014968887 0.096470907 -0.035708006 0.023616698 0.994414687
1341846321.167887 -0.217495218 -0.036439985 0.024293112 0.099586613 -0.032086514 0.024310596 0.994214237
1341846321.200042 -0.213787124 -0.034314360 0.021918343 0.099861406 -0.029407360 0.024101123 0.994274616
1341846321.231950 -0.205203965 -0.039968066 0.026394032 0.099033065 -0.028347056 0.022756379 0.994419992
1341846321.267939 -0.188168094 -0.035119005 0.014970398 0.099618927 -0.026742224 0.017942058 0.994504392
1341846321.299948 -0.178320721 -0.038435195 0.016620684 0.098213091 -0.022592654 0.012533438 0.994830012
1341846321.331858 -0.176343456 -0.040904984 0.028711267 0.098382488 -0.019322719 0.008183611 0.994927406
1341846321.367913 -0.153198183 -0.045025907 0.029107824 0.099741384 -0.017882934 0.004779973 0.994841158
1341846321.399897 -0.145149305 -0.040688392 0.029844221 0.101791464 -0.012646950 0.003855552 0.994717896
1341846321.435994 -0.144342437 -0.045475703 0.033269562 0.103115961 -0.008897934 0.002750816 0.994625688
1341846321.467946 -0.132893682 -0.046948154 0.031582989 0.104715101 -0.006669428 0.003848852 0.994472444
1341846321.499882 -0.119820699 -0.045861647 0.029435541 0.106179655 -0.004064256 0.004203594 0.994329751
1341846321.536109 -0.091086388 -0.036769424 0.018967077 0.106160156 -0.000028908 0.001649169 0.994347632
1341846321.568960 -0.107386306 -0.026729390 0.047094271 0.103822172 0.008248908 -0.001797182 0.994560003
1341846321.603938 -0.098902054 -0.035754509 0.035919096 0.099865779 0.010212512 -0.001240553 0.994947672
1341846321.637163 -0.058238860 -0.028012536 0.011900412 0.097438760 0.013363362 -0.001442892 0.995150745
1341846321.668306 -0.072225757 -0.027140964 0.040827490 0.093229562 0.023461681 0.001052798 0.995367646
1341846321.704411 -0.091626100 -0.033143021 0.045122053 0.089603446 0.026387917 0.008474447 0.995591819
1341846321.736861 -0.078565739 -0.030785963 0.051080052 0.088814832 0.023351725 0.016829977 0.995632172
1341846321.771881 -0.062999040 -0.012625365 0.050741207 0.087492146 0.022922957 0.021747956 0.995663941
1341846321.804114 -0.050563637 -0.019128352 0.049465522 0.082618721 0.024470665 0.025149500 0.995963275
1341846321.836152 -0.051862150 -0.009437232 0.056946721 0.080364332 0.027321793 0.025300775 0.996069729
1341846321.871882 -0.059283592 -0.004631447 0.046031382 0.075088814 0.030018207 0.022322239 0.996474922
1341846321.904074 -0.053837262 -0.007900799 0.044326141 0.068607301 0.031251829 0.018754534 0.996977746
1341846321.939847 -0.049020108 -0.013922418 0.053220004 0.064178184 0.034138542 0.016522048 0.997217476
1341846322.004094 -0.053111326 -0.021175086 0.052748229 0.056813221 0.032218311 0.016441286 0.997729361
1341846322.066178 -0.034018688 -0.025143042 0.052682985 0.052333716 0.036077198 0.013777760 0.997882605
1341846322.107979 -0.040089790 -0.043224938 0.054397155 0.049030785 0.038856909 0.012216386 0.997966349
1341846322.166164 -0.039504625 -0.063656606 0.051762681 0.051997010 0.038593426 0.012149076 0.997827232
1341846322.202932 -0.036914803 -0.068800993 0.050039802 0.053349968 0.035952039 0.012669590 0.997848034
1341846322.234093 -0.038236644 -0.070580453 0.050474200 0.052375901 0.034802746 0.010142402 0.997969270
1341846322.265941 -0.034511622 -0.082311258 0.043423511 0.049419753 0.031263947 0.010871829 0.998229444
1341846322.301996 -0.025580579 -0.096105278 0.043448053 0.047392096 0.029048061 0.011881902 0.998383224
1341846322.333949 -0.037987970 -0.112123318 0.040440422 0.046117473 0.028287780 0.010807119 0.998476923
1341846322.369871 -0.026461538 -0.126351252 0.043758191 0.046967093 0.022098025 0.007677997 0.998622477
1341846322.402292 -0.009449265 -0.140982270 0.039048325 0.048378695 0.022440862 0.002262856 0.998574376
1341846322.433955 -0.024578994 -0.159771398 0.061463214 0.053230651 0.024867659 -0.000858380 0.998272181
1341846322.470030 -0.021301389 -0.163059741 0.066834845 0.062170226 0.020098681 0.003373027 0.997857451
1341846322.502433 -0.008645373 -0.177865580 0.064582169 0.067902394 0.016243884 0.006523699 0.997538388
1341846322.534002 -0.008486798 -0.196006611 0.062287357 0.075963199 0.016385369 0.007494974 0.996947825
1341846322.570196 -0.009202525 -0.198482513 0.061714917 0.086476803 0.016397309 0.009609704 0.996072590
1341846322.601920 -0.014298811 -0.211758614 0.056848098 0.091196164 0.013460717 0.012947902 0.995657802
1341846322.638119 -0.001927591 -0.225655854 0.060196884 0.096358404 0.009656704 0.012368515 0.995222986
1341846322.669947 0.011349828 -0.228857011 0.065427080 0.101569273 0.011976311 0.011791126 0.994686484
1341846322.702026 -0.004238925 -0.240061656 0.059275798 0.104047604 0.014892251 0.013284477 0.994372070
1341846322.738006 -0.000060708 -0.237759084 0.065169968 0.106070295 0.011726640 0.015045134 0.994175673
1341846322.770087 0.012263529 -0.261217922 0.062882319 0.105492495 0.011958249 0.015136585 0.994232953
1341846322.806047 0.002587422 -0.275129735 0.062663853 0.108946525 0.012286223 0.016755659 0.993830442
1341846322.838063 0.000992773 -0.279545426 0.063054115 0.110877864 0.007833849 0.019154031 0.993618548
1341846322.870081 0.006739709 -0.292254835 0.067898721 0.112800457 0.002593050 0.020030893 0.993412375
1341846322.906018 0.017969774 -0.295660049 0.071121991 0.117924415 0.000612045 0.020036053 0.992820203
1341846322.938349 0.017803729 -0.281239063 0.073867217 0.119288690 0.001502342 0.021550113 0.992624581
1341846322.970069 0.018759470 -0.288367838 0.074272953 0.114110507 0.001151859 0.023364769 0.993192613
1341846323.011820 0.021533450 -0.304138541 0.079905182 0.111302339 0.001470090 0.023571176 0.993505895
1341846323.073951 0.021357385 -0.303317904 0.081396222 0.108637512 0.001203659 0.028659439 0.993667483
1341846323.105962 0.020873103 -0.322241426 0.083514206 0.105370454 0.001457502 0.027853318 0.994041860
1341846323.138158 0.020122116 -0.323497951 0.081507072 0.106279798 0.001625134 0.023761714 0.994050980
1341846323.174092 0.014811939 -0.324427992 0.080553606 0.104577675 0.001465541 0.022307102 0.994265437
1341846323.206059 0.022160042 -0.330932170 0.082911670 0.101699211 0.000655947 0.019643528 0.994621038
1341846323.238053 0.029248327 -0.331123173 0.082078896 0.099274546 0.003254607 0.018256838 0.994887233
1341846323.273997 0.008510033 -0.333668411 0.082249269 0.095038876 0.004543718 0.019357849 0.995274961
1341846323.305946 0.016881399 -0.343898833 0.085268572 0.089605875 0.000083466 0.020090519 0.995774686
1341846323.342027 0.045812480 -0.359012216 0.089519858 0.087480120 0.000094856 0.019018868 0.995984674
1341846323.374048 0.020962818 -0.366704255 0.091077283 0.087524094 0.005174771 0.019844618 0.995951295
1341846323.405987 0.007829269 -0.381321400 0.076285042 0.087254100 0.001578362 0.024716886 0.995878160
1341846323.441956 0.025172679 -0.387098461 0.092481218 0.088585414 -0.003539075 0.027035898 0.995695293
1341846323.473878 0.027751265 -0.400981486 0.091139764 0.092308462 -0.002093811 0.025412427 0.995403886
1341846323.506129 0.019439753 -0.393421590 0.087776877 0.095319085 -0.001674563 0.022960646 0.995180488
1341846323.541972 0.027739575 -0.393473029 0.089681558 0.094027720 -0.002160105 0.021034412 0.995344937
1341846323.573913 0.055591106 -0.411607683 0.079282202 0.092754871 0.000398428 0.015699686 0.995565116
1341846323.609927 0.032637667 -0.410563380 0.081894584 0.093292028 0.008039056 0.011432838 0.995540679
1341846323.642014 0.019025968 -0.421648294 0.082488641 0.091881514 0.010311183 0.012074813 0.995643318
1341846323.674081 0.018934470 -0.433538347 0.081140228 0.091780558 0.008533525 0.014562409 0.995636225
1341846323.710069 0.019131931 -0.453155309 0.076858200 0.092814833 0.007381184 0.018466340 0.995484769
1341846323.742111 0.016693082 -0.458713859 0.083938137 0.097952157 0.005342469 0.019349992 0.994988680
1341846323.774928 0.018093372 -0.452966213 0.082168616 0.101612806 0.002990111 0.017097693 0.994672596
1341846323.810012 0.021207592 -0.458700925 0.081532761 0.102988586 0.001714519 0.013558288 0.994588673
1341846323.842207 0.031628855 -0.468368977 0.075198404 0.103994250 0.001277101 0.008340511 0.994542122
1341846323.878019 0.022228813 -0.481466085 0.072183974 0.104414895 0.000918584 0.004378822 0.994523704
1341846323.909826 0.023260219 -0.496345609 0.075185910 0.107177719 -0.000592355 -0.000081286 0.994239688
1341846323.942459 0.019651223 -0.492233783 0.076602004 0.111372858 -0.000476764 -0.000369139 0.993778467
1341846323.978055 0.016711745 -0.497025907 0.070751071 0.113469668 -0.003156439 0.001458497 0.993535340
1341846324.015934 0.024690297 -0.498949736 0.072992899 0.117147163 -0.005804635 0.001566441 0.993096352
1341846324.047722 0.028746065 -0.489985436 0.069860563 0.121071696 -0.004475940 0.000385296 0.992633581
1341846324.083904 0.025067773 -0.476172149 0.071781635 0.121672370 -0.002806133 -0.000424386 0.992566228
1341846324.115968 0.031341873 -0.476855636 0.068018846 0.119199134 -0.001513284 -0.001853655 0.992867470
1341846324.151967 0.037073944 -0.471606761 0.063022144 0.118672028 0.001130520 -0.006280266 0.992913008
1341846324.183941 0.025048399 -0.461190134 0.068222709 0.115923166 0.006222188 -0.010822516 0.993179739
1341846324.219984 0.021794956 -0.457821727 0.075106874 0.111795932 0.007932685 -0.009316075 0.993655801
1341846324.251968 0.021099230 -0.452962995 0.076088235 0.111606739 0.007776202 -0.009297634 0.993678570
1341846324.284052 0.016995689 -0.438698560 0.080887973 0.112443633 0.007220915 -0.010264690 0.993578851
1341846324.319880 0.009637269 -0.426956594 0.076613598 0.111170739 0.004205270 -0.010794091 0.993733764
1341846324.351917 0.013107308 -0.406976134 0.080256976 0.108321480 0.000829719 -0.012160224 0.994041204
1341846324.388001 0.025105339 -0.401253402 0.081039682 0.103879035 0.000059112 -0.015902942 0.994462788
1341846324.419908 0.016974235 -0.385974973 0.086496249 0.099131696 0.002835251 -0.018380200 0.994900525
1341846324.452027 0.013935341 -0.387000948 0.088656917 0.094407588 0.003110807 -0.018241558 0.995361626
1341846324.487928 0.012038697 -0.382905483 0.086524233 0.092777327 0.002770751 -0.015952043 0.995555222
1341846324.519985 -0.000274109 -0.369373888 0.091313422 0.091961779 0.001393854 -0.012239275 0.995686352
1341846324.556001 0.000881893 -0.352202326 0.086394012 0.090455711 -0.003748883 -0.007825880 0.995862663
1341846324.587888 0.003147879 -0.340192795 0.091402538 0.087200888 -0.006941015 -0.005711267 0.996150196
1341846324.620086 0.004817562 -0.336936653 0.091984615 0.084480628 -0.009812634 -0.007439433 0.996349037
1341846324.655955 0.008665063 -0.323347211 0.095109232 0.083462104 -0.010978437 -0.008634435 0.996413052
1341846324.688082 0.007727774 -0.316366941 0.101598024 0.083162867 -0.010977156 -0.008390679 0.996440172
1341846324.755922 -0.007176079 -0.283686817 0.089678034 0.084358066 -0.013704232 -0.004170569 0.996332526
1341846324.814016 0.012646357 -0.248094231 0.084361970 0.079584338 -0.020274170 -0.006471359 0.996600926
1341846324.849979 0.003387615 -0.244150057 0.100984626 0.073636867 -0.016926339 -0.008857319 0.997102141
1341846324.881924 -0.005967921 -0.241824031 0.103015542 0.070450388 -0.017694164 -0.009240329 0.997315586
1341846324.913902 -0.001397084 -0.232381538 0.103568673 0.069362119 -0.019373434 -0.005650378 0.997387409
1341846324.949999 -0.004141741 -0.234118849 0.104160912 0.069595650 -0.019356135 -0.003153511 0.997382462
1341846324.981922 -0.016562792 -0.228365675 0.106889516 0.073911615 -0.020998441 -0.000075034 0.997043669
1341846325.018013 -0.015405456 -0.215939268 0.103338048 0.078339979 -0.026419075 0.002697099 0.996572912
1341846325.050079 -0.017333116 -0.200567439 0.098729596 0.080386907 -0.031464387 0.001832330 0.996265292
1341846325.081901 -0.017231338 -0.181968331 0.095778570 0.079863407 -0.036549091 -0.000561663 0.996135354
1341846325.118531 -0.007527664 -0.163276061 0.096112542 0.076182254 -0.038574807 -0.002444463 0.996344447
1341846325.149933 -0.006107405 -0.162705392 0.097735316 0.070451528 -0.036412112 -0.004360503 0.996840835
1341846325.181925 -0.010215588 -0.156848684 0.100440204 0.067175552 -0.035167582 -0.001661422 0.997119784
1341846325.218055 -0.009960188 -0.151142463 0.103889555 0.064355604 -0.035159398 0.002161794 0.997305095
1341846325.249811 -0.013230338 -0.141501099 0.104103193 0.062374018 -0.035014678 0.006289210 0.997418642
1341846325.285925 -0.008768289 -0.134118319 0.106494091 0.059702456 -0.036029376 0.009082658 0.997524440
1341846325.317988 0.002374177 -0.137372091 0.110405684 0.057105839 -0.034186643 0.011648617 0.997714639
1341846325.349844 -0.004751800 -0.140639737 0.114995137 0.059746172 -0.028689457 0.013401041 0.997711241
1341846325.387302 -0.002570970 -0.127498344 0.113956332 0.064894721 -0.026293516 0.016253594 0.997413218
1341846325.417931 0.008142646 -0.121257856 0.112688467 0.067389041 -0.021810191 0.019298734 0.997301698
1341846325.450747 0.014599542 -0.128639728 0.116607741 0.071544930 -0.013764077 0.020860365 0.997124255
1341846325.485954 -0.003188003 -0.103816733 0.127876833 0.081468239 -0.006139365 0.022017714 0.996413767
1341846325.517875 -0.008427925 -0.097088777 0.117829435 0.084841736 -0.002946693 0.024987983 0.996076703
1341846325.553859 -0.003138251 -0.093490407 0.122190803 0.087553501 0.000186769 0.025167201 0.995841861
1341846325.585855 -0.010416206 -0.075876914 0.119673841 0.090112388 0.003504892 0.023310054 0.995652616
1341846325.617990 -0.011297664 -0.057020031 0.119898967 0.087565072 0.005245990 0.022200318 0.995897591
1341846325.653982 -0.014739376 -0.073151298 0.127352566 0.083798468 0.007105471 0.019317031 0.996270120
1341846325.685819 -0.015857119 -0.071112931 0.127645865 0.089178666 0.008674010 0.020157490 0.995773852
1341846325.717857 -0.018779550 -0.055365603 0.132619798 0.094173275 0.009737703 0.027539046 0.995127201
1341846325.754083 -0.029421622 -0.054793611 0.118223019 0.096909113 0.010896681 0.029782033 0.994787872
1341846325.786087 -0.022763457 -0.045335002 0.124727815 0.103825733 0.010991774 0.031617310 0.994032025
1341846325.821856 -0.023798645 -0.028653195 0.119870424 0.107953437 0.012657625 0.032734282 0.993536234
1341846325.853827 -0.031626623 -0.022964152 0.119710624 0.108476803 0.013592859 0.036199979 0.993346632
1341846325.885958 -0.039588422 -0.009380447 0.118505940 0.109178603 0.011300350 0.042220730 0.993060768
1341846325.921984 -0.035429966 -0.003214903 0.137731731 0.108106606 0.006793541 0.047487784 0.992981255
1341846325.953899 -0.025111707 0.002185620 0.137921765 0.111186810 0.006749090 0.049042419 0.992565751
1341846325.985823 -0.030724421 0.015636412 0.143035159 0.114252061 0.009953097 0.052558135 0.992010653
1341846326.021991 -0.038269117 0.016845902 0.141387761 0.116866320 0.010742666 0.057952516 0.991397202
1341846326.054055 -0.030128617 0.029428080 0.146151841 0.122255743 0.009187250 0.062165637 0.990507245
1341846326.089984 -0.025714142 0.050343975 0.141284704 0.125293508 0.010847340 0.061176099 0.990172386
1341846326.121822 -0.026781948 0.058357667 0.144746840 0.124587953 0.014980512 0.059121974 0.990332305
1341846326.154079 -0.030986007 0.057526551 0.149523571 0.124637313 0.017638782 0.057792056 0.990360796
1341846326.190178 -0.034304779 0.070445284 0.152090386 0.127439380 0.017272886 0.060036339 0.989877045
1341846326.222162 -0.037932530 0.088270083 0.154324174 0.127129614 0.015512238 0.066123910 0.989558041
1341846326.259181 -0.039988980 0.100381017 0.156655401 0.124037273 0.012959908 0.069382638 0.989764035
1341846326.322766 -0.037482265 0.123084560 0.164724350 0.116941184 0.012553842 0.068449967 0.990697622
1341846326.359773 -0.033313390 0.128896788 0.164753497 0.112945445 0.013650083 0.066557221 0.991275489
1341846326.392109 -0.031333212 0.121926233 0.174463645 0.110969372 0.015570428 0.067670077 0.991395056
1341846326.423985 -0.037970528 0.129320502 0.176050305 0.115415469 0.016802842 0.072659105 0.990513802
1341846326.459869 -0.041591186 0.145200744 0.175937489 0.117734954 0.014383653 0.076561078 0.989984870
1341846326.526163 -0.031915974 0.178711578 0.193686634 0.118612997 0.015394117 0.076076001 0.989902258
1341846326.560211 -0.035752308 0.187936023 0.208674312 0.113882311 0.019399110 0.076259032 0.990373254
1341846326.591828 -0.035514139 0.191827148 0.205742896 0.110535227 0.021461267 0.077580683 0.990607202
1341846326.627027 -0.034165509 0.206139460 0.206654966 0.110835589 0.023038406 0.076313920 0.990636647
1341846326.658442 -0.031938184 0.221799865 0.211850896 0.108852476 0.026253160 0.075493023 0.990839422
1341846326.694856 -0.041358747 0.231727242 0.217302531 0.104978062 0.030705797 0.075315379 0.991142988
1341846326.726206 -0.040710863 0.245511547 0.215752348 0.099231929 0.031543836 0.073716022 0.991828680
1341846326.762753 -0.035375956 0.256405115 0.211188585 0.093045153 0.033673219 0.071094923 0.992549419
1341846326.826821 -0.037649982 0.292406261 0.218660831 0.078650847 0.039739631 0.066390038 0.993894994
1341846326.858887 -0.041994043 0.299578249 0.231109098 0.071168780 0.041581314 0.065048352 0.994472086
1341846326.895360 -0.045161869 0.297975123 0.239358410 0.068388894 0.041152995 0.067170165 0.994543910
1341846326.926897 -0.049630448 0.295789599 0.239746332 0.069489859 0.037841182 0.068306558 0.994521737
1341846326.958888 -0.041976668 0.310880393 0.234791040 0.072460152 0.035065472 0.070717528 0.994242966
1341846326.994594 -0.036697533 0.320142806 0.231821999 0.072571591 0.034867439 0.074170016 0.993990183
1341846327.026301 -0.039865240 0.336771369 0.229823068 0.071621500 0.036536593 0.072376087 0.994131386
1341846327.063945 -0.037997376 0.342312753 0.237013549 0.068336561 0.038760860 0.069360346 0.994493306
1341846327.094662 -0.038047023 0.352343053 0.239500031 0.068174399 0.040965870 0.067013420 0.994576931
1341846327.128901 -0.040184442 0.363107085 0.246199444 0.067548998 0.041206073 0.065986544 0.994678378
1341846327.161940 -0.038505562 0.375358999 0.242003173 0.066657826 0.039607901 0.065651305 0.994825602
1341846327.193867 -0.031407900 0.379981160 0.239889458 0.065035142 0.040593918 0.063728981 0.995018184
1341846327.229885 -0.028615048 0.398249596 0.241036832 0.067007110 0.043517694 0.061678331 0.994892955
1341846327.262014 -0.023817498 0.406500965 0.246563330 0.065894447 0.048439849 0.057534337 0.994988084
1341846327.294023 -0.018588785 0.412444085 0.249406248 0.068926752 0.060623016 0.054279614 0.994297564
1341846327.330015 -0.016129283 0.437061489 0.240974635 0.071780048 0.069816612 0.049534973 0.993740141
1341846327.361939 -0.021559002 0.446773857 0.245423123 0.068630904 0.075564310 0.043187458 0.993838370
1341846327.393887 -0.024897248 0.453261465 0.254347622 0.066715054 0.078412235 0.036823753 0.994004369
1341846327.429966 -0.042081974 0.489810884 0.248268485 0.067458428 0.078661010 0.038755875 0.993861079
1341846327.461965 -0.043423429 0.504478872 0.260170162 0.060374506 0.074577168 0.038338974 0.994647324
1341846327.497931 -0.036875162 0.505489469 0.273843914 0.053985003 0.073269628 0.032574371 0.995317101
1341846327.530068 -0.035840329 0.519885719 0.282916307 0.053172838 0.073708057 0.036157291 0.995204747
1341846327.561895 -0.044870261 0.525455117 0.276266754 0.051576927 0.071133532 0.043608092 0.995177448
1341846327.598010 -0.049610630 0.524439752 0.279311061 0.051823922 0.068679191 0.048171528 0.995126605
1341846327.629945 -0.052812133 0.544319987 0.281631738 0.053421874 0.064096667 0.047353923 0.995387018
1341846327.662003 -0.048580818 0.540053487 0.282486826 0.051690005 0.060259543 0.043702390 0.995885074
1341846327.697919 -0.047874410 0.565501034 0.284135401 0.055806767 0.059150070 0.045451507 0.995651066
1341846327.730075 -0.050536282 0.591871560 0.286255866 0.052709375 0.058475170 0.045269486 0.995867968
1341846327.766017 -0.047573552 0.595090628 0.288209736 0.047511902 0.057469223 0.046008311 0.996154189
1341846327.797917 -0.051077336 0.611000538 0.285441965 0.042865481 0.057373349 0.047452886 0.996302724
1341846327.830054 -0.048855260 0.619980752 0.292425185 0.036500335 0.056619842 0.048240472 0.996561468
1341846327.865944 -0.043748781 0.628354132 0.292497754 0.033103190 0.057304472 0.048667416 0.996620178
1341846327.898010 -0.050180022 0.643509090 0.296748161 0.031088568 0.058911357 0.049928367 0.996529043
1341846327.929991 -0.049434841 0.648456454 0.298035860 0.025967162 0.057279650 0.047459029 0.996891379
1341846327.966065 -0.048147451 0.663032055 0.297947079 0.022284541 0.057375476 0.045178998 0.997080922
1341846327.998073 -0.048640896 0.672617555 0.297557592 0.015982671 0.058294836 0.042354785 0.997272432
1341846328.034045 -0.049151465 0.671256423 0.297717839 0.008904213 0.059410963 0.039950617 0.997394085
1341846328.065993 -0.050661959 0.671697021 0.297457933 0.003519473 0.060354803 0.040674262 0.997341692
1341846328.098045 -0.052244648 0.656329632 0.299529016 0.000870179 0.060989581 0.042112637 0.997249246
1341846328.133967 -0.057084918 0.657167554 0.299952894 0.004253683 0.060564570 0.045173142 0.997132480
1341846328.166023 -0.059640471 0.655346751 0.297943652 0.003929968 0.057591617 0.045990016 0.997272611
1341846328.198018 -0.058878303 0.633822560 0.292905897 0.001901703 0.054907113 0.042914551 0.997566998
1341846328.234044 -0.058591433 0.626310527 0.289344907 0.004782208 0.053332195 0.042985450 0.997639775
1341846328.265899 -0.051760547 0.619945228 0.289097488 0.007421981 0.050354708 0.043606475 0.997751355
1341846328.302051 -0.050073683 0.598919630 0.287024915 0.009452090 0.050134148 0.043639045 0.997743845
1341846328.333917 -0.053652562 0.579327822 0.280938625 0.011216082 0.050713941 0.045973621 0.997591436
1341846328.366008 -0.051203165 0.564191937 0.285117209 0.017483937 0.050201364 0.042203166 0.997693837
1341846328.402010 -0.049585931 0.520455122 0.279046416 0.027001189 0.051969130 0.045433633 0.997249186
1341846328.433920 -0.054298207 0.499610990 0.273549825 0.028686650 0.050979439 0.044953775 0.997274935
1341846328.470003 -0.045900710 0.485976130 0.269297242 0.029522801 0.048812561 0.038690075 0.997621596
1341846328.502194 -0.040890846 0.469476432 0.265699208 0.032297742 0.050420024 0.030609518 0.997736275
1341846328.534033 -0.035693832 0.443175226 0.261324912 0.031939119 0.052551061 0.027441449 0.997730017
1341846328.570125 -0.040434904 0.426837444 0.267660797 0.033921029 0.053284664 0.029436681 0.997568846
1341846328.602804 -0.034827948 0.391407430 0.243276268 0.037507158 0.046954818 0.035448525 0.997562945
1341846328.672663 -0.033671379 0.346314371 0.246027917 0.045964245 0.034852434 0.032900888 0.997792602
1341846328.702975 -0.022454776 0.331729889 0.246977314 0.048732311 0.030424381 0.031108612 0.997863591
1341846328.770129 -0.021610372 0.312251329 0.243185043 0.059002284 0.027927186 0.027519029 0.997487605
1341846328.802331 -0.019890727 0.294743359 0.238597617 0.059521504 0.024818227 0.027789932 0.997531474
1341846328.838051 -0.014996678 0.274952054 0.237331837 0.063020028 0.022490306 0.024295092 0.997463048
1341846328.869939 -0.015968112 0.277146459 0.231349826 0.063623905 0.021572908 0.023798360 0.997456908
1341846328.904486 -0.017279584 0.258902699 0.229040727 0.058869895 0.018967360 0.023675296 0.997804642
1341846328.939814 -0.010712802 0.227087438 0.236394256 0.060417961 0.015492644 0.023088824 0.997785866
1341846328.970217 -0.008827866 0.226770237 0.221162036 0.064731434 0.013853898 0.026246844 0.997461319
1341846329.006232 -0.006426510 0.211426169 0.219906718 0.065266415 0.011199878 0.031109354 0.997319996
1341846329.038243 -0.003258929 0.189665794 0.196887076 0.068341047 0.010575186 0.029684097 0.997164190
1341846329.106125 -0.002669654 0.190364718 0.186205164 0.072174564 0.010381386 0.029169735 0.996911287
1341846329.138340 0.003569684 0.170970440 0.187590376 0.073131017 0.008879466 0.027292617 0.996909261
1341846329.169991 0.004169409 0.169896096 0.178829983 0.075215325 0.007865837 0.026593439 0.996781588
1341846329.208656 0.003587090 0.162518531 0.177834749 0.075543657 0.007279777 0.025317354 0.996794403
1341846329.238169 0.007953402 0.164644405 0.198579416 0.075632654 0.005470457 0.026481202 0.996769071
1341846329.273827 0.006707362 0.145015672 0.171200648 0.072941497 0.005041473 0.026170060 0.996980071
1341846329.306052 0.008400230 0.144772813 0.186108887 0.073846214 0.002204465 0.025771748 0.996934116
1341846329.338104 0.013621148 0.144091308 0.179361552 0.070449397 0.000334117 0.023404876 0.997240722
1341846329.373907 0.014548745 0.121092036 0.180194899 0.066210628 -0.000471581 0.022286190 0.997556627
1341846329.405985 0.015719322 0.113169312 0.181923255 0.067757204 -0.002242112 0.019438908 0.997509956
1341846329.442057 0.014264379 0.110421702 0.177019387 0.067274474 -0.002365832 0.015839409 0.997605979
1341846329.473950 0.012452584 0.095779240 0.173507676 0.066049598 -0.003332527 0.009842707 0.997762263
1341846329.506147 0.013574140 0.090815894 0.169689968 0.066193543 -0.005406651 0.007086665 0.997766972
1341846329.542121 0.011020223 0.077494420 0.165928245 0.064171337 -0.008236216 0.007191015 0.997879028
1341846329.574086 0.014819248 0.059090935 0.165733635 0.066076189 -0.010588463 0.005314562 0.997744203
1341846329.606387 0.016055536 0.059550356 0.161962777 0.068983488 -0.011308425 0.004089371 0.997545302
1341846329.641955 0.012881808 0.055652611 0.157237291 0.068720058 -0.012224088 0.004703095 0.997550011
1341846329.681570 0.008846996 0.038716793 0.135542929 0.067222603 -0.014619458 0.003965699 0.997623026
1341846329.748113 0.015406788 0.035213217 0.134043649 0.069814853 -0.014985370 0.001508611 0.997446239
1341846329.810175 0.015055741 0.007123886 0.133279085 0.066854261 -0.011844175 0.006765514 0.997669518
1341846329.842255 0.013907223 -0.000372943 0.132335767 0.068466783 -0.011714038 0.009689110 0.997537553
1341846329.874044 0.010312069 -0.007282748 0.129064828 0.070342273 -0.011370060 0.012754634 0.997376561
1341846329.910073 0.011175672 -0.001217851 0.127374142 0.070859820 -0.012051595 0.015221023 0.997297287
1341846329.942009 0.008973230 -0.003335298 0.130423024 0.066442125 -0.012420444 0.020649243 0.997499228
1341846329.978087 0.010427490 -0.027366726 0.129165843 0.063804783 -0.012778326 0.021793654 0.997642577
1341846330.016305 0.015667433 -0.019219454 0.125144988 0.066185370 -0.012083886 0.019635415 0.997540951
1341846330.048192 0.007717302 -0.012994293 0.118279330 0.062883921 -0.010001685 0.020703442 0.997755945
1341846330.080418 0.010302926 -0.036475152 0.122549005 0.057377949 -0.010501863 0.023150895 0.998028815
1341846330.115886 0.011236139 -0.050540633 0.122689903 0.060041193 -0.008810308 0.023974180 0.997869074
1341846330.147839 0.005500113 -0.036049496 0.117455781 0.063086979 -0.008396683 0.025494790 0.997646987
1341846330.181257 0.002708903 -0.024404652 0.114070810 0.058788754 -0.008609154 0.028137242 0.997836649
1341846330.215852 0.009648918 -0.039715834 0.116981573 0.051777292 -0.008453660 0.028390760 0.998219192
1341846330.247833 0.003705627 -0.046268534 0.117784865 0.049877789 -0.007598992 0.027416933 0.998350024
1341846330.283913 -0.002368036 -0.030449867 0.114542238 0.047078017 -0.007679008 0.027562939 0.998481333
1341846330.316011 -0.003236588 -0.047745738 0.116349138 0.039983388 -0.008411746 0.027069300 0.998798192
1341846330.347868 -0.001914619 -0.056827642 0.116657719 0.037427220 -0.010620282 0.026480721 0.998892009
1341846330.383835 0.001943960 -0.057635210 0.118014857 0.035947300 -0.011253372 0.026712000 0.998933196
1341846330.415934 -0.001989236 -0.074194223 0.119176932 0.034754742 -0.009873821 0.024554506 0.999045372
1341846330.452561 -0.005063424 -0.074452013 0.114991963 0.037638724 -0.010474977 0.023898799 0.998950660
1341846330.483903 -0.009016061 -0.068595812 0.112275213 0.038074482 -0.012099969 0.026340792 0.998854399
1341846330.515970 -0.009230288 -0.079234533 0.111549087 0.036114983 -0.014233548 0.029614585 0.998807311
1341846330.552099 -0.005190236 -0.081747144 0.106584847 0.037444718 -0.015848774 0.032048803 0.998658895
1341846330.583876 -0.009620063 -0.072659999 0.107467145 0.037387617 -0.015818035 0.032374311 0.998651028
1341846330.619992 -0.018904537 -0.064207293 0.098207429 0.033412624 -0.016278664 0.031822145 0.998802245
1341846330.652136 -0.012614632 -0.071588404 0.099324405 0.026436970 -0.018433005 0.030542921 0.999013722
1341846330.683796 -0.015645636 -0.078151867 0.098601110 0.021511946 -0.018177768 0.029394591 0.999171019
1341846330.719991 -0.020608312 -0.091926493 0.088017210 0.018486748 -0.020207670 0.030337658 0.999164402
1341846330.752103 -0.023333151 -0.094197243 0.088823423 0.020358816 -0.024237007 0.035068866 0.998883486
1341846330.787952 -0.028528020 -0.090783931 0.082048185 0.021380048 -0.028599218 0.038290832 0.998628438
1341846330.819823 -0.023705369 -0.086859815 0.078581393 0.021559402 -0.033485256 0.039472833 0.998426676
1341846330.852208 -0.026968725 -0.079220563 0.078390963 0.021603102 -0.034783743 0.039758429 0.998369992
1341846330.914111 -0.032092102 -0.069037005 0.071454115 0.012694133 -0.037871946 0.039685637 0.998413563
1341846330.949903 -0.034989592 -0.082263820 0.070505813 0.008895298 -0.038798265 0.039716102 0.998417854
1341846330.981986 -0.036305565 -0.081735998 0.079968393 0.009561097 -0.044048432 0.041989353 0.998100817
1341846331.014111 -0.036517709 -0.072938494 0.081191823 0.009991669 -0.048059005 0.041767724 0.997920811
1341846331.082139 -0.040565103 -0.079873011 0.058799677 0.011268334 -0.050342202 0.037659798 0.997958124
1341846331.114334 -0.042424008 -0.075410061 0.057151847 0.011340435 -0.052404679 0.037050869 0.997873902
1341846331.149989 -0.042157982 -0.082143970 0.058590524 0.011544676 -0.053100005 0.036012422 0.997872829
1341846331.181954 -0.046436086 -0.083946906 0.050462767 0.014515249 -0.053117529 0.035087358 0.997866094
1341846331.218151 -0.051801741 -0.069976613 0.044299386 0.014903960 -0.055948108 0.035923060 0.997675896
1341846331.249914 -0.040709339 -0.079470843 0.055198967 0.012241208 -0.058700785 0.034611564 0.997600317
1341846331.318141 -0.034673177 -0.076532900 0.055623811 0.023003126 -0.049046751 0.030788982 0.998056769
1341846331.349926 -0.024506330 -0.073124900 0.066362821 0.022038102 -0.047670372 0.030318908 0.998159587
1341846331.382003 0.001347569 -0.095178969 0.069956258 0.023823395 -0.042075321 0.030359769 0.998368859
1341846331.418008 -0.005984077 -0.080091074 0.076484911 0.032369193 -0.031906672 0.030446082 0.998502493
1341846331.450327 -0.008985270 -0.070662372 0.091107197 0.034680430 -0.027304310 0.030992955 0.998544514
1341846331.486219 -0.030825814 -0.067205764 0.089280948 0.033987060 -0.023118012 0.030318089 0.998694777
1341846331.518344 -0.017138615 -0.070045546 0.094460100 0.032477554 -0.023474118 0.029079290 0.998773575
1341846331.550202 -0.009019943 -0.076197311 0.102297321 0.034590013 -0.019339763 0.028061429 0.998820364
1341846331.586139 -0.020904360 -0.062208846 0.107301719 0.037552476 -0.017074620 0.028299179 0.998747945
1341846331.617931 -0.014614141 -0.061665393 0.112219639 0.036476433 -0.017468447 0.028354887 0.998779416
1341846331.654027 -0.004892224 -0.067117825 0.124839962 0.036774911 -0.015639592 0.029366273 0.998769522
1341846331.686123 -0.018866649 -0.058214106 0.117590837 0.039673351 -0.011373422 0.029586663 0.998709798
1341846331.717954 -0.018940238 -0.046584480 0.136631310 0.037013881 -0.012944291 0.030698631 0.998759210
1341846331.754076 -0.007838974 -0.059860110 0.149434969 0.033909719 -0.012961227 0.029698187 0.998899460
1341846331.785920 -0.006043791 -0.061147079 0.158271119 0.036713991 -0.010104082 0.028018221 0.998881876
1341846331.818053 -0.014391958 -0.047942631 0.159142956 0.038113594 -0.007590254 0.027246935 0.998873055
1341846331.853849 -0.007462918 -0.058024965 0.178255185 0.036015335 -0.008022892 0.027619762 0.998937309
1341846331.885987 -0.001928036 -0.057390716 0.195291847 0.038941037 -0.005862911 0.025702151 0.998893678
1341846331.922014 -0.003254004 -0.050611295 0.200706199 0.041225102 -0.002506461 0.024332078 0.998850405
1341846331.954037 0.002446013 -0.049990371 0.210791528 0.041007597 -0.000173295 0.025371045 0.998836637
1341846331.986135 0.012585334 -0.062417965 0.224273950 0.042475112 0.004652197 0.027777225 0.998700500
1341846332.022364 -0.002637878 -0.064048454 0.241070852 0.049508426 0.010937675 0.026632603 0.998358667
1341846332.054175 -0.006105264 -0.058927543 0.256587833 0.056091651 0.011114158 0.028304972 0.997962475
1341846332.086502 -0.002619326 -0.053983897 0.268311441 0.058941837 0.010930121 0.030158186 0.997745931
1341846332.122051 -0.008835450 -0.051068723 0.262957305 0.060842905 0.012811780 0.027480727 0.997686684
1341846332.153983 -0.010632409 -0.034832481 0.290757805 0.059908897 0.011992935 0.026788080 0.997772276
1341846332.190165 -0.008867608 -0.036994360 0.307658553 0.053003982 0.009981432 0.024539394 0.998242855
1341846332.254145 -0.009323643 -0.055152029 0.333596706 0.052216526 0.010483374 0.022231774 0.998333275
1341846332.289948 -0.018238090 -0.050009366 0.328047812 0.054771736 0.011197836 0.023368141 0.998162627
1341846332.322172 -0.016755987 -0.053590033 0.339486182 0.055095870 0.010619293 0.025017718 0.998111129
1341846332.354003 -0.005116406 -0.056787197 0.341951042 0.057551198 0.011435217 0.022493608 0.998023629
1341846332.390180 -0.008983845 -0.042311188 0.356934339 0.060041267 0.016541844 0.019550722 0.997867286
1341846332.422055 -0.011282494 -0.039343387 0.381571203 0.057882704 0.018604079 0.017084859 0.998003840
1341846332.458114 -0.005873010 -0.044512495 0.389040709 0.057064041 0.020444147 0.013462527 0.998070419
1341846332.489993 -0.012729218 -0.038378067 0.402651757 0.058197007 0.022596896 0.014970521 0.997937083
1341846332.522130 -0.019773930 -0.034536399 0.415753722 0.057846196 0.019118670 0.021623049 0.997908175
1341846332.558114 -0.014789322 -0.038010731 0.422899574 0.057718504 0.013376355 0.028759951 0.997828901
1341846332.589874 -0.007678946 -0.025173847 0.425038725 0.058596697 0.010330289 0.032964446 0.997683883
1341846332.621889 -0.005303384 -0.018946698 0.439026177 0.054704394 0.009979378 0.034912240 0.997842133
1341846332.658202 -0.002942778 -0.023733417 0.449692070 0.050477844 0.010683295 0.032851718 0.998127520
1341846332.690001 -0.000490061 -0.022937343 0.461288512 0.048231948 0.011270110 0.034592271 0.998173356
1341846332.726000 -0.001429071 -0.026337069 0.473251969 0.047145303 0.010266188 0.039215349 0.998065174
1341846332.758386 0.003001758 -0.025612772 0.482388705 0.047736786 0.007697530 0.039321095 0.998055995
1341846332.789937 0.012644716 -0.016046362 0.487870365 0.047659885 0.007675639 0.038701341 0.998084068
1341846332.825925 0.015312882 -0.017235588 0.500700831 0.045291949 0.010030080 0.037267245 0.998228014
1341846332.857898 0.016304385 -0.019013610 0.511211991 0.046043698 0.011327331 0.036667168 0.998201966
1341846332.894069 0.014563247 -0.005387519 0.517560661 0.046672672 0.011660715 0.036174506 0.998186886
1341846332.926029 0.020144911 -0.001570631 0.521628559 0.043314498 0.011819497 0.034379665 0.998399794
1341846332.958015 0.024982601 -0.000003841 0.532799661 0.040489357 0.013717969 0.031871647 0.998577297
1341846332.994073 0.025461167 0.003515728 0.540242553 0.037791822 0.015144153 0.029814260 0.998725951
1341846333.026545 0.030245984 0.003646757 0.549163163 0.035040729 0.015975818 0.027518168 0.998879194
1341846333.057998 0.039488345 0.005405731 0.556301117 0.034238238 0.017232085 0.028108012 0.998869717
1341846333.094024 0.038996555 0.004733980 0.564568818 0.034480799 0.019133579 0.031637065 0.998721242
1341846333.126095 0.042154931 0.007957060 0.568971157 0.034898367 0.020953981 0.033396646 0.998612881
1341846333.161973 0.049331807 0.016407266 0.573091447 0.034591243 0.022828246 0.034863606 0.998532355
1341846333.195660 0.048403651 0.016143840 0.580135405 0.031896036 0.025303703 0.036997821 0.998485625
1341846333.226331 0.047597546 0.016981978 0.584221601 0.030374013 0.026137790 0.035759818 0.998556674
1341846333.262056 0.050751358 0.025786612 0.594526052 0.027998073 0.026641155 0.034273420 0.998664916
1341846333.294147 0.053488381 0.020948192 0.598344982 0.023966419 0.026078004 0.033484358 0.998811483
1341846333.326100 0.055303194 0.025168620 0.601130903 0.022992786 0.024723209 0.031781171 0.998924434
1341846333.362100 0.057474919 0.032205429 0.604426920 0.020088840 0.024083808 0.030969031 0.999028206
1341846333.394119 0.054502048 0.026044279 0.611373186 0.016393710 0.023729736 0.030750189 0.999110878
1341846333.429974 0.057274606 0.028932869 0.611141086 0.015933784 0.021573430 0.030610265 0.999171495
1341846333.462115 0.063448042 0.026239909 0.615983307 0.015432587 0.021041056 0.029243691 0.999231637
1341846333.494040 0.061944667 0.026786907 0.617054582 0.016556343 0.022408854 0.027931677 0.999221444
1341846333.529953 0.069944561 0.027410906 0.617573917 0.017328540 0.022554064 0.027510108 0.999216795
1341846333.562063 0.063972071 0.028857779 0.620935678 0.018228820 0.025601598 0.029032778 0.999084294
1341846333.594090 0.056723475 0.034959920 0.619182050 0.017321909 0.025546428 0.029764127 0.999080300
1341846333.629994 0.060663134 0.033813946 0.618883789 0.013245940 0.022389114 0.028781254 0.999247193
1341846333.662127 0.061228566 0.033493783 0.615713835 0.010194688 0.021279944 0.028176688 0.999324441
1341846333.697964 0.059102181 0.026002610 0.616691172 0.008006033 0.021789772 0.028968995 0.999310672
1341846333.730092 0.059282143 0.025727967 0.613123775 0.010525981 0.022020498 0.029800585 0.999257863
1341846333.762089 0.057453014 0.025183231 0.608529806 0.012046708 0.023017475 0.031050835 0.999180138
1341846333.798006 0.055755716 0.023709362 0.605850101 0.013350652 0.023652691 0.031139225 0.999145985
1341846333.830055 0.056939479 0.024727406 0.601214170 0.016327370 0.024747834 0.028749842 0.999146819
1341846333.866045 0.052288122 0.025528345 0.597629666 0.017513242 0.026353436 0.027578071 0.999118745
1341846333.897987 0.050113380 0.020213298 0.591852009 0.018387293 0.026662860 0.026506174 0.999123812
1341846333.930099 0.051926654 0.018856116 0.586974859 0.021342469 0.027099643 0.025585378 0.999077320
1341846333.965889 0.048101280 0.018453319 0.580898523 0.023481086 0.028425287 0.025082134 0.999005258
1341846333.997985 0.049859375 0.015897034 0.575107753 0.026172670 0.029106118 0.025185222 0.998916149
1341846334.030076 0.044087082 0.018184185 0.568407118 0.029618636 0.030844957 0.026342778 0.998737872
1341846334.066000 0.040850949 0.015473276 0.562097847 0.030930953 0.030728139 0.027660605 0.998666108
1341846334.097932 0.041710064 0.015215151 0.553754449 0.032898597 0.030516557 0.027434906 0.998615921
1341846334.133884 0.036097493 0.014521059 0.548504949 0.034416810 0.031778831 0.027760575 0.998516381
1341846334.166115 0.028689310 0.014217846 0.542892814 0.034527700 0.031176083 0.028275046 0.998517096
1341846334.198072 0.029130466 0.013791189 0.535168946 0.035086539 0.029310280 0.027583905 0.998573482
1341846334.234097 0.031916991 0.015001647 0.526138663 0.035641089 0.029553641 0.026367228 0.998579502
1341846334.266045 0.024801077 0.012822412 0.519590259 0.035460837 0.031571798 0.026683239 0.998515785
1341846334.297946 0.019325748 0.012961011 0.514689863 0.036900476 0.030235315 0.028440682 0.998456478
1341846334.334036 0.018872675 0.013460688 0.507051170 0.037263118 0.028441122 0.028838087 0.998484313
1341846334.365871 0.018826921 0.015477486 0.499844968 0.037059914 0.028319409 0.027246451 0.998540044
1341846334.401845 0.013237588 0.014528017 0.494146168 0.035645500 0.029620172 0.025989538 0.998587310
1341846334.433864 0.006397882 0.008968748 0.484741122 0.035162393 0.029012851 0.026699021 0.998603523
1341846334.466105 0.008024443 0.011752646 0.476200104 0.035971534 0.026865562 0.027758913 0.998605907
1341846334.502142 0.000759412 0.015405383 0.470868975 0.035311025 0.026183642 0.028272619 0.998633146
1341846334.540153 0.000413183 0.013830647 0.462359518 0.034804612 0.024827251 0.026940817 0.998722434
1341846334.602351 -0.011900051 0.020418387 0.448852509 0.030325895 0.021598773 0.020408981 0.999098241
1341846334.670161 -0.016896797 0.013786439 0.435666442 0.024989076 0.019008840 0.013403567 0.999417126
1341846334.702085 -0.022992436 0.011085415 0.423316628 0.023686538 0.017003683 0.013178322 0.999487936
1341846334.734751 -0.025635375 0.010168470 0.417001516 0.023844920 0.014564482 0.014703808 0.999501407
1341846334.770889 -0.028693870 0.008864410 0.401749343 0.023637388 0.013104796 0.017739519 0.999477267
1341846334.802194 -0.031869490 0.010590345 0.395976543 0.023370313 0.010315962 0.018298686 0.999506176
1341846334.833908 -0.032547902 0.012533037 0.385369182 0.023158718 0.009003819 0.016636018 0.999552846
1341846334.869874 -0.034675315 0.013743030 0.375302047 0.021562198 0.008443679 0.016604025 0.999593973
1341846334.902006 -0.041435864 0.010046910 0.365800411 0.019619538 0.007025488 0.017285805 0.999633372
1341846334.938010 -0.041547697 0.009425492 0.356634706 0.019285997 0.003788810 0.016771741 0.999666154
1341846334.970032 -0.038847767 0.009385969 0.351107627 0.019383769 0.002589602 0.015643172 0.999686360
1341846335.002203 -0.044809930 0.004772848 0.340819448 0.020474343 0.003287674 0.017094681 0.999638796
1341846335.037880 -0.051691502 0.004837469 0.322055519 0.022923119 0.000665763 0.019787615 0.999541163
1341846335.069990 -0.050085653 0.008392509 0.318282604 0.023479791 -0.002440834 0.019407259 0.999532938
1341846335.106038 -0.047501497 0.006652820 0.308525413 0.023749135 -0.001513181 0.017751520 0.999559164
1341846335.138045 -0.053037558 0.003818558 0.298554093 0.025151052 -0.000088164 0.017160628 0.999536395
1341846335.169900 -0.058228962 0.007317466 0.280334473 0.025517534 -0.002520542 0.016962765 0.999527276
1341846335.206091 -0.057109781 0.005836421 0.270727694 0.024730839 -0.004510462 0.014655338 0.999576509
1341846335.239365 -0.053003952 0.001480177 0.266896218 0.024347689 -0.004187380 0.012454350 0.999617219
1341846335.269948 -0.058426291 -0.000418992 0.253021687 0.025822913 -0.002393534 0.011270998 0.999600112
1341846335.305972 -0.063235402 -0.000566978 0.241429478 0.027822260 -0.003883339 0.012035592 0.999532878
1341846335.338012 -0.057675716 -0.003185343 0.229012400 0.028675400 -0.005729758 0.014031427 0.999473870
1341846335.374005 -0.054315511 -0.009920863 0.225960597 0.032936748 -0.004377551 0.014252407 0.999346256
1341846335.406025 -0.060759220 -0.007058409 0.218086496 0.040053040 -0.001292435 0.015951028 0.999069393
1341846335.438079 -0.062925704 -0.000087406 0.208032295 0.045604505 -0.000453757 0.019726826 0.998764694
1341846335.473998 -0.060167238 0.005915930 0.197265297 0.048134211 0.000839509 0.020405751 0.998632073
1341846335.507038 -0.062245406 0.010388169 0.185877025 0.049367301 0.003598461 0.018198881 0.998608410
1341846335.538040 -0.067526788 0.015044978 0.177312240 0.048902709 0.006306861 0.016387068 0.998649240
1341846335.574119 -0.073780723 0.018783674 0.168171227 0.046633601 0.006410298 0.016693914 0.998751998
1341846335.605970 -0.071278282 0.010690208 0.158209011 0.044396948 0.005356700 0.016037297 0.998870850
1341846335.641978 -0.068126224 0.013386915 0.147773787 0.045925718 0.006233066 0.013367548 0.998835981
1341846335.673993 -0.074506700 0.014859949 0.140064791 0.045578815 0.007174470 0.013529518 0.998843372
1341846335.706178 -0.079421893 0.013539553 0.126213074 0.044909813 0.006183023 0.014494722 0.998866737
1341846335.741982 -0.075086124 0.011126016 0.116013817 0.045095477 0.005513083 0.013709057 0.998873413
1341846335.773960 -0.079968214 0.016432449 0.105156377 0.045482744 0.006361788 0.013258375 0.998856902
1341846335.806271 -0.081933863 0.020861194 0.095138393 0.043823015 0.005841732 0.013152275 0.998935640
1341846335.842031 -0.078828573 0.015407857 0.085660659 0.041434675 0.006334919 0.013638637 0.999028027
1341846335.873966 -0.080116063 0.016628951 0.073689081 0.042619217 0.007889426 0.012768118 0.998978615
1341846335.910005 -0.087090172 0.021992207 0.060432680 0.042398542 0.008081403 0.014840428 0.998957872
1341846335.941936 -0.090314299 0.018774208 0.048687659 0.040984608 0.006370154 0.015571836 0.999018133
1341846335.974198 -0.090165429 0.017643642 0.038465220 0.040792372 0.005562321 0.013437445 0.999061823
1341846336.010032 -0.093760505 0.020183194 0.029710412 0.040655252 0.005633058 0.012086133 0.999084234
1341846336.042129 -0.099468209 0.019925660 0.017375585 0.039771695 0.004485918 0.012526600 0.999120235
1341846336.078076 -0.100141935 0.017694140 0.009474806 0.039620019 0.002561976 0.011745390 0.999142528
1341846336.110739 -0.100594141 0.020019699 0.004241148 0.040422011 0.002325031 0.009945234 0.999130487
1341846336.142002 -0.107569367 0.018137451 -0.009856894 0.039981481 0.002512562 0.011171369 0.999134839
1341846336.183953 -0.111953907 0.022510123 -0.019291561 0.039932620 0.000028121 0.012091395 0.999129236
1341846336.241891 -0.108850658 0.023897462 -0.028117105 0.038103245 -0.001097691 0.011767454 0.999203920
1341846336.277946 -0.118953608 0.017767550 -0.031647615 0.038162079 -0.000230093 0.013656870 0.999178171
1341846336.309977 -0.119529396 0.017557418 -0.045776810 0.040809080 -0.002834541 0.016498540 0.999026716
1341846336.346143 -0.121578902 0.023074333 -0.052952919 0.043022852 -0.004019422 0.017125765 0.998919189
1341846336.377975 -0.119466506 0.020427339 -0.063240893 0.043420639 -0.004150170 0.016639821 0.998909712
1341846336.410032 -0.124373324 0.024212040 -0.076927252 0.044601209 -0.003034261 0.016595557 0.998862445
1341846336.446041 -0.125815645 0.028361805 -0.086673640 0.044380501 -0.003656881 0.016638765 0.998869419
1341846336.477990 -0.125684097 0.026216067 -0.090144873 0.043141890 -0.003782393 0.016443584 0.998926461
1341846336.510056 -0.127921745 0.023353823 -0.091715746 0.043329485 -0.003178140 0.016905537 0.998912752
1341846336.546024 -0.128701612 0.023461916 -0.105230212 0.044270840 -0.003038023 0.018695442 0.998839974
1341846336.578003 -0.131369889 0.032428820 -0.109261401 0.044525456 -0.003507025 0.020712290 0.998787344
1341846336.614020 -0.127664566 0.032412939 -0.111896999 0.043873519 -0.003130166 0.019736107 0.998837233
1341846336.645982 -0.134199277 0.037519719 -0.121146642 0.043024123 -0.001449569 0.019183526 0.998888791
1341846336.678036 -0.140335575 0.030488182 -0.128150523 0.040640596 -0.003153246 0.019991711 0.998968840
1341846336.714024 -0.144697830 0.024829471 -0.119054079 0.042205490 -0.005088767 0.018913558 0.998916984
1341846336.746016 -0.145153195 0.019847149 -0.145284861 0.045537893 -0.007122648 0.021149075 0.998713315
1341846336.778014 -0.145870104 0.028304165 -0.156368658 0.048374843 -0.011259138 0.025081623 0.998450816
1341846336.820006 -0.150249705 0.035550188 -0.149956584 0.049679369 -0.014725517 0.026559034 0.998303413
1341846336.882056 -0.153311610 0.033133049 -0.165469185 0.052185889 -0.016891388 0.025409242 0.998171151
1341846336.914273 -0.160998136 0.021639673 -0.168844193 0.053514957 -0.021071019 0.028221752 0.997945726
1341846336.945998 -0.155479103 0.021879330 -0.175041065 0.060073145 -0.027839521 0.029670862 0.997364461
1341846336.981980 -0.159483001 0.043443542 -0.187464282 0.064499952 -0.031445775 0.027061094 0.997054994
1341846337.014238 -0.163305953 0.051205643 -0.184769064 0.062081765 -0.033950672 0.025688518 0.997162640
1341846337.046017 -0.160090506 0.044409581 -0.180819437 0.059340589 -0.035488799 0.020821631 0.997389436
1341846337.082104 -0.163497478 0.042918272 -0.193037152 0.058447603 -0.035722569 0.017871941 0.997491002
1341846337.114317 -0.167284846 0.044018831 -0.193493977 0.056651004 -0.037718814 0.017638056 0.997525334
1341846337.150037 -0.163142532 0.041641876 -0.192796186 0.054969210 -0.039896797 0.016165996 0.997559667
1341846337.181873 -0.158813089 0.042851292 -0.194779620 0.054631796 -0.040089592 0.013288409 0.997612953
1341846337.214073 -0.163416967 0.054063059 -0.199782908 0.053061452 -0.038404301 0.011327551 0.997788191
1341846337.250087 -0.172692791 0.037731089 -0.206852674 0.049164690 -0.039256841 0.012496158 0.997940660
1341846337.282028 -0.170682743 0.038541067 -0.210806295 0.050586924 -0.043663215 0.015514766 0.997644126
1341846337.317920 -0.163949445 0.046427518 -0.202426895 0.050784472 -0.045645107 0.016133610 0.997535527
1341846337.350018 -0.166212216 0.051997714 -0.214118883 0.049442708 -0.044689287 0.016022455 0.997648001
1341846337.382159 -0.164729983 0.043890674 -0.212719589 0.046177469 -0.044467997 0.014084992 0.997843564
1341846337.417941 -0.171320260 0.035202704 -0.217316061 0.046389177 -0.043379989 0.014436178 0.997876644
1341846337.450137 -0.173225403 0.046504676 -0.224814028 0.047645412 -0.045150571 0.015321099 0.997725725
1341846337.482096 -0.168471083 0.042968795 -0.221557572 0.045933492 -0.045712430 0.016413840 0.997763038
1341846337.518008 -0.168917894 0.036176313 -0.220159590 0.046591945 -0.046266958 0.016485961 0.997705758
1341846337.549978 -0.171959713 0.049664374 -0.225652218 0.047713198 -0.046881080 0.014860210 0.997649610
1341846337.585971 -0.171678767 0.045401052 -0.226634666 0.044596467 -0.047108695 0.014073445 0.997794449
1341846337.617903 -0.167564780 0.025685260 -0.220202461 0.044790380 -0.048023324 0.014370489 0.997738004
1341846337.650141 -0.166975498 0.042135794 -0.226269811 0.048207052 -0.048350878 0.013763721 0.997571468
1341846337.686352 -0.168847755 0.049417142 -0.227089569 0.046800576 -0.047892887 0.013955859 0.997657835
1341846337.718002 -0.163422018 0.044581018 -0.221132711 0.044740513 -0.047736030 0.014197678 0.997756481
1341846337.749920 -0.157389864 0.047673002 -0.213817894 0.044437569 -0.046285793 0.013936922 0.997842014
1341846337.786157 -0.161121964 0.052931510 -0.213915795 0.041642945 -0.043165483 0.013446243 0.998109102
1341846337.817945 -0.155053914 0.046313919 -0.207064465 0.038874365 -0.041635111 0.015324974 0.998258710
1341846337.854071 -0.153749853 0.052436132 -0.202741519 0.038100008 -0.038387068 0.014771446 0.998427033
1341846337.885951 -0.160654515 0.057218783 -0.201176032 0.035088491 -0.035381626 0.013056261 0.998672366
1341846337.918223 -0.156979084 0.057706773 -0.194046989 0.030952882 -0.034359124 0.010166829 0.998878360
1341846337.954120 -0.154312164 0.052996419 -0.188199028 0.028352942 -0.033051245 0.009671027 0.999004602
1341846337.985994 -0.155336559 0.064541034 -0.177824154 0.026353203 -0.032020144 0.009460098 0.999094963
1341846338.018107 -0.151572317 0.056999117 -0.174126089 0.022239452 -0.030616609 0.011706680 0.999215186
1341846338.054055 -0.148581237 0.061957434 -0.167311117 0.020136174 -0.029497566 0.010511884 0.999306738
1341846338.085986 -0.139482990 0.059992775 -0.161402702 0.016398307 -0.026684240 0.010415959 0.999455154
1341846338.121875 -0.142566368 0.054685414 -0.152175382 0.014201024 -0.024208823 0.011988461 0.999534190
1341846338.154089 -0.145660207 0.054751877 -0.148971498 0.013454974 -0.023305485 0.015351526 0.999519944
1341846338.186029 -0.144952491 0.055995692 -0.138221487 0.012354976 -0.023656856 0.017352149 0.999493182
1341846338.222071 -0.136810094 0.062428929 -0.132016763 0.011457904 -0.023053829 0.016797690 0.999527454
1341846338.254107 -0.140459239 0.059841417 -0.120764159 0.009660694 -0.020734550 0.016846905 0.999596417
1341846338.290130 -0.137342736 0.057236195 -0.110387765 0.009973113 -0.021060215 0.019221932 0.999543667
1341846338.321952 -0.135215834 0.061434828 -0.102517232 0.010230095 -0.020345801 0.021491017 0.999509633
1341846338.354022 -0.129899934 0.058617055 -0.089915827 0.009354957 -0.020232348 0.021922302 0.999511123
1341846338.389969 -0.132447809 0.068540551 -0.083966658 0.009533592 -0.018970633 0.022069253 0.999531031
1341846338.422377 -0.131824166 0.064499117 -0.072466001 0.007564125 -0.018527059 0.021895230 0.999559999
1341846338.454010 -0.132422730 0.069134347 -0.066752203 0.006910222 -0.018728990 0.020993628 0.999580324
1341846338.489894 -0.128671631 0.065653577 -0.052590337 0.004971746 -0.019511145 0.021344569 0.999569416
1341846338.522066 -0.125061616 0.060839280 -0.040372208 0.005321713 -0.019336149 0.020908337 0.999580204
1341846338.558058 -0.128085226 0.071264200 -0.034129567 0.005417987 -0.018993275 0.019932030 0.999606252
1341846338.589842 -0.121392295 0.067823879 -0.021827333 0.002858472 -0.019817166 0.020081200 0.999597847
1341846338.622019 -0.117440045 0.063198663 -0.009391984 0.003380083 -0.018897640 0.021412665 0.999586403
1341846338.657984 -0.122814514 0.071829408 -0.005384548 0.004287662 -0.018540598 0.023142861 0.999550998
1341846338.690198 -0.116464645 0.074448191 0.003029888 0.002259343 -0.019678863 0.022365563 0.999553621
1341846338.722454 -0.109031864 0.067052037 0.020609643 0.001009407 -0.019198610 0.023011409 0.999550343
1341846338.757945 -0.116299771 0.075585730 0.022249714 0.001827525 -0.018450907 0.024630319 0.999524713
1341846338.790039 -0.112990730 0.074758030 0.034887422 -0.000294242 -0.020745492 0.025044763 0.999471009
1341846338.826048 -0.101086788 0.071868256 0.048711635 -0.000268964 -0.020809317 0.023864005 0.999498546
1341846338.858027 -0.108552493 0.077283457 0.052000996 -0.000075704 -0.018357256 0.022477772 0.999578774
1341846338.889902 -0.105615810 0.077401042 0.065509796 -0.002589335 -0.019526759 0.022236509 0.999558687
1341846338.925948 -0.096117944 0.075251982 0.078702316 -0.003334660 -0.019615181 0.020259300 0.999596775
1341846338.958108 -0.097068436 0.075549021 0.090238556 -0.003072422 -0.017305588 0.019653572 0.999652326
1341846338.990057 -0.095187202 0.075645320 0.101411432 -0.002655569 -0.017391862 0.020362740 0.999637842
1341846339.025928 -0.089462027 0.074353494 0.117113419 -0.000599642 -0.016835885 0.020668995 0.999644399
1341846339.057939 -0.087757930 0.079735070 0.120839529 0.002353903 -0.014368381 0.020876877 0.999676049
1341846339.093927 -0.093699321 0.085661545 0.129257023 0.001403372 -0.014351232 0.021901304 0.999656141
1341846339.126562 -0.086161152 0.089797296 0.138855755 -0.001360405 -0.015801162 0.020501914 0.999664009
1341846339.157969 -0.079906784 0.088520624 0.153185531 -0.003991718 -0.013601268 0.018712362 0.999724388
1341846339.194113 -0.085211001 0.091131292 0.158439815 -0.005916862 -0.011951675 0.020043185 0.999710143
1341846339.228165 -0.081525207 0.097014144 0.168328270 -0.008984966 -0.014307966 0.022706740 0.999599397
1341846339.257998 -0.070451587 0.090476498 0.186577886 -0.012432368 -0.014492270 0.023223378 0.999547958
1341846339.294132 -0.071854763 0.097090103 0.194270417 -0.011752279 -0.011788114 0.023928180 0.999575078
1341846339.326577 -0.078310318 0.111494079 0.190155417 -0.014183338 -0.012655027 0.026244681 0.999474823
1341846339.362269 -0.063826390 0.102094822 0.213952795 -0.019636659 -0.016442904 0.025328875 0.999351025
1341846339.394725 -0.060164820 0.104243226 0.220913604 -0.020205766 -0.014428032 0.024338702 0.999395430
1341846339.462186 -0.053549115 0.100338973 0.241591647 -0.024096973 -0.015721900 0.023698289 0.999305010
1341846339.496743 -0.040821496 0.101600468 0.255819142 -0.021189710 -0.013094243 0.022350436 0.999439836
1341846339.562052 -0.048169214 0.097882904 0.269601345 -0.020353818 -0.008759880 0.024074521 0.999464571
1341846339.595122 -0.037346490 0.100396596 0.278889388 -0.018020434 -0.008922927 0.023362255 0.999524832
1341846339.632085 -0.033873256 0.103414722 0.286727846 -0.016399978 -0.005339527 0.021130646 0.999627948
1341846339.664568 -0.033490404 0.101337187 0.295584530 -0.016393708 -0.002581185 0.019118413 0.999679506
1341846339.698896 -0.033605043 0.099692665 0.305402815 -0.016595865 -0.001198421 0.017962333 0.999700189
1341846339.731977 -0.028624071 0.099699795 0.312324733 -0.016377253 -0.001218318 0.016328715 0.999731779
1341846339.762241 -0.023766618 0.095794536 0.321032792 -0.016676733 -0.000162015 0.016708309 0.999721289
1341846339.797873 -0.022360181 0.096208073 0.328092664 -0.016558336 0.000235140 0.017946512 0.999701798
1341846339.830245 -0.018668454 0.094831057 0.336438954 -0.016805228 -0.000386586 0.018336307 0.999690592
1341846339.862015 -0.016306262 0.095543757 0.340799332 -0.017242678 -0.000309448 0.017791603 0.999692976
1341846339.897797 -0.010686983 0.094334975 0.349171102 -0.018413911 0.000350190 0.017605308 0.999675393
1341846339.929916 -0.009480052 0.089290045 0.358703196 -0.019265847 0.001462091 0.019561535 0.999621928
1341846339.961960 -0.006981575 0.086814240 0.365061462 -0.018125203 0.000838212 0.020445745 0.999626279
1341846339.997845 -0.000526901 0.087992676 0.369005293 -0.016632209 0.001679640 0.020319015 0.999653757
1341846340.029925 0.001233277 0.087485790 0.378859758 -0.015636412 0.004008001 0.021857273 0.999630749
1341846340.066044 0.004646351 0.086564593 0.383543700 -0.013717373 0.005085559 0.023268057 0.999622226
1341846340.098009 0.004903082 0.089347973 0.387609929 -0.012667713 0.005777763 0.023539839 0.999625921
1341846340.130102 0.007713004 0.089404792 0.392888010 -0.013235671 0.005622232 0.022425197 0.999645114
1341846340.166041 0.014547283 0.085777268 0.400902629 -0.012546359 0.007365945 0.020444073 0.999685168
1341846340.197867 0.012228357 0.088113680 0.408082873 -0.011336997 0.010203639 0.020523142 0.999673009
1341846340.229904 0.013318312 0.091229208 0.413622677 -0.012351073 0.010011381 0.020200925 0.999669492
1341846340.265859 0.018710840 0.083942786 0.419772983 -0.013716532 0.010793650 0.019404067 0.999659359
1341846340.298061 0.021027673 0.086466402 0.427309126 -0.011275468 0.013061208 0.020328753 0.999644458
1341846340.334063 0.013958275 0.094338819 0.433422178 -0.011365721 0.013157893 0.022375263 0.999598444
1341846340.366064 0.022911102 0.086908720 0.442209244 -0.013921639 0.010329296 0.021426799 0.999620140
1341846340.397995 0.028553102 0.085747734 0.444921374 -0.012051311 0.010396097 0.021081589 0.999651074
1341846340.433895 0.027024159 0.086802453 0.451426595 -0.011348672 0.010664811 0.022081533 0.999634862
1341846340.465959 0.026304409 0.088130496 0.455074251 -0.010544308 0.008412336 0.023875656 0.999623954
1341846340.501858 0.034169719 0.086556278 0.450822413 -0.010132093 0.004221073 0.024208201 0.999646664
1341846340.534329 0.037154134 0.087996922 0.449493289 -0.009388221 0.002946850 0.023457436 0.999676406
1341846340.566041 0.041319583 0.086797468 0.449544042 -0.008194246 0.001617929 0.024307566 0.999669611
1341846340.601909 0.047475822 0.084017076 0.451712519 -0.006133241 0.000753634 0.024633696 0.999677479
1341846340.634005 0.048795216 0.090272054 0.447889060 -0.004544295 0.000367954 0.023240261 0.999719501
1341846340.666028 0.052761137 0.085725948 0.444229394 -0.005298073 0.000648083 0.020858467 0.999768198
1341846340.701946 0.056147508 0.083146840 0.445065647 -0.003605020 0.001762821 0.018897634 0.999813378
1341846340.733954 0.059484027 0.087424800 0.440697819 -0.002131859 0.003310881 0.017291168 0.999842763
1341846340.770081 0.061078612 0.089223705 0.437349916 -0.002783414 0.003412078 0.014942870 0.999878645
1341846340.801980 0.064831927 0.084928855 0.435361236 -0.003197618 0.004219686 0.009187751 0.999943793
1341846340.833999 0.067142509 0.089432843 0.433846056 -0.002981761 0.006206105 0.005605506 0.999960601
1341846340.870013 0.060824223 0.089851692 0.439325005 -0.004171790 0.006963202 0.003993335 0.999959052
1341846340.901955 0.064102456 0.086536177 0.439351082 -0.003434547 0.006232177 0.003469803 0.999968648
1341846340.933918 0.063437238 0.087074816 0.435136586 -0.001539997 0.005765601 0.006748615 0.999959409
1341846340.970122 0.061733589 0.088248335 0.427359372 -0.000237710 0.003039787 0.011766845 0.999926150
1341846341.001922 0.060870994 0.084057719 0.433772564 0.000783974 -0.000800049 0.016284814 0.999866784
1341846341.037923 0.062269878 0.086607158 0.428396046 0.002229211 -0.003380813 0.019303104 0.999805450
1341846341.070300 0.062697247 0.086038709 0.423538357 0.002624694 -0.004118306 0.019155849 0.999804556
1341846341.102028 0.060965490 0.083656028 0.418515980 0.002230294 -0.005186379 0.019115422 0.999801338
1341846341.137982 0.064617582 0.084481440 0.417019665 0.002483993 -0.007774783 0.019744642 0.999771714
1341846341.170048 0.065782994 0.083943553 0.415167540 0.003019139 -0.008309174 0.020828523 0.999743938
1341846341.202110 0.064376451 0.080896497 0.409372956 0.004082542 -0.008341224 0.022619188 0.999701023
1341846341.237996 0.065139584 0.081863277 0.409859300 0.005989982 -0.008080074 0.023051834 0.999683678
1341846341.269883 0.064096011 0.082112044 0.406445742 0.007005845 -0.007587246 0.023539623 0.999669552
1341846341.306107 0.062373228 0.082610585 0.403788835 0.007685423 -0.008056547 0.022704199 0.999680221
1341846341.338109 0.065128826 0.082033135 0.400158435 0.008487685 -0.007902266 0.020911409 0.999714077
1341846341.370120 0.066522345 0.081831656 0.400306493 0.009048078 -0.006799809 0.018196091 0.999770403
1341846341.406074 0.058531895 0.080770984 0.401148409 0.009110960 -0.005527603 0.017283397 0.999793828
1341846341.438113 0.057976861 0.076196648 0.399716854 0.009806757 -0.007328523 0.017614825 0.999769866
1341846341.470024 0.062407311 0.078894474 0.396904379 0.012970498 -0.007962670 0.015628682 0.999761999
1341846341.506077 0.059414640 0.086412333 0.395385742 0.013551848 -0.006919860 0.014814898 0.999774456
1341846341.538156 0.054139823 0.080647126 0.393941015 0.011976644 -0.008076745 0.015319542 0.999778330
1341846341.574016 0.059438087 0.081196323 0.393175393 0.013112003 -0.010957188 0.016051274 0.999725163
1341846341.612466 0.056422502 0.083957396 0.390104413 0.013810629 -0.011182039 0.016413361 0.999707401
1341846341.643972 0.054790251 0.085202195 0.390863150 0.013045235 -0.012386490 0.015539562 0.999717414
1341846341.679982 0.053097799 0.081651472 0.387686759 0.012485148 -0.013715373 0.015788941 0.999703348
1341846341.712332 0.051149547 0.082831226 0.384532392 0.013269210 -0.015810737 0.018652968 0.999612927
1341846341.744185 0.053985409 0.082101420 0.388088524 0.013576725 -0.018369030 0.021374032 0.999510586
1341846341.780061 0.053114917 0.085201450 0.382252961 0.014322118 -0.018591791 0.022450233 0.999472499
1341846341.842595 0.057663038 0.076885328 0.375750870 0.015834881 -0.019677959 0.026943875 0.999317825
1341846341.906227 0.059664045 0.075102605 0.375205576 0.019203197 -0.020716632 0.032568153 0.999070287
1341846341.942069 0.057938632 0.069628678 0.368710130 0.022024885 -0.020167822 0.033646289 0.998987556
1341846341.974775 0.059487812 0.071579501 0.366281271 0.025576588 -0.020501990 0.035628799 0.998827338
1341846342.010161 0.054769255 0.072258927 0.367835850 0.026419455 -0.021346031 0.037632883 0.998714268
1341846342.042024 0.064815082 0.064880982 0.364614695 0.027453579 -0.023069203 0.037687968 0.998645961
1341846342.080032 0.064401478 0.069273204 0.362315089 0.029835293 -0.020602653 0.037624549 0.998633981
1341846342.112265 0.059594058 0.063911989 0.356372684 0.029551312 -0.019437648 0.039596215 0.998589516
1341846342.147954 0.060089082 0.060169216 0.361344904 0.031797167 -0.020829599 0.042219475 0.998385012
1341846342.179852 0.065549001 0.063989490 0.355468899 0.034970962 -0.020711152 0.043102745 0.998243570
1341846342.211848 0.063009188 0.064185500 0.359379232 0.035629854 -0.019800762 0.043034405 0.998241723
1341846342.247920 0.062584117 0.061184615 0.357213050 0.036524992 -0.019413857 0.041565884 0.998279154
1341846342.279870 0.063494772 0.060524657 0.358385056 0.037971430 -0.019079562 0.042201258 0.998205006
1341846342.316068 0.064802773 0.060807291 0.352849931 0.039185815 -0.019080298 0.043340307 0.998109221
1341846342.347894 0.064662054 0.064527363 0.351925373 0.039918721 -0.018945945 0.043185215 0.998089492
1341846342.379953 0.065324232 0.062118623 0.350564599 0.039744448 -0.018286768 0.042962912 0.998118281
1341846342.416195 0.064912282 0.063762009 0.352464616 0.040566027 -0.018176582 0.044550613 0.998017609
